Eigvals	10
0.609236998216	0.374145161026	0.185167823696	0.0680495742178	0.0215451732118	0.0145570879706	0.00341670578019	0.000622608720662	0.0	0.0

Proportion explained	10
0.477181303669	0.293047001779	0.14503161129	0.053299429671	0.0168751304846	0.0114017537277	0.00267611475209	0.000487654626806	0.0	0.0

Species	0	0

Site	10	10
MCT.f.0447	-0.290315009445	-0.169925152005	-0.337262476841	0.0551164403925	-0.00723767333433	0.00813296572531	-0.00188470242677	0.00104242278612	-0.0	0.0
MCT.f.0450	-0.327613771906	-0.116878957383	0.0809438201488	-0.0996097966065	-0.0226953529913	-0.0535697424338	0.0144143146283	0.0035481605794	-0.0	0.0
MCT.f.0451	-0.318782652998	-0.047708339625	0.135886684153	-0.078597959568	0.0601107410616	0.0492157852773	-0.00929893539548	-0.00740046619058	-0.0	0.0
MCT.f.0453	-0.17946515262	0.171848363064	0.145452909549	0.1337259408	-0.00942157285424	-0.034795101582	-0.0115717744815	0.00959096907455	-0.0	0.0
MCT.f.0454	-0.0466914920687	0.273431232047	0.0136823986065	0.044056986195	-0.0778273475728	0.0385433566165	0.00243229975397	-0.0110833169414	-0.0	0.0
MCT.f.0455	0.154274207984	0.223408132507	-0.052994214034	-0.0116668647637	0.0537424327464	0.0262045149713	0.0379537129988	0.00817762593141	-0.0	0.0
MCT.f.0456	0.204931227879	0.143899081553	-0.0791924932206	-0.0243624740398	0.0567533136086	-0.0165916599849	-0.0356853941047	0.00114708878939	-0.0	0.0
MCT.f.0457	0.274429089262	0.039821084004	-0.0509651355873	-0.0630704027515	-0.0112697074592	-0.0620920022721	0.00629813553513	-0.0109113383667	-0.0	0.0
MCT.f.0458	0.279789976026	-0.162186094271	0.0338118391867	-0.0859504389294	-0.0663203056696	0.0408475248631	-0.0118635138551	0.0111527504943	-0.0	0.0
MCT.f.0459	0.249443577887	-0.35570934989	0.110636668038	0.130358569271	0.0241654724648	0.00410435881934	0.00920585734733	-0.00526389615651	-0.0	0.0

Biplot	0	0

Site constraints	0	0
