Eigvals	10
0.557590487694	0.450320323959	0.416953073817	0.334776723306	0.289549232315	0.280779350872	0.238363397518	0.184180094852	0.117945018607	0.0

Proportion explained	10
0.194251420992	0.156881017093	0.145256651366	0.11662834222	0.10087214733	0.0978169267517	0.0830402054955	0.0641640163041	0.041089272448	0.0

Species	0	0

Site	10	10
sample1	0.131847023984	-0.164299918385	-0.169833648239	-0.192799004595	0.173225230972	0.215962212358	0.00698206311767	-0.209856936478	-0.11877407927	0.0
sample2	0.256578093346	-0.0257593943425	0.241840238034	-0.0475979408281	-0.179372001612	-0.0395746732478	0.350182727978	-0.0166402245627	-0.00949185366327	0.0
sample3	0.32430574717	-0.0664840901698	-0.0261938565752	-0.0476830211097	0.039059807888	-0.0590414778708	-0.144105697259	-0.043959157404	0.261059143547	0.0
sample4	0.328501944399	0.00126755367245	0.0585292875789	0.0335951151494	-0.0233483202305	-0.149770905574	-0.215138399343	0.159552027872	-0.181956331289	0.0
sample6	-0.290892050694	-0.240616207091	-0.226616196141	0.0270493328068	-0.280609530419	-0.208364164222	-0.0397678806311	-0.104578931876	-0.0143137608878	0.0
sample8	-0.0413355233019	0.137408291441	-0.405164829859	0.0191943120383	0.145891177074	-0.0315265973747	0.184722597926	0.207803724349	0.0255593020744	0.0
sample9	-0.270839544675	0.298883816048	0.205557734948	-0.165022037058	0.197485596987	-0.234021221853	-0.01460157036	-0.101734207259	-0.00808605171644	0.0
sample11	-0.0786070545533	0.39026811327	-0.015991994979	-0.0225754358937	-0.257652861932	0.275927988566	-0.105559612705	0.000608174596724	0.012751235183	0.0
sample13	-0.303847125872	-0.315587073128	0.2410780621	-0.106014254784	0.0558249823718	0.164196478438	-0.0370261052365	0.199463658563	0.0372254414833	0.0
sample14	-0.0557115098017	-0.0150810913155	0.0967952031324	0.501852934275	0.1294959189	0.0662123607801	0.0143118765134	-0.0906581278023	-0.00397304546143	0.0

Biplot	0	0

Site constraints	0	0
