Eigvals	6
0.543557794124	0.39731179811	0.373625282484	0.254948260393	0.155848096229	0.0

Proportion explained	6
0.315052777322	0.230286800798	0.216557805255	0.147771144814	0.0903314718104	0.0

Species	0	0

Site	6	6
sample1	-0.405299157117	-0.177050119531	0.156404307118	-0.309268175102	-0.0425076356104	0.0
sample3	0.268611527636	0.311026586221	-0.101440407582	-0.122966094319	-0.240218045241	0.0
sample6	-0.429297608673	0.113292245679	-0.226449760027	0.286387604246	-0.0216953457489	0.0
sample7	0.190442610723	-0.000580118571524	-0.296809053643	-0.141569587316	0.265473460784	0.0
sample10	0.277373984672	-0.45947255763	0.0221950479435	0.163918728574	-0.091501856389	0.0
sample11	0.0981686427585	0.212783963833	0.44609986619	0.123497523918	0.130449422205	0.0

Biplot	0	0

Site constraints	0	0
