Eigvals	11
0.804841827456	0.322765188087	0.179843256376	0.0313161396604	0.020166192189	0.00746033985957	0.00366184456708	0.0	0.0	0.0	0.0

Proportion explained	11
0.587452293435	0.235585606406	0.131267200352	0.0228575819961	0.0147192596696	0.00544528578262	0.00267277235818	0.0	0.0	0.0	0.0

Species	0	0

Site	11	11
MCT.f.0617	-0.30601763474	0.193965536332	0.195245070456	-0.0686705950235	-0.00211790260787	-0.0304572543093	0.00331452963948	-0.0	0.0	0.0	0.0
MCT.f.0618	-0.326586269554	0.181243710312	0.101328197281	0.0504558870125	0.0470553226197	0.0122787916838	-0.0079499715179	-0.0	0.0	0.0	0.0
MCT.f.0619	-0.305227293093	0.0543401953746	-0.0936328881743	0.0820636879942	-0.0715909097046	0.0074641101478	0.0118603541328	-0.0	0.0	0.0	0.0
MCT.f.0620	-0.26597065721	-0.0769555173913	-0.171957264843	-0.0702105954897	0.00479438116381	0.038042104925	0.0203739850871	-0.0	0.0	0.0	0.0
MCT.f.0621	-0.177005789246	-0.174362479144	-0.123198454514	-0.0235320882039	0.00292254401011	-0.0112135595831	-0.0485572594915	-0.0	0.0	0.0	0.0
MCT.f.0622	0.0163516453844	-0.24573054585	-0.00163750209439	0.0643418302748	0.0574112720803	-0.0259963259385	0.0176591448157	-0.0	0.0	0.0	0.0
MCT.f.0623	0.125796167608	-0.237362326389	0.0867040045651	-0.0179875111489	-0.0492701907956	-0.0327252460663	0.0106070804026	-0.0	0.0	0.0	0.0
MCT.f.0624	0.226321371391	-0.121510166843	0.140847352607	-0.0492974372854	0.0239087085734	0.0403558428733	0.00315392055552	-0.0	0.0	0.0	0.0
MCT.f.0625	0.328885738586	0.0244535452713	0.117863202953	0.0630307007511	-0.0205154262026	0.0303423691213	-0.0143489322444	-0.0	0.0	0.0	0.0
MCT.f.0627	0.353307546289	0.192018577022	-0.0755349080862	-0.0311374089214	-0.0512861998044	-0.00844556674923	-0.00168493168351	-0.0	0.0	0.0	0.0
MCT.f.0628	0.330145174584	0.209899471306	-0.176026810152	0.000943530040231	0.0586884006678	-0.0196452661047	0.00557208030402	-0.0	0.0	0.0	0.0

Biplot	0	0

Site constraints	0	0
