Eigvals	11
260.959055879	135.760127203	113.583577913	75.4451731339	47.6138999129	36.5509538832	33.0632728096	25.5753192706	24.3269927658	14.4153941652	0.0

Proportion explained	11
0.340103187493	0.176933702649	0.148031409621	0.0983263208761	0.0620543290779	0.0476361928876	0.0430907616279	0.0333318480779	0.0317049268665	0.0187873208234	0.0

Species	0	0

Site	11	11
sample1	-1.750227483	0.569459806343	4.63422989201	-1.9030410169	2.08470800376	2.31058103266	1.06749139294	-2.31103705754	1.86325405837	-0.705602384874	-0.0
sample2	-0.718982180908	-0.887777633709	-4.64342847172	-6.6538729109	1.18824378481	-1.10114857584	0.305147597662	0.870423758615	0.531961956753	0.505681821143	-0.0
sample3	-5.8366560394	2.56537696413	-1.10845480792	1.11873056185	2.66875047448	2.26207092588	-0.719035335917	1.50187919786	-2.61081309728	-0.647192932995	-0.0
sample4	-6.02411255752	5.6980750691	-2.83865129739	2.5289043302	-2.0390992687	-0.178924763593	1.42324804702	-0.337375158807	1.50315086593	1.36029045531	-0.0
sample5	2.10145183486	3.59697377325	-0.43005124575	-0.126692605818	-1.89608831228	-1.30695894577	-2.75777787634	0.176241559859	0.982282749623	-2.40693260759	-0.0
sample6	1.94212684682	2.78509996723	5.1459497465	-2.10774812723	-1.63239636594	-1.4709059024	-0.596262224858	-0.977548253606	-2.50236103599	1.34128081438	-0.0
sample9	5.52166198058	-1.70475993958	1.39007688651	1.33113919091	0.430842354546	1.90776670706	-2.5042502367	1.8504039729	1.58940082603	1.6957588912	-0.0
sample10	6.80782290715	-0.652987621718	-3.94865575399	2.98619379643	2.85826684429	-1.43975016677	0.042835139788	-2.3990961868	-0.648420871472	0.178102611369	-0.0
sample11	0.753095646087	-5.34614843325	-2.66518170027	-0.151378224906	-3.97362260773	2.63392325254	0.604840227828	-1.01247486847	-1.08367717483	-0.4279491787	-0.0
sample12	5.58484268674	-0.06701115484	2.20105735933	1.10270092474	-0.0925743048058	-0.862584049303	3.77798245689	2.42265947946	-0.010378209932	-0.840814665157	-0.0
sample13	-8.38102364141	-6.55630079697	2.26310939269	1.87506408161	0.402969397587	-2.75406951446	-0.644219188312	0.215923556537	0.3855999328	-0.0526228240777	-0.0

Biplot	0	0

Site constraints	0	0
