Eigvals	14
400.687139059	140.387163375	88.6096534058	73.4655959988	65.4301725752	43.6174250848	39.1065700901	28.664883957	27.8651136198	23.9526660785	22.7190650216	20.5522046895	15.3950454148	0.0

Proportion explained	14
0.404549495113	0.141740401744	0.0894637912053	0.0741737552128	0.0660608756812	0.0440378678927	0.0394835312725	0.0289411942682	0.0281337146798	0.0241835537607	0.0229380616147	0.0207503141981	0.0155434433568	0.0

Species	0	0

Site	14	14
MCT.f.0512	-3.39663451537	1.07826279174	6.22136601147	-0.516494947343	1.81112310767	-1.38662518262	2.61871425427	1.04624010379	-1.15305368024	-1.24217003645	0.493755790543	0.634993328306	-0.112140601104	0.0
MCT.f.0513	2.98581056247	4.36105008551	2.32130628435	-1.5807095069	-0.913527401227	1.81767884679	-1.40014416039	1.85648936832	1.04512892003	1.72662834163	-1.877747457	0.683017927967	-1.0788087321	0.0
MCT.f.0514	-5.52469847048	2.05388567154	2.96835732607	-0.0864549297343	-1.78431755484	2.2314333647	-0.838745627434	-2.65286539517	-0.00535774609039	0.74900619528	0.532816916346	-0.951347895376	1.82578243788	0.0
MCT.f.0515	10.6788601996	-1.18153506254	1.08187966888	-1.82463683045	-0.314409888488	-3.77384055804	-1.00273150216	-1.2376829467	-0.308380415665	0.0759170095814	-1.27466066525	-1.1643742377	0.646847036546	0.0
MCT.f.0516	5.35694077385	2.70018964074	-0.875641386903	2.7994713225	1.04775248398	0.441215989549	1.40596089514	-3.01525682863	0.135812616006	0.202301775201	0.641636536451	0.748491934287	-1.97345973019	0.0
MCT.f.0517	6.28801994222	2.99300831454	-1.15296011839	1.54133811336	-2.68081421567	-0.202372586843	0.516561520687	1.99334688012	1.625010615	-0.966043642483	2.49057649092	-0.666868046479	0.724870760919	0.0
MCT.f.0519	-5.19199371391	-1.51566673187	-1.46038551539	3.46198492662	-4.86273342091	-0.946501476043	1.12135986754	0.436649889817	-1.40242180996	-0.228603361432	-1.89998069889	0.204770486277	-0.224754035497	0.0
MCT.f.0520	-7.09471799371	0.02077906676	-1.36648994609	-2.42403465538	-0.587294738198	-1.77541289045	-2.19743892097	0.278485100817	-1.4781931022	1.03682218181	2.09977199528	-0.662728408961	-1.56669658843	0.0
MCT.f.0522	0.0773996580771	4.86171763899	-4.23197019611	0.269188962841	3.34946334127	0.179610748988	-0.00488506754632	0.702088834899	-2.26539029269	0.195721454994	-0.552563569965	0.587618060523	1.52808537552	0.0
MCT.f.0523	1.78949384324	-3.27020185249	0.864623766591	1.62060023635	1.07835709716	1.8431773081	-3.6293673489	0.176915277802	-0.540503572533	-2.83561407463	-0.142178050421	0.528630650404	-0.303166795742	0.0
MCT.f.0524	-4.55337156971	-2.86616486924	-0.470890323066	1.1248125433	1.22788526156	-2.10028758632	-0.763425600026	-0.193415973335	2.60021211218	1.13189346638	0.261093346779	2.51002341509	0.899271801478	0.0
MCT.f.0525	-6.42237044719	0.980541309026	-2.72636508865	-3.20749514544	0.904090067965	0.161947497163	1.31434093025	-0.525218558862	2.31299809678	-2.03734248541	-1.26640012694	-1.26495323875	-0.468132656527	0.0
MCT.f.0526	0.0114310518628	-4.68624402949	0.261636996612	2.90005387732	3.04893731064	1.09961640638	0.847698680351	1.17539330815	0.365880569813	1.74688441787	-0.132273037164	-2.42471209402	-0.150950246833	0.0
MCT.f.0527	4.9958306791	-5.52962197323	-1.43446747936	-4.07762396704	-1.32451145089	2.41036011864	2.01210207918	-0.0411690610193	-0.931742310433	0.444598757669	0.62615252931	1.23743811843	0.253251974082	0.0

Biplot	0	0

Site constraints	0	0
