Eigvals	10
0.686634668833	0.456823470577	0.306519289747	0.192734754758	0.0856095137082	0.0238378651412	0.00947622581906	0.0	0.0	0.0

Proportion explained	10
0.389771071457	0.259317773593	0.173996970164	0.109406698029	0.0485966022392	0.0135316648854	0.00537921963239	0.0	0.0	0.0

Species	0	0

Site	10	10
MCT.f.0242	-0.338741110044	0.038329113659	0.244702251696	-0.130823962874	0.16637001605	-0.0205551869547	-0.00017482502215	0.0	0.0	0.0
MCT.f.0243	-0.39705455552	0.0140953258251	0.126615059821	0.034467759371	-0.0751447229657	0.0209757852657	-0.0307853166313	0.0	0.0	0.0
MCT.f.0244	-0.314868401469	-0.0234972333885	-0.111703032791	0.0986063590466	-0.060973422025	0.0261447275054	0.0729417091275	0.0	0.0	0.0
MCT.f.0245	-0.200589565669	-0.0222737486261	-0.289160128619	0.0783131967746	-0.0398313667508	-0.0194945538918	-0.051434595655	0.0	0.0	0.0
MCT.f.0247	0.11820814553	0.129210637474	-0.322153746707	-0.204354157022	0.0955842265725	-0.0116088875432	0.0102322247034	0.0	0.0	0.0
MCT.f.0249	0.247078664973	0.296848691075	0.102022689556	-0.113723414639	-0.0846458775303	0.0753488726857	-0.0011719266978	0.0	0.0	0.0
MCT.f.0250	0.229613971321	0.315283345541	0.102436938711	0.104777545741	-0.046879844642	-0.0610260881963	-0.00330913363934	0.0	0.0	0.0
MCT.f.0252	0.250563494134	-0.0439171295086	0.033053914492	0.270783463285	0.120052873601	-0.0107380588278	0.0070975401339	0.0	0.0	0.0
MCT.f.0254	0.234520231684	-0.359002780587	0.0237703916191	0.00186925480088	0.0378683523509	0.078769794119	-0.0156492966812	0.0	0.0	0.0
MCT.f.0255	0.171269125061	-0.345076221464	0.0904156622227	-0.139916044483	-0.112400234661	-0.077816404162	0.012253620362	0.0	0.0	0.0

Biplot	0	0

Site constraints	0	0
