Eigvals	12
0.928748479909	0.499702846698	0.307511066144	0.0672030370071	0.0330711932963	0.0155959821132	0.00954940373904	0.0	0.0	0.0	0.0	0.0

Proportion explained	12
0.498956407371	0.268457976013	0.165205779723	0.0361038393439	0.0177670102849	0.00837871110744	0.00513027615683	0.0	0.0	0.0	0.0	0.0

Species	0	0

Site	12	12
MCT.f.0396	-0.309974617003	0.0893382169811	0.296716144324	-0.108359981914	-0.00614579130809	-0.0426045981493	-0.00815120137865	0.0	0.0	0.0	0.0	0.0
MCT.f.0397	-0.310024900542	0.170994087858	0.168804339714	0.0215839355577	0.0411362410028	0.054046720914	-0.0172331705982	0.0	0.0	0.0	0.0	0.0
MCT.f.0398	-0.315154849029	0.133962378819	-0.000144388467159	0.0958287722531	-0.0781909860463	-0.0133444927475	0.0269408728963	0.0	0.0	0.0	0.0	0.0
MCT.f.0399	-0.324065941189	-0.0169078865549	-0.180391639703	0.0154426693857	0.0241195154441	-0.0017837010282	-0.0252098534192	0.0	0.0	0.0	0.0	0.0
MCT.f.0400	-0.271644730366	-0.0533209800012	-0.216241403309	0.0204806156699	0.0374260896443	0.00921351295006	0.0387284893312	0.0	0.0	0.0	0.0	0.0
MCT.f.0402	-0.0356142807308	-0.316198063149	-0.162673256861	-0.0117585883476	-0.0682220029714	-0.0221382135434	-0.0208891590689	0.0	0.0	0.0	0.0	0.0
MCT.f.0403	0.0640127537602	-0.38004145757	0.023764665319	-0.077749258834	0.0734410767294	0.0125514721758	-0.00517701089197	0.0	0.0	0.0	0.0	0.0
MCT.f.0404	0.280561284073	-0.234380131987	0.221939036909	0.021427628025	-0.0472501205424	-0.00346493735258	0.0391489764251	0.0	0.0	0.0	0.0	0.0
MCT.f.0405	0.312201443331	-0.0331095374421	0.0906416841929	0.116734772384	-0.00649140255565	0.0536509066175	-0.0282404433049	0.0	0.0	0.0	0.0	0.0
MCT.f.0406	0.323217778223	0.158647592637	-0.0168223092749	0.0841970077688	0.0606066396713	-0.080037912912	-0.0231404128771	0.0	0.0	0.0	0.0	0.0
MCT.f.0407	0.307622511871	0.233177555082	-0.0859178143827	-0.0574147459902	0.0430359429799	0.0108516408666	0.0485321979538	0.0	0.0	0.0	0.0	0.0
MCT.f.0408	0.278863547601	0.247838225327	-0.139675058461	-0.120412825958	-0.0734652020481	0.0230596022091	-0.0253092850675	0.0	0.0	0.0	0.0	0.0

Biplot	0	0

Site constraints	0	0
