Eigvals	9
146.32533717	95.5961021284	61.1938007648	55.6584242667	43.1884590526	39.4915583853	25.8036184987	23.2670161658	0.0

Proportion explained	9
0.29830394186	0.1948855519	0.124751819053	0.113467207236	0.0880455007138	0.0805088699222	0.0526041577028	0.0474329516119	0.0

Species	0	0

Site	9	9
MCT.f.0038	-2.92591276445	0.0887402824422	5.49978866748	1.4869546814	0.687742308861	-2.92351294223	0.809302392966	1.0063067357	-0.0
MCT.f.0039	7.91539630578	-1.14439710333	3.09438793879	-3.42209316867	0.422273582899	1.41369313265	-0.635476012433	-0.476217389316	-0.0
MCT.f.0042	-4.49035495553	-0.107707255469	-1.79492480013	-2.27151195272	4.41725386089	0.691280989823	-1.49558731478	1.1316597529	-0.0
MCT.f.0043	-2.40735704225	1.82000781861	-1.63611061856	-3.00072138471	-1.2880340605	-2.68172161029	0.526122826037	-2.96509003265	-0.0
MCT.f.0044	-0.787596781604	-7.81406216118	-1.84488899084	0.208142958693	-1.01407077434	0.351093784442	1.98673217931	0.473291891179	-0.0
MCT.f.0045	3.4905296094	2.89070881585	-2.79970704593	-0.211931134742	-2.25782788442	-1.83768910913	-0.475017564859	2.96177676692	-0.0
MCT.f.0048	-5.15029160307	1.98802493078	1.4710323985	0.0087873019743	-3.239447764	3.84226894087	-0.585165682052	0.138545658968	-0.0
MCT.f.0049	1.76728288267	-1.59838877626	-0.786036521453	4.48072351381	0.0957190050249	-0.513561965143	-3.04098037353	-1.5610327298	-0.0
MCT.f.0050	2.58830434905	3.87707344855	-1.20354102787	2.72164918496	2.17639172559	1.65814877901	2.91006954934	-0.709240653889	-0.0

Biplot	0	0

Site constraints	0	0
