Eigvals	15
0.674180086049	0.504551763316	0.422299411451	0.383027704909	0.363098157695	0.298558004852	0.280759006463	0.230063943665	0.198008303721	0.167083594078	0.146623899157	0.104606447555	0.0698300219567	0.0113806874518	0.0

Proportion explained	15
0.174926741203	0.130913976179	0.109572295868	0.0993826272783	0.0942115894207	0.0774656207289	0.0728473876348	0.0596937476594	0.0513764022667	0.0433524947197	0.0380439016114	0.0271418058147	0.0181185093298	0.00295290028554	0.0

Species	0	0

Site	15	15
MCT.f.0511	-0.0801353335452	0.0683006684107	-0.138952183591	-0.185639958723	0.0188610509026	0.310842015964	-0.0137447489276	0.155241188015	-0.136626520242	0.0559752604288	-0.163469894231	-0.0200539105854	0.0583116196822	0.00340325612144	0.0
MCT.f.0512	0.0416346035291	0.0341237665452	0.0353525141446	-0.127681154228	-0.216702565252	-0.0931551979432	-0.1928958025	0.148890151345	-0.0758991135852	-0.0811898306935	0.000268385531061	0.097036180495	-0.15206523761	0.00822537521635	0.0
MCT.f.0513	-0.0982806014854	0.0288141802822	-0.0497440520979	0.293704883828	-0.424059924539	0.0439231970587	-0.0345721418043	0.0321745506837	0.123899134342	0.0696654471432	-0.00526436183897	-0.0594206599042	0.0496440387104	0.000206963431893	0.0
MCT.f.0514	-0.0273544616113	-0.261088619838	-0.214806936298	0.0998427964037	0.130984561299	0.152123227076	0.0493879956384	0.0354971966824	-0.0074250185797	0.15004125098	0.203411287159	0.0343224002851	-0.0803105730056	0.00485192614137	0.0
MCT.f.0515	-0.067127391354	-0.371146239723	-0.208524706402	0.170767352432	0.103769198073	-0.18548582895	-0.100639581035	-0.0413615098868	-0.103066248333	-0.123489436671	-0.127749061606	-0.0420440560414	0.0263405965923	-0.00591654065663	0.0
MCT.f.0516	-0.302142503079	0.38071886228	-0.00255147202326	0.101184810812	0.232003263515	-0.0789998367845	-0.132811585837	-0.050381715877	0.0349714337485	0.0732384450007	-0.0276627436903	-0.109778306544	-0.0744765444491	0.00560611524525	0.0
MCT.f.0517	-0.272565178788	0.134782551073	0.00455449057996	-0.0211522142204	0.0677408228695	-0.0924529750582	-0.0819319194431	0.0561077370937	-0.0144366306392	-0.0501000931954	0.139015788352	0.15933903255	0.145025481703	-0.0131845331535	0.0
MCT.f.0519	0.156975691661	0.0884554740638	0.0136205926451	0.0869430237196	0.0727016875332	0.269830417075	-0.0056009592361	-0.0859632264984	0.114154418628	-0.283105349559	0.0440196653309	-0.0103557329288	-0.0209822719729	-0.00707370554553	0.0
MCT.f.0520	0.23656834349	0.132584766778	-0.354188440245	-0.246841991082	-0.0740361389415	-0.112647683043	0.0481993547889	-0.214020441697	0.106799905921	0.0511787623091	-0.0283687607884	0.0387260272739	0.00928496242221	-0.000599265592575	0.0
MCT.f.0522	0.328192188087	0.0783548540278	0.109870800765	0.22071434973	0.156519669422	-0.0740568031479	0.159335453105	0.141188267552	0.0874198901349	0.0704548472314	-0.137616272234	0.122771706807	-0.00741619396506	-0.00206387641286	0.0
MCT.f.0523	0.378459319114	0.13010816794	0.0352346795506	-0.0193865256141	-0.0136884978864	-0.123814812268	0.0806404718811	0.107384152627	-0.175498150999	-0.0211195624812	0.139769432945	-0.156982245523	0.0447236699374	-0.0054218867255	0.0
MCT.f.0524	0.185379679072	-0.0832220940185	0.310596960647	0.0292674700946	-0.0128624193592	0.0901595883131	-0.178918679666	-0.261884174888	-0.126856826297	0.116434051445	-0.0123023372948	0.0412921369341	0.0270533977387	0.00949667032012	0.0
MCT.f.0525	-0.0811917951472	-0.194217334467	0.194984428802	-0.209097024023	0.0155479111144	-0.0216840431013	0.00274026813936	0.0384048925036	0.142726627233	0.0452337070847	-0.0134009842827	-0.0631415376643	-0.0154277473244	-0.0737615527963	0.0
MCT.f.0526	-0.0694793725852	-0.187861006151	0.156606967069	-0.184271414282	0.0495353647008	-0.0581760889846	0.0291501270521	0.0629237773923	0.167123455144	-0.0223225624285	0.0102187223149	-0.0568040606793	0.0370996278338	0.0735909092877	0.0
MCT.f.0527	-0.328933187359	0.0212920027974	0.107946356454	-0.00835440484883	-0.106313983451	-0.0264051762069	0.371661747844	-0.124200845047	-0.137286356475	-0.0508949365943	-0.0208688656669	0.025093025525	-0.0468048262922	0.00264014511883	0.0

Biplot	0	0

Site constraints	0	0
