Eigvals	13
359.066733831	257.51061454	202.5914341	121.857788496	85.1270482857	73.5937303596	66.2481011856	49.6240454449	44.4174845121	39.0922915251	36.438362506	29.5210170102	0.0

Proportion explained	13
0.263035469058	0.188640213367	0.148408994415	0.0892673075375	0.0623600878768	0.0539113194318	0.048530255598	0.0363522511008	0.0325381684579	0.0286371815293	0.0266930374508	0.0216257141772	0.0

Species	0	0

Site	13	13
sample1	-3.9046619789	2.68625377683	4.9434380643	-1.98063970398	2.06789385962	-3.89728547703	1.87378662196	-3.22204577354	2.31265155363	-1.502397965	0.243685284262	0.185928732312	-0.0
sample2	-2.43602706287	4.03823535172	0.0899108339659	-6.05182956506	-3.96218043498	-1.87605473171	-1.75125921025	0.167845315018	-2.45233244664	1.2967111028	-0.198585258383	-1.57507441183	-0.0
sample3	3.18844595628	-8.1704607715	-4.30722053997	-3.76454277728	1.87209710418	-1.95786779848	1.87310034999	1.56832049171	0.868553222515	1.97159029917	1.89314021905	0.710394112045	-0.0
sample4	7.60269134989	-3.05143617772	-2.90723483648	-0.381117412744	0.303610486313	0.496595619537	-4.41235891211	-1.33468247978	0.785615459861	-3.18316852871	0.701229888659	-1.35545349296	-0.0
sample5	11.0029621404	-1.30432258634	5.87271109067	2.17386827724	-0.584168314997	-0.277853345735	2.50517970162	-0.734897328743	-3.33305486449	-0.0303145117079	-0.216972296092	0.491576656896	-0.0
sample6	0.0850948144546	3.09352452995	2.37215612377	-3.35320896644	1.36119880314	2.90034033675	1.72514392115	4.30140935755	0.855758891348	-2.44210735059	-1.24995594003	0.0497305878376	-0.0
sample8	-2.12362621843	-2.52638444143	3.60949381547	-1.81821986245	2.06709205515	5.17734658791	-1.70401044785	-2.4333066659	0.572245834891	2.65234459187	-0.992836619483	0.262979253149	-0.0
sample9	-7.46135033832	0.640865689651	0.517722833949	2.3431338088	-1.24091999712	2.3149422537	0.513171920648	0.0646061607032	-1.32206943499	-1.02525897634	4.49062682254	0.400433352046	-0.0
sample10	1.88601739032	-0.167841644956	3.94376021701	3.77139184625	-4.54379540902	-1.02480059345	-1.45272703689	1.87094667359	3.62013785497	1.58086579494	0.0111544993912	0.202345583152	-0.0
sample11	-5.45884905408	-0.997445397033	0.900219599501	3.23967559725	3.88503091929	-2.939551377	-3.56674731645	1.96887728629	-2.06652690444	0.206157518623	-1.21529612127	1.13270577639	-0.0
sample12	-6.46233154169	-6.69887776977	-3.24467234862	2.82517936635	-1.78515484022	0.243055625688	2.80464910893	-0.646177769122	-0.351178506798	-0.813291844077	-2.40517057658	-2.24809628636	-0.0
sample13	0.42567494997	3.36908426119	-6.71132782682	-0.0889495734764	-2.40972659	0.57613418276	0.403510708876	-1.48459540299	-0.00690802503217	-0.590338920161	-1.44651316942	3.72555480401	-0.0
sample14	3.65595959297	9.08880517942	-5.07895702675	3.08525896555	2.96902235865	0.264998717046	1.18856059039	-0.0862998647838	0.517107365181	1.87920878917	0.385493267349	-1.98302466668	-0.0

Biplot	0	0

Site constraints	0	0
