Eigvals	13
235.714820474	120.63744736	107.706859707	73.514443326	47.5415997382	43.1619211824	33.4651624603	32.6804953185	30.8331560595	24.404261192	19.9977446607	13.6901587509	0.0

Proportion explained	13
0.300906875796	0.154002354693	0.137495532063	0.0938464599836	0.0606902621517	0.0550992883276	0.0427206802853	0.0417189963958	0.0393607353249	0.0311537898917	0.0255285554668	0.0174764696195	0.0

Species	0	0

Site	13	13
sample1	-0.971730859557	3.63701037716	2.79979983117	-1.46970607395	2.66496485442	-2.85663841484	1.06595929656	-1.65020681926	-2.09256440915	-0.559734926843	-1.19535041847	-0.587613473533	-0.0
sample2	-2.24120251463	6.5333733068	1.06461248607	0.964274533418	-1.9865759901	3.10050232504	1.99546517753	1.10963983513	0.46716511789	-1.04808186341	-0.450698101353	0.0412211708798	-0.0
sample3	-5.77714263013	2.44407692201	2.19174534699	-0.0417234094577	-0.191881508561	-1.29260574834	-1.5520467706	-0.420541431692	2.14585839876	2.82665250237	0.358623053169	1.09318334715	-0.0
sample4	1.0836197393	-3.46232998372	3.68750192235	1.52462016523	0.986616402372	1.08356177847	2.36811855565	-0.526213371195	-1.19657218288	0.502299199851	2.5829442984	0.799918656053	-0.0
sample5	-1.57431466715	-5.29264970591	3.61298761056	2.77597774438	-1.43070734762	-0.285594135244	0.159806082607	-0.699137127167	1.75443557886	-0.782083649307	-1.81805424362	-1.19034372812	-0.0
sample6	-3.79151598327	-1.4537095911	1.34876491172	-3.97401889596	1.13819475195	2.46527092287	-2.96783425141	-0.259614944134	-0.171805683366	-1.89143181384	0.765273729945	-0.192213724878	-0.0
sample7	-8.6068964018	-2.25455163425	-6.60600585384	0.33902018717	0.0038481621821	0.213228832746	1.22084957869	-0.246279056322	-1.23946664805	0.815946125853	-0.0229133112479	-0.695749638466	-0.0
sample8	2.97629319342	-3.0706211175	-0.837739433921	-3.82884731739	-0.608284999692	-0.210777463152	1.26717991388	1.44922056042	-0.0620446837954	0.151630698514	-1.88411533078	2.03253186053	-0.0
sample9	4.42441730359	0.402556179162	-0.383757510967	-3.61236747127	-2.16387728637	-1.73849962514	0.703225611967	1.15802687306	0.992596927028	0.629094510534	1.53078297638	-1.9230818581	-0.0
sample10	7.65531134942	0.922780092812	-2.58806246143	0.294798478584	0.108417806997	2.40413200026	-0.719047852126	-3.4245572141	0.169752555697	1.33397848042	-0.616222655118	-0.193041006827	-0.0
sample11	1.53680344466	0.947660043838	-3.61381741835	1.99246250628	0.11856100102	-2.48841876288	-0.194560632643	-0.894817995046	1.80480935139	-2.70750985092	1.12492489637	1.12019831994	-0.0
sample12	3.31142278324	0.269762539609	-1.0400383801	2.37580501976	4.29536208012	0.584688944491	-0.738308142254	3.19876623073	0.710476028103	0.588808235819	-0.368279895056	-0.600982491269	-0.0
sample13	1.97493524291	0.376642571086	0.36400894975	2.65970453322	-2.93463792672	-0.978850654282	-2.60880656785	1.20571445958	-3.28264035049	0.140432350963	-0.00691499861113	0.295972566634	-0.0

Biplot	0	0

Site constraints	0	0
