Eigvals	12
220.650356694	124.220421939	100.79503652	89.0681622566	48.3319967519	44.5120463565	35.4302089661	26.2012888036	22.939480819	21.3985807468	18.6367952331	0.0

Proportion explained	12
0.293346105027	0.165146240807	0.134003097988	0.118412672752	0.0642555181319	0.0591770420004	0.0471030908639	0.0348335988773	0.0304971514681	0.0284485844902	0.0247768975937	0.0

Species	0	0

Site	12	12
MCT.f.0562	-6.32958358992	7.57672163699	3.01972383377	-2.76568431066	0.328327530321	-0.250878754656	1.29704342355	-0.392950919188	0.467764584895	0.142616207199	0.736492071145	-0.0
MCT.f.0564	0.209160877142	1.71493502521	-4.28348201916	4.16882991744	-0.809556519688	-2.53450965543	3.03822274568	0.744834277237	-1.29382999548	0.151998899399	-0.193007904035	-0.0
MCT.f.0565	3.28664339764	1.07356262945	-2.68966789463	-4.42764510469	1.83517491633	-1.64367847801	-1.16562953634	-0.992222936816	-0.483409770646	0.528290970839	-2.50622025537	-0.0
MCT.f.0566	2.91188747977	1.21742960584	-0.894315746899	-1.58542650899	-0.317250287363	2.5587369977	-0.462178001634	1.48722709754	-1.72221073115	-3.11454971103	0.384148593135	-0.0
MCT.f.0567	0.471049688082	-0.573402652938	-5.04135269405	-0.694371524362	-0.216804665194	-0.604608362916	-1.74359499753	-1.64776067343	1.26516203513	-0.0186950724831	2.68575231046	-0.0
MCT.f.0568	7.80934457864	-1.12678366228	5.14019068234	1.18253678388	0.112614636126	-0.394909312056	1.12764285476	-2.56908035532	-0.895421656104	0.042512178151	0.691100809933	-0.0
MCT.f.0570	1.58079878237	3.74671796058	0.808657162619	5.07496676615	-1.59149603409	1.1289310372	-2.59270178185	0.0076481504918	1.67266551326	-0.00868700947053	-1.39183775093	-0.0
MCT.f.0573	1.07880495892	-3.67522032418	1.59038752728	-1.07828100288	0.712768818442	-1.70080438331	1.60280198464	1.56003354843	3.11117904879	-1.43252028356	-0.327679360621	-0.0
MCT.f.0574	-3.6173858804	-3.62186525056	-0.812482509462	-2.04159349494	-4.28762728195	2.5301359134	1.42435410289	-1.04999691321	0.0721334053489	0.787498062967	-0.92274178282	-0.0
MCT.f.0575	1.07878943007	-1.30949741137	2.49387444751	-1.38497389759	-1.71116220401	-1.74890235807	-1.9911159719	2.77494225471	-1.12889580351	1.95795892358	0.911251249075	-0.0
MCT.f.0577	-9.04553581681	-4.03585298636	1.59339092606	2.38019282159	1.9684353937	-1.02437772381	-1.53345036879	-0.894318405058	-1.28105323548	-1.00200458134	-0.356775671602	-0.0
MCT.f.0578	0.5660260945	-0.986744570389	-0.924923715374	1.17144955506	3.97657569739	3.68486507994	0.998605546528	0.971644874613	0.215916604943	1.96558141574	0.289517691627	-0.0

Biplot	0	0

Site constraints	0	0
