Eigvals	17
0.681756233674	0.495828938455	0.445939382843	0.404550297738	0.382194860718	0.374613769265	0.323921430505	0.260141950135	0.255315473463	0.215239090151	0.181488509105	0.164639762141	0.130718131094	0.103797630696	0.0808099031374	0.0436424523736	0.0

Proportion explained	17
0.150014646257	0.109102930245	0.0981251589134	0.0890178436381	0.0840987203345	0.0824305658001	0.0712761488818	0.0572420180391	0.0561799930003	0.0473615265618	0.0399349989754	0.0362275758659	0.0287634101853	0.022839783609	0.0177815301635	0.0096031495295	0.0

Species	0	0

Site	17	17
MCT.f.0596	-0.178394103093	0.175851551978	-0.0899173792357	0.234953255493	0.0747797042304	-0.109152111839	-0.117576026935	-0.104345888841	0.167022756635	0.246795468818	0.059818522205	0.131683829637	-0.00595192529137	0.023167794603	0.0360671852672	-0.0183953382516	-0.0
MCT.f.0597	-0.191948140011	0.0833319420534	-0.335500186365	0.0283084281037	0.165382455107	-0.137785602399	0.240594832861	0.0386637747661	0.120719536834	-0.167483416647	0.0243929055981	-0.0807568289469	0.0419995849316	-0.0730666293045	0.0136397541252	0.0251729235551	-0.0
MCT.f.0598	0.0777994612038	-0.0630674061721	0.226070119428	0.260449094466	0.323564083961	0.102384636921	-0.0110971931983	0.0225359545098	0.0134035053268	-0.137784241751	-0.131232946448	-0.0208196770701	-0.0702989243547	0.05338738313	0.0538886772873	-0.0467677465805	-0.0
MCT.f.0599	-0.271620786466	-0.164881008845	0.0631479981879	-0.221929347996	0.080112789924	-0.242801511444	-0.0795328739309	0.114777401925	-0.0738623190095	0.0672826714771	-0.226993802434	0.0774841399561	0.0679819474968	-0.00724229130771	-0.0151032485884	0.00849197524766	-0.0
MCT.f.0600	-0.218660298681	0.121806498387	0.0185030463311	0.327260633402	-0.330644453398	0.0867218661036	0.0799926035928	0.0498688270503	-0.200046417883	-0.0409801257314	-0.0860175711241	0.0203315204983	0.0518481917859	-0.0301374849391	-0.00725274710719	0.0102138306555	-0.0
MCT.f.0601	-0.154436390948	-0.20690851809	0.319674979544	-0.0137125501369	-0.0555282959141	-0.221718824568	0.192044891148	-0.0913009998335	-0.0445061801702	-0.0200358480056	0.218876820161	-0.0112060650511	-0.0159531844733	0.0251260156182	-0.00986073987541	-0.0305902277807	-0.0
MCT.f.0602	0.179908621549	0.144413892869	0.236153683765	-0.0168408448767	0.105481727347	0.105744249722	-0.0433354149845	-0.0548695945869	0.0832438774765	-0.0519983655084	0.0379136857968	0.0850845053499	0.16282902918	-0.0958421855573	-0.118077673508	0.0640826445446	-0.0
MCT.f.0603	0.0290831348909	0.36302690167	0.0597096972532	-0.185427388345	-0.00185828070741	0.0435975807644	0.17999391521	-0.0908825257719	-0.0140822714128	0.112775212781	-0.099376135506	-0.14122013354	-0.0404950736115	0.1181066835	-0.0654512613067	-0.0197604619393	-0.0
MCT.f.0604	0.136973190575	0.178209189759	-0.00702853363729	-0.188929043454	-0.118835673468	-0.00776769973395	0.0494458022525	0.0418402556705	0.0195743113408	-0.146328818417	0.00744779623614	0.249133358608	-0.155493212688	0.00591967749659	0.0597941968683	0.00946665836207	-0.0
MCT.f.0605	0.171421625704	0.138376783306	0.055952538196	-0.123943853566	0.043806738467	0.0267614788637	-0.0479443496616	0.0480262643541	-0.142864744282	0.0975291592906	0.0632344096981	-0.0936571148547	0.0674678819881	-0.134579840718	0.16961385749	-0.0342012026102	-0.0
MCT.f.0606	0.145320182458	-0.0510481677243	-0.179425194311	0.0548879349754	0.188944836171	0.0291790327642	-0.0186836007085	0.201884248757	-0.244368137643	0.0919331504276	0.141445614206	0.0270320159924	-0.0603241724788	0.0569664065437	-0.0882226798666	0.0353435114477	-0.0
MCT.f.0607	0.275352871684	-0.10034766582	-0.110080306886	-0.00117014594477	-0.13546053357	-0.0426454162892	-0.0482040487087	0.0436087522443	0.0759358757303	-0.0671327550526	0.0214974770236	-0.00203968952769	0.189664915301	0.190366148805	0.0593955292825	-0.00677437648609	-0.0
MCT.f.0608	-0.0855649624595	0.111418077811	-0.0140495224008	-0.0156647343191	-0.088719579575	-0.147448268423	-0.392663113319	-0.0518754095827	-0.00348722153736	-0.154479795307	0.048652152529	-0.151112379865	-0.0835078301635	-0.00262399332252	-0.0416312606966	0.00901761324797	-0.0
MCT.f.0609	0.258274325269	-0.246341305397	-0.0389915752841	0.0629656731076	-0.0677073038125	-0.0426529991151	0.0549284045687	-0.188370541786	0.0113517696327	0.0909966597242	-0.0936809382533	-0.060289099258	-0.089892637733	-0.0313793635116	0.0418803998771	0.122304842321	-0.0
MCT.f.0610	0.280408611123	-0.177923722639	-0.175692382044	0.0106260386963	-0.0950874098313	-0.0113849214057	0.0156905414412	-0.0709030069136	0.0299765557542	0.0207204626674	-0.0590438515618	0.0205812757477	-0.0187026988888	-0.101569163323	-0.10109875423	-0.130891736373	-0.0
MCT.f.0611	-0.109441499708	-0.12672747515	0.103733622946	-0.0400564416471	-0.14189239279	0.19639912491	0.00402480272164	0.288461910751	0.259689538471	0.0887470824024	0.0285919582102	-0.0838088161157	-0.0633991230105	-0.0247584576937	-0.00747276119475	0.0100598896639	-0.0
MCT.f.0612	-0.34447584309	-0.179189567997	-0.132260605488	-0.171776707959	0.0536615878582	0.37256938517	-0.0576791723492	-0.197119422712	-0.0577004352633	-0.0305565011691	0.0444739036628	0.0335791584388	0.0222272320105	0.028159299982	0.0198915261771	-0.0067727990244	-0.0

Biplot	0	0

Site constraints	0	0
