Eigvals	12
0.705040870755	0.647281480155	0.454787339764	0.287899480997	0.170633692195	0.116781876143	0.0409473011847	0.0313655383618	0.0133992682942	0.0	0.0	0.0

Proportion explained	12
0.285657122849	0.262255101746	0.184263421277	0.116646482244	0.0691346155882	0.0473158027054	0.0165903690553	0.0127081844708	0.00542890006519	0.0	0.0	0.0

Species	0	0

Site	12	12
MCT.f.0445	-0.345696884432	-0.0551693442371	-0.157172743694	0.147025869948	-0.241472181564	0.055905653631	-0.0278224247109	0.0675881994381	-0.0310625416832	0.0	0.0	0.0
MCT.f.0446	-0.354873562662	-0.10160436196	-0.219424916885	0.049865421386	-0.0135298479478	-0.00802568104555	0.0564341973481	-0.0975574289455	0.0514268857058	0.0	0.0	0.0
MCT.f.0447	-0.279986032315	0.00705161388692	-0.208650053526	-0.0669049538188	0.301376142155	-0.0264128786721	-0.0231659228634	0.0356828928289	-0.036429593388	0.0	0.0	0.0
MCT.f.0450	-0.112560960202	-0.110431092277	0.376716040535	0.178287916608	0.101071512459	0.0895771162734	-0.0607664902657	0.0253074149446	0.0501649165303	0.0	0.0	0.0
MCT.f.0451	-0.122030550396	-0.0169393698473	0.387439910504	0.0659096694922	-0.0216355353386	-0.133242919047	0.0500920514911	-0.0397179423061	-0.0551946078315	0.0	0.0	0.0
MCT.f.0453	-0.0547832585844	0.306432607806	0.0519862963676	-0.222745264848	-0.0808363513388	-0.125134512732	-0.0594783189451	-0.0103466372238	0.0268094814728	0.0	0.0	0.0
MCT.f.0454	0.0235569958656	0.36652063137	0.0400390303518	-0.140528092171	-0.0214115070395	0.0303427832525	0.0658132023874	0.033488811375	0.00821534431784	0.0	0.0	0.0
MCT.f.0455	0.202471854794	0.312749543168	-0.0373832337458	0.0107829993642	-0.000295065837564	0.129389611704	-0.049806488356	-0.0128400858679	-0.00404137978636	0.0	0.0	0.0
MCT.f.0456	0.346263408987	0.147341526158	-0.0994304768635	0.238404115881	0.0446538415689	0.0304013755719	0.0914036904808	0.00045390769759	-0.00476961173453	0.0	0.0	0.0
MCT.f.0457	0.35709704063	-0.145783798932	-0.162897823672	0.118720678475	-0.0185641902523	-0.121718281191	-0.0955418752535	-0.0420245249004	-0.00992236774405	0.0	0.0	0.0
MCT.f.0458	0.213245632501	-0.365093644911	-0.0294165985799	-0.115157217468	-0.0183145631839	-0.0927191518039	0.0490177433541	0.0900910713234	0.0337407796297	0.0	0.0	0.0
MCT.f.0459	0.127296315812	-0.345074310225	0.0581945692068	-0.263661142849	-0.0310422536806	0.17163688406	0.00382063533292	-0.050125678364	-0.0289373054887	0.0	0.0	0.0

Biplot	0	0

Site constraints	0	0
