Eigvals	14
0.693090058083	0.574760071849	0.397729430964	0.223863351676	0.0845213170258	0.0369326226537	0.0267579209501	0.00646414302343	0.00147366112633	0.0	0.0	0.0	0.0	0.0

Proportion explained	14
0.338821163978	0.280974852086	0.194432378846	0.109436920213	0.0413187444859	0.0180547304789	0.0130807675225	0.00316003445408	0.000720407935893	0.0	0.0	0.0	0.0	0.0

Species	0	0

Site	14	14
MCT.f.0548	-0.047161781111	0.365040975004	0.205278837602	-0.206825007403	0.136703519566	-0.0330312342388	0.020832056817	0.0184701962951	-0.00883740743638	0.0	0.0	0.0	0.0	0.0
MCT.f.0549	-0.0948691279853	0.343747438913	0.139770809128	0.0138767141307	-0.0726689800826	0.0439056327543	-0.0825524842298	-0.00225822207104	0.0147125234292	0.0	0.0	0.0	0.0	0.0
MCT.f.0550	-0.133584226103	0.286238565241	0.00825772565768	0.125296032195	-0.0663948574994	0.0164336289484	0.0813844709474	-0.0282307517635	0.00594492641015	0.0	0.0	0.0	0.0	0.0
MCT.f.0551	-0.202093836235	0.118756277965	-0.218906361363	0.105561959658	-0.0509684442203	-0.0632825490534	-0.00729888526518	-0.010694897765	-0.0212236170661	0.0	0.0	0.0	0.0	0.0
MCT.f.0552	-0.202339941714	-0.00865359024387	-0.244063707725	0.0900565349715	-0.000955244306753	0.043208719503	-0.033183823893	0.0456816540324	-0.00141920878288	0.0	0.0	0.0	0.0	0.0
MCT.f.0553	-0.239796522814	-0.130903134036	-0.203746242337	-0.0395927030348	0.106094477315	-0.0191734484845	0.0513603424025	0.00229342269239	0.0156480339739	0.0	0.0	0.0	0.0	0.0
MCT.f.0554	-0.249192090187	-0.247586536701	-0.0309983802606	-0.128472522762	0.0575361241654	0.00523576398693	-0.0640586294855	-0.0327842518661	0.00166916277626	0.0	0.0	0.0	0.0	0.0
MCT.f.0555	-0.153014883458	-0.268114913417	0.199229776849	-0.0615104332337	-0.0556847649116	0.0921132359896	0.0422708064533	0.0101161071539	-0.00440767874889	0.0	0.0	0.0	0.0	0.0
MCT.f.0556	-0.0905724750927	-0.240736458009	0.250177792433	0.0161653983545	-0.0807619989447	-0.0937690912872	0.00812304200623	-0.00421708688664	0.00238899103091	0.0	0.0	0.0	0.0	0.0
MCT.f.0557	0.12956205247	-0.119729808316	0.205474145144	0.188894741618	0.0605277823426	0.0116265701243	-0.0286943172209	0.00530562666092	-0.0129825951374	0.0	0.0	0.0	0.0	0.0
MCT.f.0558	0.304038923131	-0.0631876867508	0.0231273719864	0.122663907922	0.0110674608215	-0.0196168234382	0.0284685200706	0.0264705169067	0.00963533725523	0.0	0.0	0.0	0.0	0.0
MCT.f.0559	0.341943560464	-0.0162916870469	-0.0645851452227	0.0656951559737	0.0568028521101	-0.0441675303188	-0.0343946953188	-0.0137459416411	0.00917723834442	0.0	0.0	0.0	0.0	0.0
MCT.f.0560	0.349640679785	0.000510837672522	-0.116713684193	-0.031440936498	0.04212138474	0.0840993608038	0.0178920775602	-0.0290258398221	-0.00830005901212	0.0	0.0	0.0	0.0	0.0
MCT.f.0561	0.287439668849	-0.0190902802745	-0.152302937699	-0.260368841893	-0.143419311096	-0.0235822352894	-0.000148480844155	0.0126194680742	-0.00200564703629	0.0	0.0	0.0	0.0	0.0

Biplot	0	0

Site constraints	0	0
