Eigvals	12
0.581608943502	0.396223339361	0.352981358738	0.277432357337	0.257585912533	0.23585661937	0.206137791978	0.182599974655	0.138953550411	0.111538417604	0.109538000997	0.0

Proportion explained	12
0.204040647927	0.139003479555	0.123833283425	0.0973291050274	0.090366554843	0.0827434618602	0.0723174722591	0.06405991097	0.0487478275127	0.0391300224163	0.0384282342042	0.0

Species	0	0

Site	12	12
sample1	-0.12689135571	-0.163051048709	-0.00939853528247	-0.108173032301	0.121418932479	-0.124964473587	0.114360937664	-0.278774119878	0.0295161538615	-0.0480755987096	0.123824467781	0.0
sample2	-0.0542011207604	0.379947118882	0.226363148336	-0.17757008665	-0.0353992756715	0.162207468125	-0.0420882391086	-0.110710217946	-0.0947741575087	0.0594395635811	0.000615251653151	0.0
sample3	-0.117808421361	0.0771011493335	-0.0262459202486	0.145116595477	0.247103497953	0.0428849190393	0.203269138175	0.0287369090267	-0.0601436788488	-0.0659989129575	-0.176702652398	0.0
sample4	-0.128230656925	0.0490080333201	-0.0813011322917	-0.00511080314159	0.0663841304587	0.0392580398916	0.152664881083	0.193541482589	0.0846593538374	0.176687733284	0.144339696249	0.0
sample5	-0.128158674457	0.0560819775989	-0.0325926773141	0.0899224137259	-0.390464804606	-0.160400028585	0.140160826899	-0.031223156883	0.0135484260157	0.0100834111278	-0.0698064587795	0.0
sample6	0.408491718075	-0.124477107933	-0.0908712654774	-0.0505380899605	0.0166035718799	-0.126662221137	-0.00794488084862	0.0348887502419	-0.241815582845	0.0825791779882	0.00188869761819	0.0
sample7	0.424863407332	0.175229783569	-0.2262548262	0.160053799421	-0.0192312884643	0.131634691775	-0.0346378554778	-0.0897932221488	0.13018495387	-0.0569687744308	0.0412078174939	0.0
sample8	-0.0999259030664	0.211184390012	-0.0371249289652	-0.0483029993249	0.115735833096	-0.298527700111	-0.223571854403	0.0895060505968	0.0729589172114	-0.0423136622773	-0.0210810406734	0.0
sample9	-0.145927940442	-0.250921176049	-0.153288703536	-0.0864628846705	-0.00595890615185	0.129807015816	-0.165492661074	-0.0745759713816	0.075575425205	0.131202323697	-0.147008901065	0.0
sample10	-0.191372788378	-0.126495533715	0.17318233324	0.349420695695	-0.012814436742	0.0633252330351	-0.16248344167	0.000591016831967	-0.0899388900121	-0.0136779095334	0.0951489350868	0.0
sample11	-0.130036489238	-0.098167473539	-0.14124634697	-0.20105946614	-0.0968386034279	0.146444325691	-0.0158425126131	0.152361570315	-0.0607994699931	-0.199022903946	0.0508759669581	0.0
sample13	0.28919822493	-0.185440112771	0.398778854708	-0.0672961421303	-0.00653865080212	-0.00500726995305	0.0416056613742	0.0854509086353	0.141028549207	-0.0339344478231	-0.0433017799235	0.0

Biplot	0	0

Site constraints	0	0
