Eigvals	13
0.720280698941	0.567286064308	0.497475258576	0.39897871098	0.354205191178	0.324157234811	0.279528212922	0.267321457435	0.236701466155	0.20032346367	0.136743057146	0.12523455833	0.0

Proportion explained	13
0.175326054447	0.138085093137	0.121092199748	0.0971168091928	0.0862183294999	0.0789042509168	0.0680409439685	0.0650696547471	0.0576163351368	0.0487614377978	0.0332851077609	0.0304837836481	0.0

Species	0	0

Site	13	13
sample1	-0.0131183280055	-0.206009217061	-0.168907606627	0.0627596420789	0.383860925886	0.0812672581218	-0.0185336142905	-0.165590585823	-0.230753595278	-0.0192845851936	0.0285726568871	0.0313470168198	0.0
sample2	-0.00749067035838	0.115972967939	-0.471593137963	-0.21462103345	-0.0193731631944	0.0766875035641	-0.104655158682	0.2186680808	0.0470001124366	0.0731516257472	0.0925873260209	0.00996385686262	0.0
sample3	0.16682289204	-0.282459729796	-0.0464241838377	-0.0559509595074	-0.143576358917	0.105146089414	-0.100659531655	-0.282707281517	0.221480823426	0.0224964880596	0.0373117261124	-0.1026528144	0.0
sample4	0.078746694748	-0.238159084367	0.0180432636257	-0.274301030053	-0.203703345075	-0.0940218810822	0.138205722201	0.0439110417859	-0.221446536336	0.0529204402997	-0.151782337085	-0.044268095168	0.0
sample5	-0.152894067882	-0.251104340742	0.178123531901	0.182299215962	0.125883406001	-0.0609440226967	0.00915301878091	0.262204487101	0.0596899931281	0.0434955838343	0.0545708368023	-0.184714306129	0.0
sample6	0.339504341015	0.141151603612	0.0268207316203	-0.0425697954616	0.12561823656	-0.0271261950181	-0.0929404460786	0.0837975946774	0.0817174184043	-0.296211805615	-0.141411416413	-0.0262506998515	0.0
sample7	0.231346085702	0.225623835739	0.115859023624	0.016462046986	0.123462105138	-0.28616762355	-0.123555611428	-0.0645082081097	0.0419460751029	0.258703688153	-0.0397768430934	0.0394496869959	0.0
sample8	-0.260400131167	0.325994136226	-0.10947894472	0.0965734063539	0.0448886586234	0.149419404767	0.265733859452	-0.0908243063333	0.0884917417221	0.0624202125752	-0.134752778045	-0.0797352518392	0.0
sample9	0.272618173662	0.302879068077	0.166795815035	0.0981267597441	-0.170293473468	0.133209312784	0.0247220345539	-0.0221663874039	-0.202135492352	-0.0283349577996	0.173671056093	-0.0710339090384	0.0
sample10	-0.187616395312	-0.0548900975278	-0.21580979494	0.379446526323	-0.253526780392	-0.17774380467	-0.0974074647128	-0.019912631004	-0.0502096516909	-0.0799206388676	-0.0398699280723	0.0758101134033	0.0
sample11	-0.334616462123	0.0193880734537	0.300302936528	-0.0785913083134	-0.0393338311452	0.258926824149	-0.24673473176	0.0407199505377	-0.0179832375969	0.0372699815912	-0.0730120035219	0.104822561872	0.0
sample12	-0.379286726109	0.0826647625685	0.116521593323	-0.245737047401	0.0257687805837	-0.243859045451	0.0917009721485	-0.100532596355	0.0522424193264	-0.147703840533	0.143472915899	0.0325733843976	0.0
sample13	0.246384593789	-0.18105197812	0.0897467724302	0.0761035767389	0.000324839400787	0.0852061796682	0.254970951471	0.0969408416436	0.129959929707	0.0209978077489	0.050418788416	0.214688456075	0.0

Biplot	0	0

Site constraints	0	0
