Eigvals	14
0.939864453117	0.69999673348	0.452499885121	0.236442634773	0.18122056783	0.105339352761	0.0840854581015	0.030228484695	0.0171600629722	0.0	0.0	0.0	0.0	0.0

Proportion explained	14
0.34216236223	0.254837317324	0.164734849891	0.0860781256035	0.0659742555083	0.03834931905	0.030611732232	0.0110048312771	0.0062472068851	0.0	0.0	0.0	0.0	0.0

Species	0	0

Site	14	14
MCT.f.0394	-0.29217830655	0.205227836673	0.111782775232	-0.118556412352	0.153058899232	-0.126731632565	0.142593656427	-0.0200397208578	0.00386648200733	0.0	0.0	0.0	0.0	0.0
MCT.f.0395	-0.360867090427	0.157329006759	0.135011384597	-0.0898332114185	0.0845654220935	-0.00435818623506	-0.0713259600554	0.070516478198	-0.035878347818	0.0	0.0	0.0	0.0	0.0
MCT.f.0396	-0.356724413853	0.139229241753	0.13412853364	-0.0474507562386	-0.0410755897503	0.120695867782	-0.0880239720496	-0.0795863404736	0.0420569631379	0.0	0.0	0.0	0.0	0.0
MCT.f.0397	-0.256320835127	-0.0955110205297	0.178458525696	0.155013673492	-0.186649893927	0.0549040347515	-0.0187084891814	0.043071031612	-0.00971809681156	0.0	0.0	0.0	0.0	0.0
MCT.f.0398	-0.159924984203	-0.221312854387	-0.0414857583138	0.125104289211	-0.164524205597	-0.100223503298	0.109182823131	-0.054633319934	0.00705886278793	0.0	0.0	0.0	0.0	0.0
MCT.f.0399	-0.195739788488	-0.310245678575	-0.226477441334	0.055047842906	0.0298483968118	-0.0217490653172	0.00760642339575	0.0625416942299	-0.0202624343858	0.0	0.0	0.0	0.0	0.0
MCT.f.0400	-0.122650369143	-0.237477608587	-0.391366725273	-0.0338241186098	0.152868928782	0.073851236723	-0.0418350622477	-0.0307872629288	0.0180902669389	0.0	0.0	0.0	0.0	0.0
MCT.f.0402	0.154719169084	0.291069865693	-0.22464860685	-0.0825723123466	-0.13858005313	-0.101638999016	-0.0891877597686	-0.0224834808226	-0.0319075034505	0.0	0.0	0.0	0.0	0.0
MCT.f.0403	0.210714988279	0.338654701141	-0.174542594788	0.00859399883457	-0.0814489538911	-0.0396369860905	-0.00732779199648	0.041109337814	0.0482684475278	0.0	0.0	0.0	0.0	0.0
MCT.f.0404	0.228817552402	0.304291743753	-0.0425314628683	0.19213668655	0.0709527596797	0.150354415318	0.0932339245196	-0.0104438644567	-0.0532449874384	0.0	0.0	0.0	0.0	0.0
MCT.f.0405	0.266342786919	-0.00476713620544	0.147608150235	0.201645229611	0.141272959893	-0.04207042519	-0.0288821912196	0.0216422346905	0.0651168289512	0.0	0.0	0.0	0.0	0.0
MCT.f.0406	0.30349208482	-0.205981783617	0.185381466628	0.0249630153719	0.0758322793036	-0.0702351041411	-0.0891828880022	-0.0668257291268	-0.051092642866	0.0	0.0	0.0	0.0	0.0
MCT.f.0407	0.301516557538	-0.222417001742	0.154778806774	-0.136126563576	-0.0198830580003	-0.0128665540155	-0.0223136467485	0.0392106959496	0.0117948461166	0.0	0.0	0.0	0.0	0.0
MCT.f.0408	0.27880264875	-0.138089312129	0.0539029466254	-0.254141361436	-0.0762378914993	0.119704901294	0.104170933796	0.00670824610635	0.00585131530258	0.0	0.0	0.0	0.0	0.0

Biplot	0	0

Site constraints	0	0
