Eigvals	9
0.463751297966	0.413578203609	0.360071202203	0.291156983774	0.220169988579	0.205158068809	0.138029790889	0.124318721546	0.0

Proportion explained	9
0.209251931028	0.186613036159	0.162469829624	0.131374642732	0.0993441861328	0.0925705701581	0.0622812279117	0.0560945762537	0.0

Species	0	0

Site	9	9
sample2	0.0702541111165	-0.120774145352	-0.443044418506	0.213314445446	-0.0868320265087	-0.0449764006178	0.11453660346	-0.0173040936357	0.0
sample3	0.12883446124	0.403606540678	0.00561952818005	0.0150613226128	0.024064780672	0.249395153743	0.0345400088513	-0.133756643919	0.0
sample4	0.140528485967	-0.235521766547	0.279222392978	0.047285993591	-0.0701389540051	-0.130755579769	0.0256225808872	-0.216645261297	0.0
sample7	-0.0774384618972	-0.218536003953	0.0494468882177	-0.0758665909451	0.340327912426	0.0937152269928	0.139369297876	0.0549987397077	0.0
sample8	-0.405907318621	0.0570890397422	0.16932834539	-0.00602073424583	-0.233379886109	0.0313578992488	0.129880163869	0.0943395285813	0.0
sample9	-0.341554796068	0.114514066093	-0.0406269913253	0.170625056662	0.147001903842	-0.118394286317	-0.210463609138	-0.0412223276738	0.0
sample10	0.344068888757	0.199255489411	0.148861748238	0.100857923033	0.0287366035391	-0.170272088292	0.00593145078276	0.191768310585	0.0
sample11	0.128476791397	-0.268433025421	0.00672989402302	-0.0206361711758	-0.11482709017	0.22802358818	-0.202710441152	0.0908942611505	0.0
sample13	0.0127378381099	0.0687998053492	-0.175537387196	-0.444621244978	-0.0349532436863	-0.138093513169	-0.0367060554349	-0.0230725134998	0.0

Biplot	0	0

Site constraints	0	0
