Eigvals	14
0.833949598708	0.696495539116	0.375467080617	0.239609219374	0.142624663166	0.0439803106749	0.0228377728682	0.0153684567444	0.00724168288077	0.00513416320681	0.0	0.0	0.0	0.0

Proportion explained	14
0.350000683312	0.29231252703	0.157579948453	0.100561701377	0.0598582092284	0.0184581164285	0.00958479519813	0.00644999454442	0.00303926515526	0.00215475927251	0.0	0.0	0.0	0.0

Species	0	0

Site	14	14
MCT.f.0154	-0.0953730706871	0.438393879701	0.344023029019	-0.143078814186	0.0849101800878	-0.0852302010284	0.00199897404189	-0.00496727647236	-0.0072317445217	-0.00806503158885	0.0	0.0	0.0	0.0
MCT.f.0155	-0.123132650516	0.399632752184	0.0885330795908	0.0966198587834	-0.0647564745915	0.15008538862	0.00287919355183	0.00552293001036	4.31421543794e-05	0.0117662224512	0.0	0.0	0.0	0.0
MCT.f.0157	-0.212659971783	0.181862196064	-0.231738586576	0.0541309137731	-0.0879766144407	-0.0311553903268	-0.0531788871675	0.0278405586536	0.0119201965418	-0.0338474160318	0.0	0.0	0.0	0.0
MCT.f.0158	-0.222685703396	0.126260705926	-0.224148306221	0.0301724186058	-0.0811156958547	-0.028154966937	0.029830397645	-0.0506129456687	-0.0158534489156	0.0114213524675	0.0	0.0	0.0	0.0
MCT.f.0159	-0.285496709707	-0.0266410917029	-0.15763160271	-0.0262844353427	0.133943349225	-0.0384268962957	0.0235319056716	0.0264523167137	0.0290292236599	0.0422128716648	0.0	0.0	0.0	0.0
MCT.f.0160	-0.228590633261	-0.185270523345	-0.103021140369	-0.0506571075565	0.171735982296	0.0395972619976	0.00141592575006	0.0100355423362	-0.00708796043842	-0.032587478485	0.0	0.0	0.0	0.0
MCT.f.0161	-0.196820176999	-0.291684551085	0.0749978960376	-0.0107595600848	-0.0279392321627	-0.00648246043074	0.00111193297833	-0.0172761408784	-0.0490796961265	0.00142607096935	0.0	0.0	0.0	0.0
MCT.f.0162	-0.158058414192	-0.308662174091	0.180241422036	-0.0353213262993	-0.0671627320675	0.0275139656341	0.00310912051853	-0.0595415346643	0.030147771366	-0.00352782904788	0.0	0.0	0.0	0.0
MCT.f.0163	-0.0584381925346	-0.28031731056	0.212011617824	0.0140627621043	-0.0780178588628	0.00871452802332	-0.0212627368982	0.0731482179683	0.00462922534658	0.00838707511058	0.0	0.0	0.0	0.0
MCT.f.0166	0.216954022449	-0.0344564716207	0.063674019201	0.279067189649	-0.0764874901803	-0.0821014452138	0.00280386471683	-0.00953793247124	0.0191239029449	-0.00277971261592	0.0	0.0	0.0	0.0
MCT.f.0167	0.325706929805	0.000590324731898	-0.0268894309058	0.196179794469	0.105638369556	0.00358314706273	0.0316305552948	0.0161833816348	-0.0346283897163	0.0028379763952	0.0	0.0	0.0	0.0
MCT.f.0168	0.375264104913	-0.0207403807027	-0.010847000671	0.0030174499195	0.151985097242	0.041603511669	-0.0151070618376	-0.0304192686841	0.0272817192156	-0.0088268702908	0.0	0.0	0.0	0.0
MCT.f.0169	0.331372937175	0.00128012444037	-0.10858942212	-0.172880279535	-0.035432147222	-0.00317503839437	-0.0960710255839	-0.0109751902832	-0.0146435073545	0.0226007899592	0.0	0.0	0.0	0.0
MCT.f.0170	0.331957528734	-0.000247479940658	-0.100615574136	-0.2342688643	-0.129324733025	0.00362859562011	0.0873078413183	0.0241473418054	0.00634956584387	-0.0110180209575	0.0	0.0	0.0	0.0

Biplot	0	0

Site constraints	0	0
