Eigvals	13
214.063896355	209.643689337	102.205615766	85.5687954822	70.4707142311	51.5435793981	45.2028344815	32.7339685152	29.4340644354	22.7635922152	18.1763819719	11.9269926806	0.0

Proportion explained	13
0.239516306246	0.234570532224	0.114357964994	0.0957430102545	0.0788497521469	0.0576721621832	0.0505774963982	0.036626069884	0.0329338039316	0.025470205939	0.0203375718417	0.0133451239566	0.0

Species	0	0

Site	13	13
sample2	-3.70428696741	5.01099865301	3.69250333404	-2.62932511136	2.4531151141	3.13594374699	-2.31242003225	0.0142616513383	-0.591785908068	-0.64098499956	-1.32869172934	0.202599424321	-0.0
sample3	-7.05076078732	0.668382562244	-1.64794888024	0.777294123113	1.39077072383	1.03532304309	2.32913602725	-0.247660581176	-2.39660296112	1.76181360233	1.55907990983	-0.485020802825	-0.0
sample4	4.2702347212	11.106668717	-4.65606956309	0.124131156553	-0.770560987864	-0.614055687089	0.618665148281	0.31420322754	0.482596112082	-0.0535799228122	-0.127175741224	-0.110849452508	-0.0
sample5	-0.808802872514	0.09369372943	2.67607455383	0.000144318090219	1.48107010438	0.547646448603	2.88196653926	0.240376697127	3.47911597059	-0.0997552315217	1.13026194063	1.31735135032	-0.0
sample6	5.35643484869	-1.38457344857	2.93905803236	1.46540552203	3.64831546234	-1.47359001945	0.683555043278	0.934238339954	0.209032811276	0.642651591727	-0.582960322894	-2.0834923179	-0.0
sample7	6.23886683042	-2.16857564634	-0.202919569319	-2.15269628302	1.22256132322	0.0970874172308	-1.7776963067	-1.41465612996	-1.33502601115	-1.35547753149	2.54983380474	0.391496325463	-0.0
sample8	3.12561346535	-0.434062227264	2.6417814325	-0.903078830755	-2.18887461918	-1.55013555317	0.883327732999	-2.85088092615	-1.04579649424	2.07516023783	-1.38800706667	1.01420183834	-0.0
sample10	0.439821950621	-5.00610395637	-3.42163051654	-1.27380260239	-1.38895970232	2.97496531786	2.13925869712	-1.55238590803	0.583657937922	-1.60603038585	-1.30091542547	-0.959454749657	-0.0
sample11	-3.40067583283	-1.18033364539	0.51161755874	-5.36187586253	-3.59265392998	-2.02468432498	-1.10646352275	1.59442668347	1.07030191864	0.616279695298	0.606358382966	-0.980449089736	-0.0
sample12	-0.746914246178	0.72625995098	2.47750685701	5.81272121378	-4.10797008715	1.6146640704	-2.01809585043	-0.437184627309	0.600412798864	-0.138963112654	0.796629216385	-0.588548424802	-0.0
sample13	0.321045910492	-1.34320081568	1.33264270371	1.21733313181	-1.49780538124	-1.30361109093	1.73507593874	3.04319893915	-2.32680012172	-1.97624788705	-0.676066750401	1.00283017336	-0.0
sample14	2.0890560093	-4.85937725163	-3.99563186462	0.950642886838	1.14373183416	1.53201637949	-2.36264274457	2.05779929973	0.548732298127	2.0451094157	-0.616081688857	1.04460145265	-0.0
sample15	-6.12963302982	-1.22977662146	-2.34698407836	1.97310633785	2.2072601457	-3.97156974804	-1.69366667024	-1.69573666569	0.722161648798	-1.26997547195	-0.62226452969	0.234734272961	-0.0

Biplot	0	0

Site constraints	0	0
