Eigvals	6
139.354688746	66.5840592197	46.9210415719	40.236022089	34.371388343	0.0

Proportion explained	6
0.42555312031	0.203330468596	0.143284706304	0.122870388523	0.104961316267	0.0

Species	0	0

Site	6	6
sample1	0.539038298833	4.43874585593	-1.02456895299	4.1100171495	-1.78926401662	0.0
sample2	-1.21782972014	3.29767455349	-1.7579661097	-2.0168726095	4.11396033996	0.0
sample3	-6.6140361823	-3.70232713512	2.47332215733	2.26719797453	1.38028629276	0.0
sample5	5.49277903039	0.950259330576	4.96884103893	-1.66619154813	-0.527043138039	0.0
sample6	-4.66975280503	-0.373824050115	-1.58212286918	-3.31308671806	-3.46148656947	0.0
sample7	6.46980137824	-4.61052855476	-3.07750526439	0.618935751661	0.283547091409	0.0

Biplot	0	0

Site constraints	0	0
