Eigvals	12
237.757837921	122.146118898	101.730960406	78.0937434604	55.8549837361	50.432390768	40.5683066736	34.7297947325	25.5872051579	20.509269289	15.6535953228	0.0

Proportion explained	12
0.303624959471	0.155984806744	0.129913945216	0.0997284039107	0.0713287407112	0.0644039024617	0.0518071268535	0.0443511457301	0.0326757435085	0.0261910442622	0.0199901811314	0.0

Species	0	0

Site	12	12
MCT.f.0035	-5.71293560239	4.21330820388	0.272481413101	-1.06816942411	-0.706230000204	5.10976023912	0.121927929563	-1.29525792335	0.243377589443	-0.912640543464	-0.0861878347736	-0.0
MCT.f.0036	-9.6984699041	0.837383595143	-5.05611735664	-0.0190513522367	0.501993091591	-3.46645430646	-0.510394835701	-0.407630219677	-0.288264562338	-0.344880468642	0.124096877606	-0.0
MCT.f.0037	4.00086837246	-1.60102930057	-3.70935020959	2.81442199893	-0.0734129842744	1.59000895057	-0.359449509515	-0.480356769628	-0.21046726999	1.01843898682	2.73916754134	-0.0
MCT.f.0038	3.42662611365	0.691352328443	-3.08519957135	4.01886692417	0.656990407698	1.03433416466	-1.45716574802	1.67763637453	0.912354504684	0.291573964905	-2.38698767773	-0.0
MCT.f.0039	-3.34436289156	-6.72003282005	2.1793874385	2.21671650352	-3.903415418	0.213673121608	1.80212109727	0.173547021678	-0.40407175917	-0.534519041048	-0.490561393053	-0.0
MCT.f.0042	2.78608186307	3.76038503426	-1.18892334967	-2.83737001244	-1.92413675785	-0.506406988824	2.99262420739	2.14955695684	-1.62655295123	1.56091864811	-0.247040482194	-0.0
MCT.f.0043	2.644579109	2.39699181509	2.36166286302	-0.993529540585	-2.57215360765	-1.56529156873	-2.78637663366	2.09235074411	0.947910917345	-1.9495582027	1.03053132649	-0.0
MCT.f.0044	3.63439311857	-4.41956201567	-2.31320686548	-5.77457291881	0.300024528359	0.24163120396	-0.433172970866	-1.35257426898	1.88536944155	0.163804418929	-0.577479184503	-0.0
MCT.f.0045	-2.32834719931	-0.159315185564	4.44955788979	-0.335027050777	0.254521205372	-0.402587600402	-3.13655346692	-0.948299432204	-1.07100793837	2.77513610323	-0.265287979538	-0.0
MCT.f.0048	5.81039438739	2.8578439478	1.26868491312	1.74793163343	-0.0079342615915	-2.11312260387	1.17556622745	-3.9124340318	-0.69491541538	-1.04498263839	-0.521724176267	-0.0
MCT.f.0049	0.846074377726	-2.68319426199	1.24996134167	-0.978024152705	4.4541338283	0.726356877611	0.00912606934653	1.39997554191	-2.64232885134	-1.64488485692	0.0595915936972	-0.0
MCT.f.0050	-2.06490174452	0.825868659211	3.57106149353	1.20780739163	3.01961996825	-0.861901489256	2.58174763366	0.903486006576	2.94859629479	0.621593629166	0.621881388916	-0.0

Biplot	0	0

Site constraints	0	0
