Eigvals	10
0.822525768263	0.486576802354	0.251956382222	0.108494845669	0.068072797386	0.0097550037739	0.00847170105736	0.0	0.0	0.0

Proportion explained	10
0.468447886804	0.277117001832	0.143495121214	0.0617903817047	0.0387690687815	0.00555570546233	0.00482483420105	0.0	0.0	0.0

Species	0	0

Site	10	10
MCT.f.0209	-0.0753784092601	0.465326246411	0.165133743301	-0.110813149789	0.0804816824082	0.0129561232408	0.028887639733	0.0	0.0	0.0
MCT.f.0211	-0.14675245194	0.368676456433	-0.0480966411845	0.102091602563	-0.101496767311	-0.0223145705138	-0.046099364597	0.0	0.0	0.0
MCT.f.0213	-0.288445999	-0.0268679469157	-0.216129738994	0.130705691806	0.00756346219558	0.041521257056	0.0378280452053	0.0	0.0	0.0
MCT.f.0214	-0.299888310007	-0.124554411453	-0.123812743904	0.010308579389	0.0316779377335	-0.045861803894	0.00914451032299	0.0	0.0	0.0
MCT.f.0215	-0.343312889044	-0.224346572313	0.0523108252892	-0.0834949226755	0.094824275247	0.0153275538747	-0.0326027360896	0.0	0.0	0.0
MCT.f.0216	-0.195140723396	-0.228795469052	0.271927716788	-0.0366178041139	-0.109586413055	-0.0138425985333	0.00763056637513	0.0	0.0	0.0
MCT.f.0218	0.31787932031	-0.093432310239	0.168115560714	0.133662834964	-0.00967284644497	0.0475925480734	-0.0145655856613	0.0	0.0	0.0
MCT.f.0219	0.390400825802	-0.0597953192043	0.0377074186337	0.057478245165	0.00385766941861	-0.0428928144184	0.0407320943809	0.0	0.0	0.0
MCT.f.0220	0.381804473478	-0.0392025811394	-0.0952941172112	-0.00561145364498	0.121842749882	-0.014981240515	-0.0316938703526	0.0	0.0	0.0
MCT.f.0221	0.258834163056	-0.0370080925272	-0.211862023433	-0.197709623663	-0.119491750074	0.0224955456296	0.000738700683254	0.0	0.0	0.0

Biplot	0	0

Site constraints	0	0
