Eigvals	13
390.295460582	139.747701655	73.7395853468	69.4904698349	56.4003583648	42.6935885025	31.6652658503	28.2935024469	25.3567391278	22.8432712021	20.8911997976	15.4179300533	0.0

Proportion explained	13
0.425698658544	0.152424035474	0.08042840805	0.0757938607491	0.0615163621466	0.0465662688643	0.0345375812848	0.0308599695707	0.0276568162378	0.0249153548776	0.022786213593	0.0168164706078	0.0

Species	0	0

Site	13	13
sample1	-2.88674780347	4.25230588041	0.757901442372	-2.99088578594	2.53029647228	-0.75328612712	0.613530296278	-2.1520398315	-1.61343026621	1.28874482097	1.2619134413	-1.12330758776	-0.0
sample2	5.62560412136	1.99843096498	-0.969175019391	-3.84180657104	2.56254033413	-1.22499959396	-1.42565317673	1.85517009085	0.0945595445442	-0.741211552757	-0.708898248771	1.76658833652	-0.0
sample3	-10.4907089399	-1.30377921398	1.55438982249	-1.05873957183	-0.0792487292093	3.95202290371	-1.04851783572	0.995839479712	-0.354423989455	1.28187683831	-0.95051174795	0.610774531879	-0.0
sample4	-5.1137013629	2.75003485814	-2.42335965399	1.88377893073	-0.164420788098	-0.902023435554	-2.30018446801	2.02314475439	0.789058974583	-0.820623865321	0.828926788131	-1.97517583983	-0.0
sample5	-5.99864909797	3.08595296097	-1.52599807827	-0.983153382481	-2.69797427706	-0.327027189392	0.779904327697	-2.41710602817	1.31043870261	-2.10324733068	-1.13840606004	0.750881354953	-0.0
sample7	5.55718007841	-1.27169435967	-3.55213744177	-2.00286755187	-4.61875431151	-0.0320945970776	0.598127049073	0.619172004026	-0.817389218944	1.95375885087	0.286650721183	-0.216621260048	-0.0
sample8	7.39266085346	0.223852363752	2.47526214779	-0.57790971092	-0.233571720682	2.44407012921	1.66145329461	0.872637812096	-0.984651979525	-2.21156561578	-0.7359492421	-1.57822590172	-0.0
sample10	0.264102881593	5.13188311937	0.977641872247	4.88303519853	-0.317030505617	-0.395554161654	1.71556539588	1.07830920331	-1.19872200531	0.559833489174	0.501696264857	1.55299780038	-0.0
sample11	-1.52186478608	-3.25452917352	-1.77142114232	0.169607975719	2.76115552115	-0.10627218393	3.23686145699	0.688998509007	2.68410405621	0.763994669822	0.13906568762	-0.268802258659	-0.0
sample12	4.82797126528	-2.74920008759	-0.902665461426	1.28735254256	0.576639219682	2.39313024195	-1.50113041566	-1.6957724874	0.482401924366	-0.847192075648	2.77453610367	0.899289923198	-0.0
sample13	6.73959837723	1.22978167993	3.73927655667	1.3398706957	-0.602282436401	-0.68577135339	-1.69528451761	-1.17827763152	2.23488287824	1.72963318651	-1.29120747767	-0.487314835342	-0.0
sample14	0.232817046	-4.66866415315	-2.54347310628	2.77470612632	1.91217672456	-1.12458064051	-0.759186748706	-1.34726873893	-2.12662378186	-0.100343212375	-2.09344953697	-0.21727257902	-0.0
sample15	-4.62826263298	-5.42437483964	4.18375806188	-0.882988895468	-1.62952550323	-3.23761399229	0.124515341898	0.657192864118	-0.500204839245	-0.753658203107	1.12563330672	0.286188315448	-0.0

Biplot	0	0

Site constraints	0	0
