Eigvals	15
0.703073506562	0.498697923543	0.409954396807	0.320023005466	0.248104940018	0.15583613019	0.137723075526	0.0915899277024	0.0746905556155	0.0690045202253	0.018951339192	0.0104215759663	0.0	0.0	0.0

Proportion explained	15
0.256776954673	0.182134773838	0.149723806379	0.116879006252	0.0906130445002	0.0569145709016	0.0502993095197	0.0334505318357	0.0272785323793	0.025201874906	0.00692142019188	0.00380617462405	0.0	0.0	0.0

Species	0	0

Site	15	15
MCT.f.0104	-0.21539521952	0.187125912879	0.0174028603369	-0.121783700515	0.10829527831	-0.183189038458	0.0578737167968	-0.1275455003	0.070222271668	-0.113592999018	0.00444928382103	0.00544998054388	0.0	0.0	0.0
MCT.f.0106	-0.310357977405	0.11433034393	-0.0412988666031	-0.131569298886	0.107391073684	-0.101264416235	0.00135992229663	0.110569035227	0.0182004828021	0.154576493826	-0.0238500747239	0.0131036100783	0.0	0.0	0.0
MCT.f.0107	-0.363888192109	-0.0257227513238	-0.147236797047	-0.0750902823048	0.0917617197556	0.134883964161	-0.0236134290698	0.07022470043	-0.0714486990634	-0.0380578540617	0.0265136430608	-0.0342667934208	0.0	0.0	0.0
MCT.f.0108	-0.318256524399	-0.0885606623624	-0.180415235637	0.178693739867	-0.0384804396938	0.131325725958	0.00135579654604	-0.0769821289817	-0.0252791007961	-0.0527408788031	-0.010702703931	0.0221081873349	0.0	0.0	0.0
MCT.f.0109	-0.169289694086	-0.100629353384	0.0114221449356	0.267058678178	-0.210998357251	-0.0536616314786	-0.00743644231687	-0.0334300219819	0.0963294886427	0.084837376297	0.021619847404	0.0103072125515	0.0	0.0	0.0
MCT.f.0110	-0.00778742280032	0.0445868111585	0.170676102674	0.147015772246	-0.160161195327	-0.129186450523	0.00801300911526	0.153208576274	-0.0418514744628	-0.0999204604209	-0.0147517279128	-0.0319412753508	0.0	0.0	0.0
MCT.f.0111	-0.00286230915875	0.0394503888452	0.203313809143	-0.17271053884	-0.13446503675	0.021912005508	-0.153887222676	-0.0211606338382	-0.0859009932742	-0.0245113160229	-0.0269666880913	0.0485041073249	0.0	0.0	0.0
MCT.f.0112	0.00973053808538	-0.0291267783929	0.236871476437	-0.206851588075	-0.137058422722	0.128446934834	0.0079531710634	-0.0856651376111	0.0413860020834	0.0551640249139	-0.00178250855556	-0.0438527048957	0.0	0.0	0.0
MCT.f.0113	0.101978602672	-0.23573822155	0.154188532722	-0.0908636960678	0.0644758162994	0.0738242563208	0.183990599745	0.0722132432047	0.0810909102075	-0.0356085417222	0.031094312365	0.020009842893	0.0	0.0	0.0
MCT.f.0114	0.16845310698	-0.327127983602	0.0148300413854	0.057007734429	0.124028028636	-0.0304493799692	0.0821525934469	-0.00938382962569	-0.0762768251416	0.012809556901	-0.0523937134866	0.0190475285695	0.0	0.0	0.0
MCT.f.0115	0.168078419458	-0.303808849786	-0.0712570019119	-0.0055400713554	0.102289312689	-0.141045579844	-0.142664954083	-0.0713308995513	-0.0348839165587	0.028072173488	0.0308430028218	-0.0336319295073	0.0	0.0	0.0
MCT.f.0116	0.310307765176	0.0145472594071	-0.318359831165	-0.13257919036	-0.0856250828985	0.0206236710058	-0.105326671401	0.0814750909651	0.0894227703961	-0.0417112503349	0.0244083951701	0.0199897276464	0.0	0.0	0.0
MCT.f.0117	0.248548503475	0.199838841003	-0.261734839607	-0.0194985831036	-0.102039786506	0.0097226635092	0.131343828469	-0.0450985326034	-0.0227451101995	0.0252174531341	-0.059336192317	-0.0235478318325	0.0	0.0	0.0
MCT.f.0118	0.201698144283	0.287653644351	0.0524333875792	0.0892044433239	0.0267812108228	0.0030100411841	0.0789503848948	-0.0266163816743	-0.120879641875	0.0503235783884	0.0804587414014	0.0159483432645	0.0	0.0	0.0
MCT.f.0119	0.179042259348	0.223181398828	0.159164216759	0.217506581463	0.243805880951	0.115047234028	-0.120064302828	0.00952242006611	0.0826138355715	-0.00485735656509	-0.0296036170257	-0.00722800519989	0.0	0.0	0.0

Biplot	0	0

Site constraints	0	0
