Eigvals	12
0.67478123332	0.579046934803	0.413359691476	0.357651640708	0.330994459021	0.27974128215	0.239248542385	0.187944636613	0.178977475548	0.126497865463	0.0610935620288	0.0

Proportion explained	12
0.196767238	0.16885097037	0.120536317218	0.10429176455	0.096518489666	0.0815729850287	0.0697652402826	0.0548049430205	0.0521901051614	0.0368869707262	0.0178149759751	0.0

Species	0	0

Site	12	12
sample1	-0.0204121558517	0.411378670034	0.0563339161328	0.167888387626	0.300381703139	0.128916764261	-0.0336518879268	0.0248635847475	-0.0249676625216	-0.154972210874	0.0154937282508	0.0
sample2	-0.100384295858	0.298669953618	0.19898229465	0.156850263946	-0.0880505986872	-0.0598269095103	0.0719324790714	0.102638155605	0.0483881246394	0.222498832859	-0.0629057725376	0.0
sample3	-0.152548305922	0.0523461549741	0.182368845386	0.038097833607	-0.311352158597	-0.0827905724888	0.00947654894736	-0.0820114491615	-0.231685051405	-0.0949530502667	0.0645500448117	0.0
sample6	0.140884542805	0.21369106813	-0.120334292112	-0.0930154708925	-0.265211811744	-0.00588626871909	-0.125074176268	-0.0622916286069	0.266900690028	-0.0813744989067	0.00300312381443	0.0
sample7	0.350990192744	0.203166084813	-0.222721897602	-0.290650619743	0.0700970501095	-0.08654423949	0.185638522314	-0.0257812738104	-0.131761689973	0.0505094849238	-0.00384053082669	0.0
sample9	-0.323856926758	-0.141792020467	-0.0622208859183	-0.0581174255002	0.0934027657362	-0.113694052447	0.151906801911	0.12146664201	0.127556409737	0.00326413626955	0.150183944898	0.0
sample10	-0.317282539454	-0.140542461174	-0.0719780531746	-0.0844496040854	0.0897419385125	-0.239973809361	-0.0645159484154	0.0191733208399	-0.0130109724338	-0.0906126694074	-0.153464575042	0.0
sample11	-0.248147934572	-0.0698195104637	-0.118469530294	0.0133679922223	0.105578196689	0.133934163877	-0.0812291146584	-0.309493894264	-0.00592974399219	0.134296042469	0.0170088956202	0.0
sample12	-0.0779763063368	-0.123543445773	-0.247601766206	-0.0188254174214	-0.11781631875	0.284390737304	-0.121922593226	0.223915672817	-0.104712456082	0.0303234660651	-0.0146302798526	0.0
sample13	0.392915649482	-0.249527230999	-0.143626442273	0.379484689501	0.0301988130078	-0.169789205258	-0.0537972722533	-0.0054306563885	-0.0123392567268	0.012988198433	0.0214728204631	0.0
sample14	0.23740203838	-0.174092894611	0.367849741865	-0.233861587057	0.129511850846	-0.00547400928024	-0.223622131207	0.0434877611505	0.00323478069863	0.0428835212541	0.0313393978443	0.0
sample15	0.118416041341	-0.279934368081	0.181418069546	0.0232309577974	-0.0364814302627	0.216737401112	0.284858771712	-0.0505362349383	0.0783268280322	-0.0748512528178	-0.0682107974437	0.0

Biplot	0	0

Site constraints	0	0
