Eigvals	16
0.758712254245	0.670496869089	0.539483289896	0.476934586324	0.43075515575	0.339874268581	0.322904247793	0.301347537898	0.278337466006	0.24733348274	0.206230517254	0.181318129078	0.163084634206	0.134362897699	0.112968731831	0.0

Proportion explained	16
0.146919265651	0.129836979799	0.104467126159	0.0923550117906	0.0834126914443	0.0658142499667	0.0625281253809	0.0583538208671	0.0538980830743	0.047894380843	0.039935082082	0.035110974186	0.0315801867738	0.0260184254969	0.0218755964851	0.0

Species	0	0

Site	16	16
sample1	-0.0926383527342	0.183817433398	0.147889560458	0.206047682795	-0.0471880764909	-0.316022879194	0.124818182758	-0.180532079543	-0.179474895945	0.148054829323	0.0754244402659	-0.0208048027078	0.0940314465762	0.00567382555762	-0.0151722614697	0.0
sample2	0.131097282586	-0.210856380809	0.173554842351	0.347222653862	-0.219524680457	0.0736975860203	0.164118440921	0.10546141992	0.0523145099255	-0.135222091577	0.0340113251847	-0.0748146508167	-0.10183850913	0.111455417329	-0.0417786558637	0.0
sample3	-0.231187794484	0.0653612979588	0.248261537137	-0.0460573429472	0.0275986285474	0.0432850258442	-0.0504849923395	0.274433630956	-0.164156093751	0.0954160766682	-0.0763487761743	0.213175691552	-0.0636259269815	0.0553282428216	0.0435197299575	0.0
sample4	-0.0575107069975	-0.0216652050556	0.270537631975	-0.204960675946	-0.0637582363534	0.217667610556	0.05146306418	-0.137151586522	0.027639480432	0.165007757097	0.101394364044	-0.125267558069	-0.13078689063	-0.118793812838	0.0583035751818	0.0
sample5	-0.0436666972609	0.381920733278	-0.00429908568072	-0.0587925288065	0.0637042867609	-0.0082906018849	0.112408820707	-0.160178950923	0.190147045518	-0.187261304246	-0.00424159844632	0.101523317645	-0.0398119127161	0.0898734093886	0.141731768009	0.0
sample6	-0.295114513537	-0.177625501502	-0.158684145921	0.0526393601904	-0.101512856047	-0.00480649343421	0.118693656404	-0.0568562659876	-0.0320392298349	-0.0591613544683	-0.311634370467	-0.0396248003531	0.0191579945565	-0.131064621949	0.0442269965541	0.0
sample7	-0.231501341082	-0.0991443568335	-0.295089085914	0.0381481718646	-0.133264956947	0.0812385447521	-0.143486989661	-0.136326455952	-0.137207636503	-0.119234376567	0.194719389166	0.140882232556	-0.0750863972352	-0.0422630808677	-0.0632079607423	0.0
sample8	0.303940209295	-0.026625397158	-0.226062980287	0.183235518703	0.0388488652475	-0.182930330154	-0.100594033374	0.0977711220785	0.170073071336	0.174026060571	0.00793978069867	0.0575234221346	-0.140539781432	-0.102127525006	0.0679547500046	0.0
sample9	-0.155885621816	-0.260852969077	-0.310166268991	-0.0794116060661	0.186384471428	0.0693076008985	0.137302660439	0.0470752837825	0.00244559678324	0.15817789487	0.0765436209957	-0.0776950358858	0.0705874190617	0.172464747697	0.0647542002517	0.0
sample10	0.0960743401607	0.210614303673	0.015242672128	0.32061041936	0.30626890427	0.293481539649	-0.0760956615102	0.0033744767972	-0.0321204454638	-0.00969703330543	-0.0113215429011	-0.0254162258958	0.125054252152	-0.0749832144125	-0.0301791326123	0.0
sample11	0.235055952775	0.256902670191	-0.170167617129	-0.248598309679	-0.0248986146962	-0.0328965598185	0.245816082289	0.223389259951	-0.112627456609	-0.0953916442305	0.0588275076804	-0.0489535208074	0.0113762926552	-0.0923159695385	-0.0744410571057	0.0
sample12	0.312536013033	0.191707207294	-0.110227890685	-0.112670800459	-0.269569984164	0.111224115707	-0.169627204194	-0.110113795863	-0.0442682786357	0.123419415836	-0.160514190209	-0.0202804177007	0.0267400905123	0.135313148012	-0.0618677151028	0.0
sample13	-0.304277241819	0.0283236634498	0.0803144690611	-0.0881969741363	0.0567912658793	-0.0711940731771	-0.0207146118887	0.0269183607811	0.303282963223	0.0489383560061	-0.0123396762895	0.0199301916648	0.0292468474241	0.00166029085648	-0.215616137434	0.0
sample14	-0.176621737638	0.0744869782478	0.0454150206661	-0.0475501426606	-0.0165709584281	-0.144917031771	-0.31704677508	0.138796945879	-0.0179359851375	-0.141326598909	0.0387341376312	-0.23234656597	0.0247311671003	0.016689320601	0.0745140040843	0.0
sample15	0.27807767586	-0.287594043511	0.137689224455	-0.148998820197	0.340427821485	-0.121020464585	-0.0427704637664	-0.148573765964	-0.118914989818	-0.115868804889	-0.0805453639251	0.00902433251638	-0.0993739710677	0.0335662892939	-0.0615662323115	0.0
sample16	0.231622533659	-0.308770433544	0.155792116377	-0.112666605876	-0.143735880033	-0.00782358940858	-0.0338001758839	0.0125124006099	0.092842344479	-0.0498771821793	0.0693509527457	0.123144390137	0.250137879154	-0.0604764669465	0.0688241285992	0.0

Biplot	0	0

Site constraints	0	0
