Eigvals	13
0.990703171265	0.610596622803	0.418727718794	0.131188343213	0.0689092122055	0.0317397621197	0.0126373982661	0.00496606674759	0.0	0.0	0.0	0.0	0.0

Proportion explained	13
0.436535365252	0.269048315871	0.184504766883	0.0578057615866	0.0303635932455	0.0139855499122	0.00556844010187	0.00218820714862	0.0	0.0	0.0	0.0	0.0

Species	0	0

Site	13	13
MCT.f.0395	-0.321281746497	0.120792950701	0.268074382399	-0.0789705323443	0.0615099941943	0.107609790371	0.00528588193059	-0.0160633434499	0.0	0.0	0.0	0.0	0.0
MCT.f.0396	-0.327550533908	0.109844432189	0.231450342763	-0.0701204693923	-0.00894708203985	-0.0503815332704	-0.0320276744681	0.0139221205013	0.0	0.0	0.0	0.0	0.0
MCT.f.0397	-0.319862829369	-0.0660619102504	0.157938230304	0.0211545018555	0.0156438652433	-0.0872833407666	0.0367606231411	0.00951378079409	0.0	0.0	0.0	0.0	0.0
MCT.f.0398	-0.272947942526	-0.150239173433	-0.0345255164436	0.148410357417	-0.152582022124	0.0177737653481	-0.000960719814493	-0.0145047556737	0.0	0.0	0.0	0.0	0.0
MCT.f.0399	-0.265914917626	-0.109483676039	-0.26314501605	0.0488765571574	0.013840823286	-0.0255207805304	-0.0219573665703	0.00573218737919	0.0	0.0	0.0	0.0	0.0
MCT.f.0400	-0.218175919488	-0.0966138890591	-0.314933346476	0.0208567764698	0.0624175702658	0.0598927589792	0.0101616710744	-0.00289081652075	0.0	0.0	0.0	0.0	0.0
MCT.f.0402	0.0266514746766	0.319484134629	-0.281751702764	-0.133927460116	0.0538585334696	-0.0362944354145	0.00136709133865	0.00197164130697	0.0	0.0	0.0	0.0	0.0
MCT.f.0403	0.241933739414	0.358729987867	-0.0049436916048	0.0359958277536	-0.0954624334213	0.0248167764723	0.0273986753456	0.0215424942569	0.0	0.0	0.0	0.0	0.0
MCT.f.0404	0.296725801421	0.320592399869	0.029389707045	0.0620802600317	-0.0371207658407	-0.00794169583996	-0.0368472518321	-0.0239554451934	0.0	0.0	0.0	0.0	0.0
MCT.f.0405	0.314245242219	-0.0390448478763	0.09838683927	0.155311418309	0.117990465686	-0.0254319938844	0.047926199459	-0.0146779272197	0.0	0.0	0.0	0.0	0.0
MCT.f.0406	0.296027089095	-0.206002442514	0.0902381727682	0.0770651843602	0.0625710318096	0.0319459479381	-0.0537455437913	0.037570589636	0.0	0.0	0.0	0.0	0.0
MCT.f.0407	0.280741755193	-0.29248409833	0.0251570409308	-0.12781942712	-0.0167619287657	-0.0341147548555	-0.0249361314414	-0.0349488989991	0.0	0.0	0.0	0.0	0.0
MCT.f.0408	0.269408787396	-0.269513867753	-0.00133544214097	-0.158912994382	-0.0769580517633	0.0249294954531	0.0415745456285	0.0167883731821	0.0	0.0	0.0	0.0	0.0

Biplot	0	0

Site constraints	0	0
