Eigvals	13
0.819363142593	0.438703314134	0.165477453723	0.0364213483091	0.0224594497561	0.0146428379177	0.00617424120202	0.00261898969759	0.0	0.0	0.0	0.0	0.0

Proportion explained	13
0.544116132731	0.291330593596	0.109888946053	0.0241863981434	0.0149146920447	0.00972389887439	0.0041001407932	0.00173919776451	0.0	0.0	0.0	0.0	0.0

Species	0	0

Site	13	13
MCT.f.0345	-0.289510227677	0.164959242847	0.178398116258	-0.0988315295736	0.029934668231	-0.00543832553227	0.0098528030188	-0.014361255479	-0.0	0.0	0.0	0.0	0.0
MCT.f.0346	-0.320029972923	0.141957419739	0.0867642193492	-0.0192656561386	-0.040200148299	0.0173333952411	-0.00272745204169	0.0291487775589	-0.0	0.0	0.0	0.0	0.0
MCT.f.0347	-0.311059125783	0.0453521316501	0.0374133399968	0.0601815986984	-0.051559887548	-0.0110251953467	-0.018945989937	-0.0209480049583	-0.0	0.0	0.0	0.0	0.0
MCT.f.0348	-0.293592145781	-0.0344952693997	-0.0529979961051	0.096352533246	0.0532715542446	-0.039145591005	0.0174966879339	0.00957983201205	-0.0	0.0	0.0	0.0	0.0
MCT.f.0349	-0.237492241917	-0.125416306822	-0.0961337870226	0.0202373629552	0.0405435821599	0.0478578232371	-0.0215336257821	0.000815141768424	-0.0	0.0	0.0	0.0	0.0
MCT.f.0350	-0.130745875753	-0.262415687778	-0.200685003067	-0.0503269857444	-0.0459631547831	-0.00568818246044	0.0200083057297	-0.00601304754703	-0.0	0.0	0.0	0.0	0.0
MCT.f.0351	0.156543320887	-0.284254174642	0.0484261476682	-0.0472286944696	0.0192711461339	-0.0504284135607	-0.0209179689732	-0.0098270422655	-0.0	0.0	0.0	0.0	0.0
MCT.f.0352	0.196928091815	-0.23592417903	0.0891900749549	-0.0172977776692	0.0472888275457	0.0419243879407	0.0198003694982	0.0125169989334	-0.0	0.0	0.0	0.0	0.0
MCT.f.0353	0.258390603754	-0.105340638543	0.0672898312662	0.0203021476818	-0.0726464855502	0.0327369631652	-0.0175747536082	0.00413869185748	-0.0	0.0	0.0	0.0	0.0
MCT.f.0354	0.285496387703	0.040710074979	0.0967776672437	0.0466428079373	-0.0319701625246	-0.037449460073	0.0379747972357	0.00235952128236	-0.0	0.0	0.0	0.0	0.0
MCT.f.0355	0.304334277686	0.131395346023	0.0428983449689	0.043214732276	0.0412999137921	9.06628687334e-05	-0.0317259392408	-0.00431599726632	-0.0	0.0	0.0	0.0	0.0
MCT.f.0356	0.187488782851	0.264084473613	-0.11581529868	0.00457368063072	0.00884178024275	0.0465604816961	0.0255836994434	-0.0202059118985	-0.0	0.0	0.0	0.0	0.0
MCT.f.0357	0.193248125138	0.259387567364	-0.181525656831	-0.0585542198301	0.00188836635482	-0.0373285461708	-0.0172909332767	0.0171122960019	-0.0	0.0	0.0	0.0	0.0

Biplot	0	0

Site constraints	0	0
