Eigvals	15
400.98467524	152.449651552	104.948651315	74.1054308867	65.8445238378	44.2853372974	40.1583648897	32.1311004233	28.0396448919	25.2878186486	23.3610822767	21.9370432394	17.3843661265	15.0025729826	0.0

Proportion explained	15
0.383379774914	0.145756475762	0.100340967631	0.0708518932707	0.0629536745093	0.0423410262123	0.0383952451128	0.0307204110498	0.0268085874876	0.0241775778981	0.0223354332922	0.0209739155103	0.0166211199184	0.0143438974314	0.0

Species	0	0

Site	15	15
MCT.f.0511	-0.574042374082	4.30145268636	3.96543395673	-0.629091898898	0.556503100042	-1.0970794464	1.27511183224	-2.41390377345	0.282675420594	-1.45011358633	-0.71126937009	-0.900333106873	-1.88466314494	-0.894410526657	0.0
MCT.f.0512	3.40248999091	0.250030430534	5.74545287784	0.482100696625	1.1023106924	2.50477173035	-2.96101169528	0.750937027725	1.42080045672	0.709899790142	-1.17484943556	-0.195829555966	0.782984680904	0.188149703613	0.0
MCT.f.0513	-2.93656116834	-3.82807893143	3.26071129645	-1.19931068969	-1.17432329114	-1.63500661054	0.469603581207	2.48163934202	-0.124590455645	-1.36771139042	2.0769821108	-1.29422227335	0.6967554171	-0.892108831585	0.0
MCT.f.0514	5.55079419354	-1.32820572395	3.24239357485	0.399972457614	-1.94892683713	-2.28446682577	0.395608520728	-1.07939620487	-1.27780984019	1.11057324267	0.906754802512	1.64559712505	-0.141552491962	1.97540613283	0.0
MCT.f.0515	-10.6516772524	1.01963097894	0.386469935035	-1.48421772572	-0.654807531808	3.74189793749	1.48893928985	-0.251278532533	-0.411622563143	1.52412596635	1.42481663719	0.226479713134	-0.6589071946	0.553814035912	0.0
MCT.f.0516	-5.29401723652	-3.16577160076	-0.4602596774	2.50229868029	1.36803793842	-0.576310995356	-0.894533329881	-2.8059844168	-1.42519992528	0.632212351251	-0.0716529444408	0.391037022339	1.66840593532	-1.52362731302	0.0
MCT.f.0517	-6.21032632061	-3.78325910884	-1.04022334918	1.49063822739	-2.47308334141	0.188783920091	-0.455136935791	1.2460600159	-0.443779408667	-1.65960088281	-2.62483512295	1.2259048043	-1.08654971658	0.357330939724	0.0
MCT.f.0519	5.24943423743	0.361571690237	-2.95229026798	3.54035705322	-4.53993639121	0.79708918111	-0.574161785047	-0.705839914313	1.45683462158	0.59246984844	0.898846283451	-1.55518319918	-0.48429337999	-0.434385230035	0.0
MCT.f.0520	7.13858118491	-0.439105515049	-1.12292226816	-2.56118382266	-0.641576071884	1.2870031493	2.54652960249	-0.104878570677	1.46959427113	-0.572115366754	-0.239234446375	2.30564103263	1.01404841195	-1.25555566065	0.0
MCT.f.0522	0.0151306833823	-5.83288388174	-2.40471918367	-0.702604150097	3.80683992813	-0.591606862573	0.447638601155	-0.972542956476	2.41809535246	-0.159565319237	0.220761478309	-0.881325632825	-0.600746772046	1.33154902569	0.0
MCT.f.0523	-1.77639079418	3.05992108342	-0.424340859811	1.74822225865	1.07110409828	-2.06653400842	2.64578722112	2.0444094846	0.313332384628	2.4149227434	-1.67482666783	-0.768254814702	0.611078386465	-0.0622071129695	0.0
MCT.f.0524	4.57828002085	2.36910076049	-1.52026246481	1.06448052858	1.25848804103	1.9286930688	1.15346653457	0.060020739197	-2.25186318675	-2.2064657731	-0.186042191413	-1.32473262321	1.30980660999	1.29684635193	0.0
MCT.f.0525	6.488302656	-1.83296493108	-2.21494085949	-3.56650312408	0.826081282668	0.211136704763	-1.51020633143	0.7180571361	-2.41916769567	1.45633938079	-0.472540161976	-0.71216791491	-1.43696237552	-0.946073174084	0.0
MCT.f.0526	0.00598808773966	4.06276171736	-1.72023945559	2.92923250926	3.04072447436	-0.507976937311	-1.5520949571	1.57469201059	0.141559816095	-0.67020170009	1.84147908713	1.90520934246	-1.01624936467	-0.370726361667	0.0
MCT.f.0527	-4.9859859086	4.78580034551	-2.74026325482	-4.01439100047	-1.59743609075	-1.90039400553	-2.47554014884	-0.541991387023	0.851140752129	-0.354769304311	-0.214390058752	-0.067819918901	1.22684499857	0.675998020978	0.0

Biplot	0	0

Site constraints	0	0
