Eigvals	17
0.796717486002	0.671087080531	0.555902494854	0.482995494943	0.43229772084	0.34375507456	0.326504312541	0.301348354992	0.284644655685	0.247348921235	0.240027189643	0.181673141348	0.164837495331	0.148244812895	0.114087272321	0.0963753983695	0.0

Proportion explained	17
0.147873074326	0.124555706988	0.103177114076	0.0896453636047	0.0802357098066	0.0638019380564	0.0606001466322	0.055931128008	0.0528308730085	0.0459086766098	0.0445497420077	0.0337190615314	0.0305943168401	0.0275146668937	0.021174928373	0.0178875532377	0.0

Species	0	0

Site	17	17
MCT.f.0545	-0.0652630365041	0.189557026596	0.0908283650462	-0.241087835737	0.0422559315134	-0.341353537358	0.060007003907	0.180196221718	0.116777947771	0.140460260479	0.155347345895	0.0178784889457	0.0797895297112	0.0429934735341	-0.0186397907693	-0.0103896650055	0.0
MCT.f.0546	0.133780680259	-0.215914825424	0.127967599074	-0.358737427996	0.23279520501	0.0379810427545	0.173262910912	-0.105929187696	-0.0610012768652	-0.134654372586	-0.00910124955612	0.0625825536698	-0.129210230123	0.0892812575277	-0.0189492829878	0.0520585882798	0.0
MCT.f.0547	-0.227252603426	0.0735682675395	0.202303313477	-0.0177178679448	-0.0529608198056	0.00193332008755	0.00602849942191	-0.273127721116	0.221105705622	0.0992231751091	-0.0991944528236	-0.209649598002	-0.0495369514988	0.00638673593721	0.0559429875852	0.016380430197	0.0
MCT.f.0548	-0.0940642994875	-0.0269888652149	0.291724053271	0.164775137998	0.0409609338801	0.180545885128	0.110889302815	0.137377646357	-0.00878814421954	0.164287070274	0.0392882312804	0.10848295761	-0.146278168582	-0.0634100365477	0.0147591832789	-0.132165864196	0.0
MCT.f.0549	-0.0129898563769	0.384896363994	-0.00302653374898	0.0505333974165	-0.0700068767669	-0.0259196567956	0.0986164165382	0.159412846633	-0.183572983321	-0.182921474314	-0.0842382019808	-0.106251206955	-0.0485854877337	0.0578023533334	0.152885903495	-0.00615770107985	0.0
MCT.f.0550	-0.252956492689	-0.156119449303	-0.224569647327	-0.0552114939299	0.0929341354683	-0.0630003966668	0.144624544205	0.0572371055228	0.0771520679568	-0.049962280847	-0.238555343572	0.0777212594049	0.0938497783739	-0.194527011488	0.033469530142	-0.0107477953402	0.0
MCT.f.0551	-0.201732917383	-0.0820006148403	-0.313474961779	0.00878146725602	0.146839387169	0.110347129326	-0.120380572557	0.136975881031	0.124742318083	-0.125955151953	0.155810639815	-0.163081581918	-0.0975781436714	0.00923323330541	-0.0826109225124	-0.0507323571654	0.0
MCT.f.0552	0.339652277726	-0.0334712608516	-0.215595658247	-0.133883770889	-0.0105709669084	-0.114723508608	-0.174272835644	-0.098611312194	-0.190699639024	0.174192679964	0.0120716466612	-0.0568254397091	-0.109839931327	-0.138983005965	0.0518379425815	-0.0371074979309	0.0
MCT.f.0553	-0.119534455275	-0.244901718604	-0.33551023185	0.100128605303	-0.185142404369	0.0476565967407	0.141435378149	-0.0474820891814	-0.0248690114668	0.155678699954	0.0643478289753	0.065427846528	0.0220694674016	0.186040998039	0.0889536670088	0.029802270884	0.0
MCT.f.0554	0.129305299045	0.209665365372	-0.02010540875	-0.322010675132	-0.274719888806	0.32457658976	-0.0238208935469	-0.00296066566756	0.040324982781	-0.0104663323831	0.0151319212985	0.0329261695782	0.131937637554	-0.0294416439721	-0.0474799304259	-0.0342488278293	0.0
MCT.f.0555	0.261933841869	0.24849057659	-0.10932824533	0.276279879359	0.0142433990787	-0.0801851484429	0.228441445735	-0.223994992968	0.0510799334915	-0.101798115599	0.128508438241	0.0483022076549	0.0174424109322	-0.0610695281853	-0.0912624767257	-0.0225942602386	0.0
MCT.f.0556	0.335817464924	0.179304392219	-0.0532120887217	0.151532861053	0.268715172561	0.115386672676	-0.113837975887	0.111311967007	0.116262271368	0.1305702064	-0.16932817086	0.0321397789511	0.0284065311741	0.0814541207096	-0.0226190707013	0.106110667741	0.0
MCT.f.0557	-0.299077999584	0.0414319231129	0.048026736204	0.0547560049804	-0.0727673195697	-0.0678520093515	-0.0403333532683	-0.0275215140112	-0.259765899401	0.0567900248079	-0.141105999891	-0.0254989688906	0.00833578737402	0.0602331140945	-0.218982520795	0.00984488983135	0.0
MCT.f.0558	-0.1715919581	0.0817438750486	0.0325107215273	0.0342838136359	0.00969927280476	-0.0871250288115	-0.329293872511	-0.137944163158	0.0539682410172	-0.140660967665	-0.00750431368908	0.223030047298	-0.00993984759557	0.0674366429082	0.0601980047013	-0.0659121161246	0.0
MCT.f.0559	0.273227565684	-0.30023336879	0.142784981548	0.101727187626	-0.359340551007	-0.126001798334	-0.0495158455082	0.149106969613	0.130639557147	-0.114427480177	-0.0543254449534	-0.00375276636586	-0.0836143982589	-0.0238636369874	-0.0422150236739	0.0634281461232	0.0
MCT.f.0560	0.194526131368	-0.324095661786	0.193844211785	0.105360595482	0.134762143209	-0.000440428851068	-0.0391555451679	-0.01273273578	-0.0907719429095	-0.0502497353343	0.0258210856436	-0.122687778649	0.236244523335	0.0423415297653	0.0363392357822	-0.104033759646	0.0
MCT.f.0561	-0.223779642049	-0.0249320256584	0.144832793821	0.080490121519	0.0423032465385	0.0881742767465	-0.0726946075911	-0.00131425611061	-0.112584128032	-0.0101062061316	0.207026039516	0.0192560308493	0.0565074929335	-0.131908596008	0.0483725640171	0.1964648515	0.0

Biplot	0	0

Site constraints	0	0
