Eigvals	9
848.959994579	175.402570859	89.0511396365	78.222033979	65.1084519514	45.5765391902	29.2769694803	25.2867048407	0.0

Proportion explained	9
0.625668621257	0.129268617337	0.0656291275367	0.0576482666605	0.04798378678	0.0335891097565	0.0215766128514	0.01863585782	0.0

Species	0	0

Site	9	9
MCT.f.0462	-2.93883339029	0.0567133757783	6.59036727241	3.74306302806	1.70810016694	-2.50511590573	0.918530690202	-0.115944345799	0.0
MCT.f.0463	26.9006385684	-1.70847936467	0.556754571966	-0.846395264891	-0.0316861908695	0.129235911298	-0.277592413848	0.326098426285	0.0
MCT.f.0464	-4.09917391972	-1.84347212726	0.00540812100394	1.52607656272	-4.44040671716	-0.447632872263	-3.58566352449	-1.36389773082	0.0
MCT.f.0467	-1.29863265059	-3.56381552843	-3.40800183709	3.73887787965	-0.612556776008	2.20464828153	2.80370674842	-1.77397559009	0.0
MCT.f.0468	-5.79877610778	-4.42494530739	-2.41745398074	0.859197378951	0.423235870391	-0.473115582041	-0.333514855302	4.05768626101	0.0
MCT.f.0470	-4.01331201128	-2.12669446624	-2.58248090704	-2.98400781292	5.12348015727	-1.85586000458	-1.12360567711	-1.83759810307	0.0
MCT.f.0472	-3.1313604887	2.84648520629	-0.513087441927	-4.42906939705	-3.7571736879	-2.73378063804	2.39917213426	-0.0161665399293	0.0
MCT.f.0473	-6.19081020929	-0.372969505087	3.9949850719	-3.68791474358	0.411027051254	4.70378699278	-0.0940177421368	0.19467483849	0.0
MCT.f.0475	0.570260209278	11.137177717	-2.22649087049	2.08017236906	1.17598012608	0.977833817056	-0.707015359996	0.529122783921	0.0

Biplot	0	0

Site constraints	0	0
