Eigvals	8
840.127435014	175.400565475	81.3908208978	66.6101367809	51.8387381764	30.5592378688	25.3069753159	0.0

Proportion explained	8
0.660875570355	0.137976625828	0.0640250549389	0.0523980176123	0.0407782846161	0.0240390361205	0.0199074105294	0.0

Species	0	0

Site	8	8
MCT.f.0463	-26.5518710746	1.70886582948	1.02517468661	0.033473125735	-0.104342160232	0.257271755057	0.313554296639	-0.0
MCT.f.0464	4.44535409029	1.83810873817	-0.802671248366	-4.65668101687	0.55862348368	3.51816475247	-1.48978529899	-0.0
MCT.f.0467	1.68191050207	3.5543953982	-4.81922135967	-0.98336298302	-1.50691235213	-3.22782429386	-1.70590982968	-0.0
MCT.f.0468	6.17723152419	4.41511550039	-2.06378464731	0.670266664984	0.582586780824	0.470933846455	4.04194319933	-0.0
MCT.f.0470	4.40914383912	2.11497470114	0.529655458888	6.22547664757	1.6709266195	1.23535471464	-1.86384248714	-0.0
MCT.f.0472	3.53243510888	-2.85795841423	3.46027051937	-1.98892569246	4.7360585865	-2.30725049257	0.0691868993509	-0.0
MCT.f.0473	6.51275018696	0.370831667049	5.60093352238	-0.174940422747	-4.70911947104	-0.531898468822	0.141997623835	-0.0
MCT.f.0475	-0.206954176865	-11.1443334202	-2.93035693189	0.874693676798	-1.2278214871	0.585248186625	0.492855596648	-0.0

Biplot	0	0

Site constraints	0	0
