Eigvals	11
211.423888645	166.019585963	118.997578653	67.2486434589	59.6257165682	42.1115047367	34.9365582214	34.3962510208	19.4227972664	13.4191859555	0.0

Proportion explained	11
0.275434363624	0.21628350184	0.155025160871	0.0876087722838	0.0776779360356	0.0548611397829	0.0455139139791	0.0448100239366	0.0253032230139	0.0174819646337	0.0

Species	0	0

Site	11	11
sample1	-6.62907332762	0.937575254801	0.611814897138	3.05657939081	-2.80974952026	-0.508717391559	2.55527173122	0.376595516324	1.90810441239	0.703233841698	0.0
sample2	-9.61741326726	-0.560559763463	-0.314789480517	-2.46353185621	1.08497680508	-2.41008210647	-2.40037202255	-0.727779957864	-0.352528190736	-0.677857486339	0.0
sample5	0.898941435496	1.66647066529	1.57295521726	4.21097451035	3.74675594847	1.1826911213	-2.62500259586	-0.32490017411	0.482692054854	1.28534082605	0.0
sample6	-2.24977507226	4.37594979435	-0.447441887918	-0.245395430107	3.35148359261	1.92153802864	2.94488751457	0.894868383471	-1.66335712749	-1.01787300391	0.0
sample8	4.58594003261	-3.8206524661	-2.57494327183	-1.29301266616	2.6700180234	-3.58862357534	1.85998773252	0.507066159565	0.253025694826	1.19233938399	0.0
sample9	1.17789689333	1.90360809182	-4.70219606242	-3.99325475102	-0.708550028083	2.91551590957	-1.00775435317	0.977014743873	1.82799197128	0.50011305995	0.0
sample10	2.69050354245	2.34527161741	-6.13165541786	2.64384296914	-3.02638078413	-0.791785335235	-0.754184132391	-1.53633172561	-1.78150194339	-0.259834446084	0.0
sample11	5.81090544196	2.97980143889	3.00890116257	0.372416580936	-0.28876394501	-1.67260302702	-0.523463487868	0.358882261325	1.66324339964	-2.30493436899	0.0
sample12	2.07807634172	3.7496182016	5.87526918689	-2.57079249697	-2.57783445463	-0.435298714132	-0.269584083897	0.534926246269	-1.5426634035	1.49586793438	0.0
sample13	1.1686071224	-5.36176185131	2.30199410772	-1.00980437668	-0.118908900165	2.02802198569	1.02320709182	-4.28977974803	0.157644011625	-0.274545020617	0.0
sample14	0.085390857182	-8.2153209833	0.800091548967	1.29197812591	-1.32304673728	1.35934310455	-0.802993394394	3.22943829479	-0.95265087949	-0.641850720122	0.0

Biplot	0	0

Site constraints	0	0
