Eigvals	15
710.547721729	372.100615247	120.965787154	102.270615942	77.038898303	70.8360546732	58.3799066705	52.6139571289	42.5228423984	39.7294239088	27.2335725221	24.0377284932	20.0960730688	15.5260658666	0.0

Proportion explained	15
0.409797579853	0.214603364316	0.0697651759405	0.0589830205933	0.0444310116177	0.0408536159975	0.0336697222917	0.0303442986847	0.0245244019091	0.0229133403273	0.0157065482993	0.0138633939149	0.0115901041637	0.00895442209185	0.0

Species	0	0

Site	15	15
sample1	-6.09446551311	3.34385588705	-2.69239118921	0.55501963313	-1.69226554012	2.16628091694	4.77587010384	-2.27686312773	-1.07160163448	-1.35255700711	-0.917636263513	-0.0938636581199	-0.385767986405	1.13982728379	-0.0
sample2	-3.54579361364	-0.0312844867964	-3.84148379705	2.22974368267	1.31802104538	0.272521953097	1.11959293017	-0.0573547361025	0.194742965335	0.50747639296	0.334641717275	-1.02315135599	1.63135921812	-2.82064639793	-0.0
sample3	-3.2462532562	0.563621776423	-0.815937020398	3.85914564353	3.78264261243	-1.9717630904	0.985447974838	1.54360820978	1.25920472871	2.57188898728	0.833680368372	-0.919539982327	-0.650952880745	1.66439570019	-0.0
sample4	2.51063919979	-4.94198422082	-5.88614436268	-0.104599936769	-0.0914276570982	0.585368999475	-3.67611584831	-1.06524655654	0.169569401732	0.774393056366	-2.4431224217	0.72347213081	0.444201363469	0.861225344266	-0.0
sample5	9.88434120482	-6.54779617162	2.19267307155	-1.29491901958	-2.98751673665	-2.33835873039	3.27681297751	0.739111956289	0.524966474988	2.41371455374	-1.04156753588	0.852066620398	0.305669183681	-0.380146968142	-0.0
sample6	-2.052898309	1.14765489115	2.98294064574	0.548971069769	3.69075700793	-1.24019381557	-0.362320333345	-2.61071869466	-0.957706669002	-0.112655590527	-1.02862712884	2.08227722098	-1.92993042315	-1.18586981326	-0.0
sample7	10.7260446274	-7.96249690472	-0.710882386825	-2.18613217251	3.35742485107	2.15507396002	0.721260551164	0.729700118774	-2.0360187461	-1.73270380883	1.92477889837	-0.194632129424	-0.0236796633615	0.363557821434	-0.0
sample8	-8.95314816577	2.08584155433	1.46013565034	-2.02238254808	-0.825649593003	-2.98562654288	-1.26076998475	0.957666927478	-4.43188831314	0.533786667688	0.0959703727824	-0.389892018429	1.29760687294	0.437636929089	-0.0
sample9	-0.22997529948	-1.95558802535	2.42338393888	-0.177754018754	-2.56830394735	1.93520685359	-1.9489039575	-3.75896557709	0.216649139529	2.03703105861	1.68442869018	-1.96459127064	-0.792375514489	-0.0859802439585	-0.0
sample10	0.743335164099	1.58515609028	4.26756825564	4.05829328319	-0.93562972524	4.75717124196	-1.00837950416	3.10730978782	-0.719979308395	0.044601319856	-1.33745192666	0.236157534796	0.166623945135	-0.111951945566	-0.0
sample11	-6.57647607148	1.2129408179	1.90164662376	-2.01714326944	0.550203506426	1.21161823287	-0.212739572031	-0.780591108187	2.66673876261	-0.102961600389	1.55389399251	2.39323158337	2.20707137568	0.622830442284	-0.0
sample12	-7.04210070951	1.85957377071	-0.724378495443	-6.45582804599	0.360590839493	1.04132572255	-0.0732697101274	2.69306995384	1.77088165141	0.109814875634	-0.777631506586	-1.03839560124	-1.60509486905	-0.530651360935	-0.0
sample13	0.673818933018	-2.9479434069	3.24254538667	1.16768463865	0.198998572162	-2.83236059875	-0.551631104056	-0.732231453933	1.9540590635	-3.70518037497	-1.28837430554	-1.92371466922	0.69718802112	0.291916388723	-0.0
sample15	15.7066899623	14.2012899388	-1.07962869319	-0.802757730408	-0.203756910221	-0.865615232092	-0.678910921393	-0.185451448103	0.178753808636	-0.148815337923	0.321297855979	-0.126318005332	0.226195817558	0.0597059284558	-0.0
sample16	-2.50375815332	-1.61284151048	-2.7200476278	2.6426587906	-3.95408832521	-1.89064987042	-1.10594360184	1.69695574835	0.281628674665	-1.83783319239	2.08571919325	1.38689360036	-1.5881144605	-0.325849108437	-0.0

Biplot	0	0

Site constraints	0	0
