Eigvals	8
218.57384934	158.334437223	71.822118224	52.1348069638	46.3747421664	28.6355929237	25.1071745427	0.0

Proportion explained	8
0.363694065674	0.263459217028	0.119507792268	0.0867492610166	0.0771648510287	0.047647947112	0.0417768658721	0.0

Species	0	0

Site	8	8
sample1	2.01207703	-1.58019914703	-3.27327898833	0.212216470681	-3.74224106084	-3.0911517258	1.17509787118	0.0
sample4	0.0750956665675	-5.06801747851	1.74407000311	1.79707364046	-0.632072055185	2.7099332949	2.93624565793	0.0
sample5	5.14676179031	-2.42293619214	1.79297342988	-0.0709344403204	-2.41378322633	1.35752037588	-3.47832308104	0.0
sample7	4.25595191919	1.01942891015	5.16931819558	-2.30204953402	2.30470073057	-2.19719137044	0.849393871721	0.0
sample9	0.116142722688	3.76436830117	-3.42061043373	-4.9184956989	0.342952854731	2.04250756261	0.508216443894	0.0
sample10	5.25493402902	3.73333698587	-2.94599734722	4.03898386382	3.20479249682	0.107494498211	-0.354726384912	0.0
sample12	-8.69844823363	7.16834479582	2.3791129151	1.68885701656	-1.76900652334	0.0103682156374	-0.287681863744	0.0
sample13	-8.16251492415	-6.61432617534	-1.4455877744	-0.445651318276	2.70465678357	-0.939480851003	-1.34822251502	0.0

Biplot	0	0

Site constraints	0	0
