Eigvals	14
0.806010705559	0.468151203458	0.340986347915	0.230187689482	0.164485423045	0.0816422582591	0.0260804113949	0.0226938126699	0.00749626717073	0.0	0.0	0.0	0.0	0.0

Proportion explained	14
0.3752842116	0.217974468686	0.158765624155	0.107176995258	0.0765855613103	0.0380132054236	0.0121432216235	0.0105663976139	0.00349031432922	0.0	0.0	0.0	0.0	0.0

Species	0	0

Site	14	14
MCT.f.0106	-0.289650812211	0.11454335245	0.0128617062507	-0.277848285982	0.00345014009811	-0.145854146256	0.0103583575287	-0.0405987149101	0.00933071165216	-0.0	0.0	0.0	0.0	0.0
MCT.f.0107	-0.342495416196	0.0900834506874	-0.12320430552	-0.146575743129	0.00136515506247	0.0695341426369	-0.0171651204267	0.0139826018757	-0.0329937187085	-0.0	0.0	0.0	0.0	0.0
MCT.f.0108	-0.348276382819	0.0224062915326	-0.140059546893	0.0426330843515	-0.00346771241202	0.0612277263426	0.000187328898488	0.0509475561621	0.0488401773369	-0.0	0.0	0.0	0.0	0.0
MCT.f.0109	-0.301300963055	0.0209484343221	-0.112171281003	0.207542515896	0.0446471299594	0.0800526825845	0.00792030150138	-0.02942343838	-0.0253562002266	-0.0	0.0	0.0	0.0	0.0
MCT.f.0110	-0.178622900912	-0.0560793643929	0.088063454937	0.260496276462	-0.0142590411005	-0.133130772831	0.0208622544953	-0.0321703360133	0.0139053325596	-0.0	0.0	0.0	0.0	0.0
MCT.f.0111	-0.0655622394434	-0.0915550427006	0.250533863357	0.0341514301669	-0.105201627858	-0.0301907001511	-0.0795618407097	0.0195692370573	-0.0274589464042	-0.0	0.0	0.0	0.0	0.0
MCT.f.0112	0.0114971436314	-0.139135427294	0.265070500638	-0.0330969429188	-0.100356104577	0.0308763994296	0.0367697647255	0.056293517721	0.0139069136462	-0.0	0.0	0.0	0.0	0.0
MCT.f.0113	0.106547254581	-0.277320624	0.107971894688	-0.108332986125	-0.0129015438188	0.124667239122	0.00249098239737	-0.0604396935428	0.00558017943794	-0.0	0.0	0.0	0.0	0.0
MCT.f.0114	0.170523735498	-0.26062767202	-0.0892175228947	-0.0478364053114	0.114353101973	-0.0200247460143	0.0833068614903	0.0132489875905	-0.00711890746732	-0.0	0.0	0.0	0.0	0.0
MCT.f.0115	0.224434095573	-0.222561575228	-0.16911909863	0.0240072272299	0.106264447687	-0.0543262375596	-0.0587121716294	-0.022238505306	-0.00365502298615	-0.0	0.0	0.0	0.0	0.0
MCT.f.0116	0.294076444502	-0.00501930530624	-0.248222473709	-0.00656837383546	-0.114876001838	-0.0604109382582	-0.0188127272151	0.065994803917	-0.00802236369225	-0.0	0.0	0.0	0.0	0.0
MCT.f.0117	0.305254602773	0.222665690503	-0.082548648519	0.00878527001144	-0.150465783638	0.0527610029957	-0.0221378125398	-0.0581024667598	0.0305416270145	-0.0	0.0	0.0	0.0	0.0
MCT.f.0118	0.221098321411	0.322110523018	0.0600198991325	0.0420798196237	-0.0485449148027	0.00367708986632	0.0704733227361	-0.00409634095905	-0.0300350798176	-0.0	0.0	0.0	0.0	0.0
MCT.f.0119	0.192477116667	0.259541268429	0.180021558166	0.00056311356101	0.279992755265	0.0211412580936	-0.0359795012523	0.0270327915474	0.0125352976553	-0.0	0.0	0.0	0.0	0.0

Biplot	0	0

Site constraints	0	0
