Eigvals	11
0.823470700651	0.504590057842	0.248089482381	0.0547967146277	0.0199381562153	0.0166270045815	0.00318271505979	0.0	0.0	0.0	0.0

Proportion explained	11
0.492891152348	0.302024073081	0.14849479254	0.0327987574985	0.0119340503371	0.00995214941079	0.00190502478373	0.0	0.0	0.0	0.0

Species	0	0

Site	11	11
MCT.f.0532	-0.308398469108	0.253920346854	0.270635579113	-0.0949316419576	0.005190100783	-0.0214641270497	0.0167625793659	-0.0	0.0	0.0	0.0
MCT.f.0533	-0.362624917495	0.223052749132	0.0682835451614	0.0548324112167	0.0119585600624	0.0371705553278	-0.0296017516632	-0.0	0.0	0.0	0.0
MCT.f.0534	-0.254172379663	0.0472595074898	-0.104707549005	0.0932843096358	-0.0525268728589	-0.0441191648878	0.0091679961474	-0.0	0.0	0.0	0.0
MCT.f.0535	-0.214618185194	-0.0502296641055	-0.1800842549	0.0134925911793	0.042985466049	0.0011602300057	0.018311615295	-0.0	0.0	0.0	0.0
MCT.f.0536	-0.17339891001	-0.105295022233	-0.21035100152	-0.0113390690021	0.00625775436332	0.0424270117183	-0.00724961887884	-0.0	0.0	0.0	0.0
MCT.f.0538	-0.0294977348446	-0.272741357347	-0.072357434541	-0.0836581859958	-0.0103235972147	-0.0700094990439	-0.00726060879899	-0.0	0.0	0.0	0.0
MCT.f.0539	0.0588696193071	-0.334532069251	0.106596466454	-0.0671857355805	0.0368222942579	0.0428052413541	-0.00286586692496	-0.0	0.0	0.0	0.0
MCT.f.0540	0.150054326552	-0.256839844995	0.192682497215	0.0688489246666	-0.0790040802497	0.0291971058217	0.0058949082009	-0.0	0.0	0.0	0.0
MCT.f.0541	0.355389229065	0.0058659380696	0.10545831129	0.115879646571	0.0805910258364	-0.0355787892772	0.00184106324375	-0.0	0.0	0.0	0.0
MCT.f.0543	0.392919047874	0.210176530972	-0.0550646863937	-0.0518310932772	-0.0256274777455	-0.0225379200385	-0.0293513426916	-0.0	0.0	0.0	0.0
MCT.f.0544	0.385478373517	0.279362885414	-0.121091472874	-0.0373921574564	-0.0163231732833	0.0409493560695	0.0243510267047	-0.0	0.0	0.0	0.0

Biplot	0	0

Site constraints	0	0
