Eigvals	10
399.970187538	125.471882596	120.886118716	110.933574478	58.9633716367	41.9327137521	29.8461089123	22.4069826416	15.1612974178	0.0

Proportion explained	10
0.432132870079	0.1355614154	0.130606897867	0.119854042678	0.0637047755279	0.0453046364667	0.0322461151027	0.0242087886059	0.0163804582727	0.0

Species	0	0

Site	10	10
sample1	-11.780864727	-2.65051702389	-7.61777037048	1.06887983628	-0.467321971775	0.235111913871	0.168534449791	0.00399238112774	-0.102732007602	-0.0
sample2	-8.26864870805	5.8655981216	2.82453123437	0.442807708961	2.74395184315	-1.21754137109	-2.42674797869	-0.436751422661	0.525525471254	-0.0
sample3	-2.27096927656	-3.05784317373	2.47018170321	-6.67162780619	2.96478691668	-0.782678450671	2.26977233962	-0.367167151646	-0.530423386984	-0.0
sample5	-5.14915999716	2.68583363669	3.92029280924	-0.185336420758	-5.19060218966	0.324184321983	1.7079729586	1.42028962864	-0.154165778373	-0.0
sample6	0.71817263437	-3.31433972159	2.92763877681	1.81696151861	-1.37412025361	2.57309960098	-0.651467487922	-3.32726716273	0.43168278019	-0.0
sample7	2.55602184324	-1.19491310148	1.41205747379	4.29000383714	3.25479379049	3.26313800957	0.539690324214	2.32978066656	-0.255109598401	-0.0
sample10	3.73640244505	-5.13310547587	1.59877813573	1.89489309104	-1.04747316479	-3.58400110955	-2.14266693274	0.877763103308	-1.15798502748	-0.0
sample12	7.11627859568	4.8432108781	-2.77292498903	2.88331215592	0.513803426598	-1.44973931512	2.09005973282	-1.50796498542	-1.4849743946	-0.0
sample13	6.18463406655	-0.315416484777	-1.58924839459	0.0668841330922	-0.122989792961	-1.58575854816	0.799650546665	0.420543305838	3.24164961377	-0.0
sample15	7.15813312383	2.27149234493	-3.17353637905	-5.6067780541	-1.27482860412	2.22418494819	-2.35479795235	0.586781636984	-0.51346767177	-0.0

Biplot	0	0

Site constraints	0	0
