Eigvals	13
395.612706419	212.75316809	140.835157371	64.4339644805	53.7231485697	42.504970377	38.4980917543	32.4989049609	28.5426177244	18.1493308066	14.6423651687	12.9847595191	0.0

Proportion explained	13
0.374924668675	0.20162752551	0.133470371043	0.0610644764243	0.0509137683164	0.0402822297591	0.0364848854989	0.0307994181609	0.0270500196779	0.0172002358088	0.0138766622518	0.0123057388742	0.0

Species	0	0

Site	13	13
MCT.f.0107	-10.1174046381	1.1169824211	0.651656766084	-1.37784117699	-0.0514339697879	-1.95639422212	-1.50042891449	0.252097030435	1.52811254914	0.87240296968	0.67632574901	-2.03992381395	-0.0
MCT.f.0108	-10.2519023046	-1.19450502558	1.45178222449	-1.38027902489	-0.590015155504	-1.68832142593	-0.516457973456	0.537068159368	-0.904895676502	-1.27881236041	-1.28477749606	1.92471879151	-0.0
MCT.f.0109	-6.55180877999	1.26050535138	0.307428277909	-1.2646766104	1.73596042175	4.54856926557	2.092283503	-0.411449722276	0.909603360558	-0.328534133407	1.02721027173	0.408387913769	-0.0
MCT.f.0110	6.22582451471	-0.316360877358	8.3535178786	-0.709202603272	-3.39102524669	-0.105649366038	1.30214096036	0.394881654227	1.27091751898	0.0421401480403	0.141124427838	0.0437280196555	-0.0
MCT.f.0111	1.90110421149	8.12320277722	-0.338783619178	1.92330857596	2.42923980708	-2.62729804331	3.13651738776	0.571434275251	-0.447444851762	0.0916354407222	-0.0205372411083	0.0544203517571	-0.0
MCT.f.0112	-1.05112530334	-2.31590341764	0.941406277271	0.519318613405	-0.670695573817	-0.00606479640744	-0.0583339167565	-1.56152699232	-3.41715756782	2.35996600971	1.05255280462	0.350646805296	-0.0
MCT.f.0113	5.191819422	3.7828499408	3.4095424719	-0.669665274494	3.10011291448	1.31466365653	-3.17843121501	-1.45259282228	-0.528313196228	-0.229614899485	-1.36715199452	-0.377056239317	-0.0
MCT.f.0114	3.83902465155	6.47094632838	-4.82359638791	-1.83754520239	-3.2582954901	1.11481253851	-1.59366420699	1.98662722383	-0.895062389014	-0.360021157934	0.551373398306	0.122619094594	-0.0
MCT.f.0115	-2.04206138915	-3.42136421752	-1.07101156849	3.71193949882	-1.36044724696	1.68586988873	1.06534124896	1.03672482657	-1.17819193742	-0.634860846481	-1.70159888903	-1.62385592451	-0.0
MCT.f.0116	0.415888007381	-1.13263760142	-0.72070161123	5.49662594901	0.0370795656653	-0.126698717272	-2.24882652469	-0.0484166730689	1.84516993416	-0.205018509391	1.17465982847	1.11853067232	-0.0
MCT.f.0117	2.49656587013	-0.836683228812	-5.11638069626	-1.10303811394	-1.60309692548	-0.518649535029	1.04730695942	-3.30359312935	1.9223802282	0.769558103946	-1.27694278107	0.308647519299	-0.0
MCT.f.0118	4.84566714951	-5.21327422981	-1.35726382201	-1.49400574518	1.0057781	-1.44550498869	0.352951790686	-1.12332648217	-0.917070624964	-2.57944149243	1.44764146605	-0.711793040752	-0.0
MCT.f.0119	5.09840858844	-6.32375822075	-1.68759619117	-1.81493888564	2.61683879936	-0.189334254546	0.0996009011948	3.12207265177	0.811952652662	1.48060072745	-0.419879544228	0.420929850329	-0.0

Biplot	0	0

Site constraints	0	0
