Eigvals	15
1.00247514497	0.531303860763	0.419153441631	0.274327762296	0.101968737062	0.0810899247618	0.0493923093259	0.0187546519878	0.0170039463429	0.00631080117111	0.00194659447534	0.0	0.0	0.0	0.0

Proportion explained	15
0.400393123925	0.212205173996	0.167411787455	0.109567753651	0.0407267764991	0.032387684081	0.0197275125754	0.00749069314607	0.00679145336368	0.00252056263744	0.000777478670579	0.0	0.0	0.0	0.0

Species	0	0

Site	15	15
MCT.f.0511	-0.167029460525	0.548046580821	0.06418855444	-0.00116140206448	0.159474354264	-0.0498002795089	0.020388303682	-0.00691071577207	0.0114876473913	-0.00426598510674	-0.00374347975385	-0.0	0.0	0.0	0.0
MCT.f.0512	-0.145412264597	0.308030639	-0.0520747114669	-0.112108278428	-0.147890568864	0.121354284261	-0.0770219244571	0.00271995695033	-0.00890073222325	-0.00201257492095	0.00038263944761	-0.0	0.0	0.0	0.0
MCT.f.0513	-0.253954785198	-0.00470299030187	-0.238148002643	-0.108565802824	-0.0858216353826	-0.0430281057953	0.0343554853561	-0.0074873222475	0.0287102396971	0.0324149827554	0.0167319992637	-0.0	0.0	0.0	0.0
MCT.f.0514	-0.26468718218	-0.113780022685	-0.188185296891	-0.0728295719222	-0.0319079643239	-0.0326672887934	0.0657652545286	0.0316025988079	-0.0067851211751	-0.0296275355683	-0.0104167531952	-0.0	0.0	0.0	0.0
MCT.f.0515	-0.29677000441	-0.13439938588	-0.148622177778	-0.0179377056852	0.0391123977508	-0.0490626587905	-0.000935033419118	-0.011459147291	-0.0580871167108	-0.00197938155317	-0.0124997387402	-0.0	0.0	0.0	0.0
MCT.f.0516	-0.265354077377	-0.233960498436	0.00219798282321	0.0556922573136	0.111318311011	0.0098679806514	-0.0108056691109	-0.0392443591441	0.051571755015	0.00515086793454	0.00461493283147	-0.0	0.0	0.0	0.0
MCT.f.0517	-0.238901592118	-0.170193345251	0.0986359584429	0.083618067666	0.0698301779971	0.103956820587	-0.116279031791	0.0056422832763	-0.0181818004154	-0.00249369157126	0.00342150149303	-0.0	0.0	0.0	0.0
MCT.f.0519	-0.155688271824	-0.040319159716	0.326480646549	0.086081363015	-0.0229256185838	-0.00460943602277	0.0609629597208	0.0877884382015	-0.00541971217115	0.0114155808898	0.0109801196682	-0.0	0.0	0.0	0.0
MCT.f.0520	-0.0376678734617	-0.0476737227614	0.345477568426	0.00355893270716	-0.118390245654	0.015480030737	0.0631952590335	-0.0714902526913	0.0140383550745	-0.00547887849836	-0.0134508528677	-0.0	0.0	0.0	0.0
MCT.f.0522	0.275777330712	-0.0508295818193	0.136820321645	-0.191184768454	0.00288561226491	-0.129152395309	-0.0522356792429	-0.0260054157446	-0.0298968527965	-0.0177036590729	0.021338779878	-0.0	0.0	0.0	0.0
MCT.f.0523	0.340874339845	-0.0698182997142	0.0491491699095	-0.150927700372	0.0255666458468	-0.0278057953612	-0.0295010679146	0.0289147265355	-0.0210338576502	0.0275319941534	-0.0201934054856	-0.0	0.0	0.0	0.0
MCT.f.0524	0.36424358383	-0.0618601937514	-0.0616106174383	-0.111088259076	0.0402256287522	0.0383693559569	-0.0108770871955	0.0177670756874	0.0656034607645	0.0123588745641	-0.00714934292816	-0.0	0.0	0.0	0.0
MCT.f.0525	0.334630496863	-0.0298303956496	-0.107247868483	0.011611644402	0.0212805617794	0.0864122300839	0.0459334169039	0.0130264357533	0.0118072839126	-0.0469219537349	0.00692208740953	-0.0	0.0	0.0	0.0
MCT.f.0526	0.328262621447	0.0426336594992	-0.123890227071	0.170197561215	0.0328073706647	0.0809070251591	0.0754243958943	-0.0326430578637	-0.0558150003087	0.0266748547529	0.00810333883233	-0.0	0.0	0.0	0.0
MCT.f.0527	0.181677138995	0.0586567166463	-0.103171300464	0.355043662507	-0.0955650275229	-0.120221767854	-0.0683695819877	0.0077787555421	0.0209014515961	-0.00506349502353	-0.00504182585312	-0.0	0.0	0.0	0.0

Biplot	0	0

Site constraints	0	0
