Eigvals	11
0.587051625692	0.520127725837	0.333239494402	0.308608957336	0.277794860799	0.2078054144	0.195387000042	0.147196632045	0.131753326104	0.103237266156	0.0

Proportion explained	11
0.208751562825	0.184953879497	0.118497696296	0.109739244942	0.0987819619241	0.0738941911085	0.0694782874784	0.0523421205857	0.0468505860949	0.0367104692478	0.0

Species	0	0

Site	11	11
sample1	-0.0930523817871	0.404433292008	-0.131527305298	-0.11507028949	0.258188755151	0.155195545098	0.146799596424	0.0491912225484	-0.000252228308234	0.0158836318147	0.0
sample2	0.323444622555	-0.0497173127155	0.0265812931453	0.167708783306	-0.0159276512317	0.122164546736	-0.0062429324044	-0.0152505403526	-0.268851344009	0.0317318444119	0.0
sample3	-0.0378814900328	0.165070304678	-0.348275615575	0.0661018495452	-0.117485268475	-0.0289999242358	-0.201839136874	-0.171852328638	0.0392955417134	0.0125022100504	0.0
sample4	0.381227001539	-0.20834447389	-0.0435134616711	-0.0384889229273	-0.0615145209134	0.163825106015	0.0739081672198	-0.000120849278732	0.173154158153	-0.132201348889	0.0
sample5	0.18184136156	0.348653752866	0.351950879962	-0.147176012106	-0.073449928911	-0.08632107356	-0.147023036891	-0.00748524619299	0.0284282754127	-0.0220978141433	0.0
sample7	-0.316168781889	-0.088777312837	0.114211197868	-0.117839411305	-0.28170989592	0.119465569603	0.15558414471	-0.0927451831799	-0.00345664064175	0.102989633057	0.0
sample10	-0.0892764316223	0.0988135486885	-0.0800379166822	0.124720893195	-0.139899504503	-0.250455510217	0.186061829082	0.093172651246	-0.0504595125005	-0.136059308407	0.0
sample11	0.199544929472	-0.230274091626	-0.134593963578	-0.253582798815	0.0614074049835	-0.188935166636	0.00166329467446	0.0928568068659	-0.00113285216274	0.15497165709	0.0
sample12	-0.321238510389	-0.15080045162	-0.00109156694891	0.00805036527026	-0.0157988387924	0.114490084565	-0.215296399216	0.230186670482	-0.0157583916176	-0.0521161277381	0.0
sample14	-0.206153048889	-0.260038479389	0.111384208349	-0.0699578690811	0.265115784308	-0.0776578830981	-0.0165506032573	-0.189550547693	-0.0490382096779	-0.105503872457	0.0
sample15	-0.0222872705164	-0.0290187761619	0.134912250429	0.375533412409	0.121073664303	-0.0427712942704	0.0229350765324	0.0115973441929	0.148071203639	0.129899495211	0.0

Biplot	0	0

Site constraints	0	0
