Eigvals	14
675.170828007	360.841444735	116.32926574	102.053126728	76.1381362192	69.2140809287	53.8044923706	43.6090018644	40.7723347914	28.8169689349	24.055855249	20.8857638625	18.5932070215	0.0

Proportion explained	14
0.414142945808	0.22133648655	0.0713551930842	0.0625983540444	0.0467023614086	0.0424552160404	0.0330031305319	0.026749319945	0.0250093371004	0.0176760368027	0.0147556179021	0.0128111159616	0.011404884821	0.0

Species	0	0

Site	14	14
MCT.f.0614	-3.80609285	0.246505758479	3.78799934113	-2.4782582376	-1.24479417696	0.0166296373761	-0.664579418503	0.980809330224	-0.835335365276	-1.23960305627	0.878656820699	-2.86733898714	1.8121388166	-0.0
MCT.f.0615	-3.65979859632	1.06274763542	1.19578538831	-4.09615149111	-3.11843068893	-2.31706261257	-1.8136073767	1.63591536106	-1.58695604744	0.301464071535	1.08424529832	1.80136622568	-1.56635414137	-0.0
MCT.f.0616	1.85109631614	-4.92658975638	6.09357946289	-0.327630844094	0.58214783923	1.77633719062	2.5489517245	-0.348922390193	-0.103662807671	2.90895404571	-0.7830956925	-0.159695971569	-0.881338422173	-0.0
MCT.f.0617	9.07027959516	-6.897124695	-2.62519819091	1.57676199918	2.87538049825	-2.74665862607	-2.20247685662	1.75486784679	-2.23957047239	0.936070748266	-0.921433190339	-0.615868062124	0.33523638453	-0.0
MCT.f.0618	-2.4719440147	1.63863949324	-2.55390721921	-0.511413319968	-3.43933462839	-1.9212126021	2.70953875885	-0.671518914047	-0.367864422036	0.688011928269	-2.14038499031	0.950626834894	2.13219422449	-0.0
MCT.f.0619	9.83112448625	-8.37800970914	0.531862654644	2.20265825809	-3.87634130808	1.17567460051	-0.803976793548	-2.28069954056	0.637196286844	-2.17940396361	0.272100676505	0.350793368683	-0.398943240021	-0.0
MCT.f.0620	-9.30855629222	2.99790337502	-0.660084341769	1.92150828991	1.60803909453	-2.23988298599	0.0365084010957	-4.35519649845	-1.90407808493	-0.0579847617089	0.388999829	-0.856803362128	-1.08661426929	-0.0
MCT.f.0621	-0.771267264636	-1.66356249505	-2.49617968535	0.374139183917	2.15813274626	2.46609613345	3.9195012365	1.38522466433	-2.04462027548	-1.3362204424	2.06671309467	0.935609087544	0.21819976959	-0.0
MCT.f.0622	0.377436359296	1.86335769107	-4.47083319282	-3.77306693722	0.12883533081	5.09512776328	-2.47200929074	-1.30987454094	0.0662299499083	1.41561980261	-0.293844943843	-0.335420987733	0.103920505163	-0.0
MCT.f.0623	-6.93904523103	1.91960062693	-1.45268653714	2.0542444543	-0.741350140985	1.14573395855	0.570371405592	2.61353796316	0.963447078234	-1.48230001133	-2.32448011203	-1.13709079782	-1.9908032485	-0.0
MCT.f.0624	-7.35063597953	2.56896373495	1.55922378494	6.28891820792	-0.368932463424	1.29404957397	-2.48207716442	1.06655908618	0.92729493292	1.18616532949	1.0431744941	1.1513663919	1.19354391295	-0.0
MCT.f.0625	-0.0188993719626	-2.59438942324	-3.03026317206	-1.0599821581	0.315625715648	-2.74301095106	1.21517327648	0.224897960994	4.32452363667	1.09410025951	1.84089427397	-0.85618758613	-0.309637730531	-0.0
MCT.f.0627	16.1425744754	13.4543964274	1.40739951542	0.661384912979	0.530170002427	-0.498273525527	0.475234019427	0.00854701121148	0.260652126026	-0.240894314903	0.145517766498	-0.0670835742011	-0.251070149929	-0.0
MCT.f.0628	-2.94627163189	-1.29243866368	2.7133021919	-2.8331123182	4.5908521796	-0.503547554434	-1.03655192193	-0.70414733977	1.90274346462	-1.99397963516	-1.25706332475	1.70572742014	0.689527588494	-0.0

Biplot	0	0

Site constraints	0	0
