Eigvals	14
0.578110766193	0.476865818227	0.412935540758	0.38642314989	0.338578831555	0.294589569168	0.244294112996	0.222815146601	0.174704469393	0.139699060542	0.0899771329863	0.0431759090154	0.011809414995	0.0

Proportion explained	14
0.169336360694	0.139680363903	0.120954332219	0.113188499016	0.0991742594956	0.0862892173242	0.0715570068106	0.0652655308282	0.0511732712381	0.0409197196939	0.0263555033683	0.0126468001115	0.00345913529746	0.0

Species	0	0

Site	14	14
sample1	-0.0996921443702	-0.180426200099	0.176562845179	-0.00808229617078	0.107559686727	0.338107807938	0.0647832194188	-0.0762500435287	-0.0701727971725	0.164095831301	-0.0835334619303	-0.00647852586386	-0.00542311358829	-0.0
sample2	-0.00713228466576	-0.0082341904466	-0.138701039029	-0.247180707134	-0.0648362782463	0.155718758553	-0.0364013831991	-0.115701846599	0.111172857324	0.0244014730244	0.209376550411	0.00446642982284	-0.00291580822125	-0.0
sample3	-0.0918338783531	-0.166957122184	-0.415591351322	-0.0594610813974	0.121915271007	-0.0259330335725	0.224756834387	0.161722348231	0.0572518449359	-0.0140369944137	-0.057291703813	0.0069301585183	-0.000285132172803	-0.0
sample4	-0.275870041497	0.105741958022	0.0367356941225	0.244351006712	0.133038540577	0.0733030521768	0.047017595129	0.0313552404909	-0.188623187336	-0.162387949263	0.108140146264	0.0199028963754	-0.00139996919806	-0.0
sample5	-0.386415366401	0.182922881054	-0.109250083444	0.208837536737	-0.019213004121	-0.114615378786	-0.116345740575	-0.166886125253	0.152463131187	0.0894625354513	-0.0578609076679	0.00477282805893	0.00702725482035	-0.0
sample6	-0.044041483989	-0.486869886991	0.0906912923478	0.118976816853	-0.308425703432	-0.125484325021	0.000743873867941	-0.0467788441035	-0.0110217023896	-0.0583536018095	0.0115723622894	-0.0057309399622	-0.00059602178395	-0.0
sample8	0.216096663795	-0.0764641731221	0.179743399465	0.0206775049067	0.20747258788	-0.0835633790216	-0.0366448431479	0.0176961893071	0.113428739314	-0.0127061664331	0.00422869463936	0.147286163022	0.01575227259	-0.0
sample9	0.214465383692	-0.0600739114172	0.11761048537	0.116998963012	0.255532044599	-0.0699887226627	-0.0338828023303	0.0161805826513	0.120106855865	-0.0304978889233	0.0326960003453	-0.140059580019	-0.00449211266161	-0.0
sample11	0.133942579356	-0.0684316448887	-0.222718103507	-0.126212428972	0.0906413707702	-0.0704920372433	-0.314752779068	-0.0362064645062	-0.208583760656	0.0120903000823	-0.045975178658	-0.00247895012881	-0.00112818839875	-0.0
sample12	0.260209997253	0.172298392671	-0.050422461808	0.239554962742	-0.188889070675	0.000537596789912	0.0170463966762	0.196353315218	-0.0529715112277	0.189902351933	0.0599264259451	0.00523797750093	0.00142726408569	-0.0
sample13	0.284867447659	0.189260491547	-0.0777153071337	0.0612312911594	-0.175704048006	0.221899172826	0.00590480809704	-0.08220765203	0.0641220884588	-0.184698230512	-0.108127424632	0.000212535838092	0.0052021637327	-0.0
sample14	0.129778522148	0.172464492625	0.0689083721099	-0.143958350211	-0.00693777965409	-0.229206257438	0.256646253226	-0.218685190699	-0.12240131717	0.0354768855443	-0.00945072149457	-0.00587303366549	-0.0122202108289	-0.0
sample15	-0.173848718025	0.10814445376	0.173638413823	-0.242173194509	-0.0789065741788	-0.0348319312644	-0.0107502203734	0.145474864749	-0.0130345972378	-0.0181063046528	-0.0247523512594	-0.0345746191431	0.0745966183127	-0.0
sample16	-0.160526676602	0.116624459468	0.170507843828	-0.183560023727	-0.073247043247	-0.0354513232744	-0.0681212121089	0.173933626073	0.0482633561052	-0.0346422413282	-0.0389484304395	0.00638665964602	-0.0755450166878	-0.0

Biplot	0	0

Site constraints	0	0
