Eigvals	11
0.531121543983	0.459407990034	0.448578526204	0.370792995224	0.329372116653	0.293887335738	0.270423756646	0.18073208365	0.158242795943	0.128947535696	0.0

Proportion explained	11
0.167466632617	0.144854807642	0.141440195938	0.116913830764	0.103853515035	0.0926648957141	0.0852666520839	0.0569861904447	0.0498951482437	0.0406581315179	0.0

Species	0	0

Site	11	11
sample3	0.146810602397	0.327086759053	-0.0380638852803	-0.0682807910666	-0.169092082319	-0.0132451105373	-0.00700541398966	0.00385170043106	0.100665958369	0.24568918418	0.0
sample4	0.0861526177503	0.374614974003	-0.00741853313676	-0.0852381580655	-0.161818821257	-0.0428708082752	0.0921705666801	0.0318866001126	-0.0496913276415	-0.23589057343	0.0
sample5	0.372584546612	-0.142356272578	-0.0578234578466	0.0835750368672	0.189359246818	-0.169986762817	0.023526466968	0.25791942758	0.000685818154976	0.00113797531239	0.0
sample6	-0.151609310398	-0.214336022642	-0.386103079965	-0.221546248169	-0.112673261478	0.177110196246	-0.124128758844	0.0891434017456	0.0817585905875	-0.0403852229066	0.0
sample7	-0.390740061178	0.039130858277	-0.130127568777	0.0602916446822	0.0610877267199	-0.0654168601225	0.16014110913	0.0548733523504	-0.241466696213	0.0914790490797	0.0
sample9	-0.154280774572	-0.224186295065	0.319196006874	-0.231214631769	-0.12962983842	-0.29704395048	-0.0753570588418	-0.0348438998826	0.0269324691096	-0.00127009182428	0.0
sample11	0.0261193598414	-0.17329791807	0.271621815533	0.015797476798	-0.0332859251843	0.282083853144	0.316359857702	0.0160766695014	0.0705313671375	0.00515468382531	0.0
sample12	0.289993163597	-0.129416944382	-0.200703450079	-0.0699434863535	0.107033083441	-0.0437642854451	0.0705117913284	-0.30636847832	-0.0714594865968	-0.00107394452892	0.0
sample14	-0.275993993093	0.109969968139	-0.0598130068515	0.226118114958	0.219821924628	-0.0981519181981	0.00779380902015	-0.0744926470651	0.239457046645	-0.0516782622139	0.0
sample16	-0.00290240395242	0.148073038305	0.23508814548	-0.126121806117	0.283108645135	0.210401228806	-0.26220558675	-0.00151133450462	-0.0862275116752	0.00215675157902	0.0
sample17	0.0538662529952	-0.11528214504	0.0541470140491	0.416562848236	-0.253910698084	0.0608844176794	-0.201806782404	-0.0365347919491	-0.0711862278773	-0.0153195490728	0.0

Biplot	0	0

Site constraints	0	0
