Eigvals	13
0.743129892325	0.493541269101	0.457383674961	0.386121869621	0.366874199305	0.312266201038	0.280224808041	0.19412292098	0.185436646757	0.163307614969	0.102125260248	0.0893302419366	0.0

Proportion explained	13
0.196914826374	0.130778743147	0.121197690836	0.102314712005	0.097214457396	0.0827444103579	0.0742540705076	0.0514387614799	0.0491370694094	0.0432733106005	0.0270611882226	0.0236707596647	0.0

Species	0	0

Site	13	13
sample1	-0.254481176259	-0.0834591999313	0.177633115938	-0.0705733612812	0.0782830478492	0.0435477723747	0.152719485537	-0.0966748485587	-0.105347460403	0.141432466485	-0.19001566786	-0.0667636877157	-0.0
sample2	-0.320849410453	0.137395707705	0.210623228293	-0.120907665276	0.141654231528	-0.0450857966274	-0.0587957876139	0.0374134613479	0.200910075767	-0.216719022056	-0.0144880233341	-0.0456890007254	-0.0
sample3	-0.358667882257	-0.0189907298656	-0.21144607168	0.0144948279886	-0.256929013467	0.0658894166745	0.203489212196	-0.172130098069	0.0171570626348	-0.042626926377	0.121192575713	-0.00398585752243	-0.0
sample4	-0.298817117183	0.0947040843346	0.0148388285446	-0.00764611051778	-0.116834266033	-0.0924450075891	-0.193267240509	0.21300191067	-0.204514203173	0.0679762577159	0.076248814673	-0.0610711256545	-0.0
sample5	0.112038657496	-0.498442839261	0.198080366247	-0.0746151284695	-0.194258464201	0.020410877525	-0.146265601704	-0.0171370786258	-0.0148714530633	-0.0785308828251	-0.0103862424007	0.0848144765722	-0.0
sample6	0.288514572166	0.232952371652	0.0354896269586	0.301793572079	-0.123845263571	0.0685411390558	-0.00750766882734	-0.0503851344248	-0.135936604754	-0.18547606794	-0.0853357328094	-0.0309648661028	-0.0
sample7	-0.100864470476	-0.186293273787	-0.352361597977	0.237461229742	0.0770455151181	-0.0188135765254	0.0558276936237	0.199680167121	0.11568750982	0.00682913439904	-0.0987461687377	0.0420641616484	-0.0
sample8	-0.0940620638164	0.18481181116	0.165739670937	0.110776000691	0.181726889149	0.139229639724	-9.02962972267e-05	-0.0169848925662	-0.0268325677276	0.0829514916269	0.0622130519406	0.213993788609	-0.0
sample9	0.204061252502	0.0147320558558	0.147151847375	0.139814772845	-0.017822935437	-0.433359805904	0.0958955635362	-0.0567860217646	0.0806641310501	0.095005035902	0.0512604905771	-0.00866001097188	-0.0
sample10	0.259652273089	-0.00271013062448	0.126487732881	0.0653172074362	-0.0513232649483	0.285646099977	-0.0103030635061	0.0637332974639	0.165656577548	0.141373804514	0.0742695533318	-0.12400784735	-0.0
sample11	0.322625130295	0.0377825883504	-0.0582596130777	-0.335838485035	0.059995358749	0.00292785868578	0.270266186172	0.15219075819	-0.0917769153497	-0.070335795555	0.0312854274034	0.0221221195095	-0.0
sample12	0.136615194471	0.245395225851	-0.239639274537	-0.253582198251	-0.151258728674	-0.0344852473943	-0.214609311781	-0.094877371568	0.0909190816062	0.0871757531988	-0.0954124007721	0.0488386957175	-0.0
sample13	0.104235040423	-0.15787767144	-0.214337859902	-0.00649466195221	0.37356689394	-0.0020033699762	-0.147359170826	-0.161044149215	-0.0917152339558	-0.0290552490892	0.0779143222759	-0.0706908460143	-0.0

Biplot	0	0

Site constraints	0	0
