Eigvals	13
0.584196593201	0.403041622314	0.354950057144	0.292279045393	0.278869743029	0.253817382705	0.169069291753	0.161988444127	0.131585253212	0.115635471619	0.073114057137	0.0359279689535	0.0

Proportion explained	13
0.204659913787	0.141196413391	0.124348633558	0.102393278099	0.0976956357333	0.0889191143299	0.0592295591535	0.0567489461514	0.0460978836431	0.0405102424899	0.025613837541	0.0125865421232	0.0

Species	0	0

Site	13	13
sample1	-0.200559218662	0.152589240779	-0.16816593993	0.114416404792	-0.0630650850501	-0.0622508963006	0.153183320094	0.00664866684833	0.111693177378	-0.0238454631606	-0.0362934307418	0.117711116606	0.0
sample2	-0.254249422736	-0.0299361052933	0.0168380682084	-0.0931162427873	-0.0193770884256	-0.0641374116794	-0.275953201966	0.0706428472595	0.0058222863642	0.0169285258766	0.120089776973	0.0539408730941	0.0
sample3	-0.196225067016	0.153437311993	-0.101247978793	-0.0745526796549	0.0157080538909	-0.0468356169753	-0.071039207251	0.0543655952776	0.16155074538	-0.0649137867094	-0.0922136915894	-0.110872924327	0.0
sample4	0.126156844537	-0.111336166488	0.0330917224818	-0.0283877560685	-0.0164629797058	-0.397722857368	0.0322301928842	0.00549021579038	-0.135832027224	-0.0873726171507	-0.039792730097	-0.00544450055507	0.0
sample5	0.195247565875	0.020188811361	0.251458035342	0.342446334015	0.0408464371734	0.0221059832321	-0.104217894038	-0.130964079054	0.0878856104645	-0.0681644902828	0.00603972623186	-0.00111578447075	0.0
sample6	0.366241041542	-0.208856987757	-0.104103856269	-0.0318260864811	-0.340745928947	0.094706538202	-0.0262794622518	0.0935536898001	0.0626590852142	0.0290041005714	-0.0177868246459	0.00034315943261	0.0
sample7	-0.0204958123439	-0.143654241982	0.250144491655	-0.254467958561	0.0616096155267	-0.0381866083569	0.107714870167	-0.136583290013	0.127053634508	0.129971384411	0.00358423991968	0.00667438383432	0.0
sample8	-0.0951300553727	-0.0778762049922	-0.288729561182	0.184389937504	0.0235458130176	-0.0383572440075	0.0333111703383	-0.120665175753	-0.0591834819349	0.166362822172	0.0709575532674	-0.0606226212194	0.0
sample9	0.0984501168555	0.333337280048	0.204126178582	0.0431525898296	-0.0129840550501	0.00455461189313	0.103661007449	0.203729144407	-0.0607448381702	0.0969560033644	0.0640485236052	-0.0275493726664	0.0
sample10	-0.223047172555	-0.154773066704	0.0465880288442	-0.0310280862494	-0.049023408751	0.165190194957	0.150558463463	-0.00991318623099	-0.0540841008345	-0.191338817137	0.104229382947	-0.0332901005884	0.0
sample11	-0.26826880039	-0.105547868583	0.124981883866	0.0556982116367	-0.014740230642	0.158094520111	-0.0490429283277	0.0240662773499	-0.158480080437	0.064961064738	-0.163505048566	0.0164788817729	0.0
sample13	0.221105813254	0.321924251725	-0.117179456629	-0.201362707258	-0.0112605813318	0.111162281531	-0.0572379667707	-0.189627775269	-0.105808927058	-0.0464258695005	-0.00915047641337	0.0184575631831	0.0
sample14	0.250774167013	-0.149496254106	-0.147801616176	-0.0253619607179	0.385949438295	0.0916765047616	0.00311163620943	0.129257069587	0.0174689163502	-0.0221228571926	-0.0102070008906	0.0252893259041	0.0

Biplot	0	0

Site constraints	0	0
