Eigvals	9
0.522487056057	0.393657018639	0.263470017763	0.214175459145	0.145551712689	0.0821850972783	0.0417790946859	0.027373379293	0.0

Proportion explained	9
0.309039804054	0.232839620608	0.155836822596	0.126680156303	0.0860906930566	0.0486107092312	0.0247114317678	0.0161907623834	0.0

Species	0	0

Site	9	9
sample1	-0.20427668245	0.24102152058	0.28021355954	-0.119613662326	0.201581362232	0.00229474866679	-0.0144713469066	0.0184048804635	-0.0
sample2	-0.174741435234	-0.0923904305137	0.279734407135	0.157146980705	-0.215563509185	0.0227628982693	0.0358745455165	-0.0331299641837	-0.0
sample5	-0.253613231222	0.223493609062	-0.239388200398	-0.177372473201	-0.14039326432	0.0988698853141	0.0243751622296	0.0127283880525	-0.0
sample6	0.177515025668	-0.364265007476	0.0564013974305	-0.300481230033	-0.0420048512116	-0.05247582788	-0.00270664449088	0.018174922935	-0.0
sample8	-0.122377459148	-0.135447011775	-0.129872068689	0.0430024275144	0.0928866597754	0.0175871194462	-0.0945516234233	-0.112693271439	-0.0
sample10	-0.0879513959086	-0.0896459915179	-0.0780935856394	0.176027769902	-0.0120265558671	-0.0266254224598	-0.100184239555	0.109245307987	-0.0
sample11	-0.118286290712	-0.128948193357	-0.147208447483	0.115269513654	0.136355066027	-0.0732342273255	0.141716409186	0.00716904423249	-0.0
sample13	0.319162833558	0.317070810281	-0.0367603510881	0.0240219204792	-0.078944981332	-0.171638588784	-0.0119274124511	-0.0266979119162	-0.0
sample14	0.464568635449	0.0291106947162	0.014973289192	0.0819987533054	0.0581100738814	0.182459414753	0.0218751498951	0.00679860386795	-0.0

Biplot	0	0

Site constraints	0	0
