Eigvals	15
0.593905945264	0.421412038546	0.360377561241	0.295051435808	0.277148517205	0.227843540388	0.196184951318	0.181678412664	0.154179564314	0.142797168395	0.107598180347	0.0868398748254	0.0670041863374	0.0275235131156	0.0

Proportion explained	15
0.189169438921	0.134227110407	0.114786561076	0.0939790466987	0.0882766537623	0.072572155643	0.062488340892	0.0578677544175	0.0491088898956	0.0454833975651	0.034271903771	0.0276600201222	0.0213420061474	0.00876672068148	0.0

Species	0	0

Site	15	15
sample1	0.0780375144645	0.251064641162	-0.140814050635	0.100160761038	0.0756963279197	0.0276562770361	0.00100226098959	0.0497245985636	0.142987790196	0.132336065537	-0.0356684408637	0.0785920787382	0.0310076742299	-0.0899982695408	0.0
sample2	0.179767375577	0.0740718890106	-0.0274775716384	-0.121475747997	0.0312967541093	-0.106468619854	-0.124896084702	-0.199287761756	-0.17394905616	0.0373219108523	0.0708133656145	0.0176258581655	-0.0982108994831	-0.0413922925015	0.0
sample3	0.0943137266022	0.247265861014	-0.0488447035155	-0.0717098674765	0.00193639344905	-0.0516516954173	-0.0518318233108	-0.0326242070531	-0.0362705709417	0.131958291924	-0.118406481939	-0.0819817443956	0.0752881319749	0.0901355011822	0.0
sample4	-0.155007758733	-0.113638237711	-0.0322152407145	-0.12533215815	0.328185191189	-0.159030918473	-0.0162740087787	0.138707782648	-0.0512941057174	-0.068250276126	-0.0271758477589	0.102126575176	0.026485502431	0.018264427831	0.0
sample5	-0.219682973181	-0.125877476429	0.204314829536	0.328590557484	0.0770494750003	-0.0460473313653	0.0790307185553	-0.174337132517	-0.0359126970356	0.035258141749	-0.0954778117053	0.00131641930189	-0.00724139553598	-0.00259257909295	0.0
sample6	-0.371845913449	-0.281263148498	-0.268259703384	-0.0400761775938	-0.108749827908	0.121820369839	-0.159139079955	-0.0240158613576	-0.000394316265083	0.0852367028475	0.0159936381041	-0.0201727698375	0.0244789082927	-0.00441943464161	0.0
sample7	0.0115181172996	-0.159994726162	0.162313146987	-0.277983749903	0.00153229389073	-0.0734919924349	0.127207670074	-0.110324964986	0.216652432188	0.041177536966	0.02738002791	-0.0550193391745	0.0068522269538	-0.0121072737134	0.0
sample8	0.0536905680765	0.0744069089506	-0.302339002052	0.157977576144	0.110587237368	-0.0220877191515	0.0767072432051	-0.0503428542228	0.0969811517608	-0.147594975785	0.0959967866537	-0.09492351829	-0.0506254348925	0.035460780963	0.0
sample9	-0.216540445775	0.19974520432	0.286622359479	0.0584325651618	-0.0210951823507	0.0419159181257	-0.161709884627	0.10349227609	0.0757522940254	0.0191119720734	0.141684055696	0.00961723455083	-0.0551733402354	0.0354911427988	0.0
sample10	0.218090488091	-0.0819619631759	-0.00575429446147	-0.046066813924	-0.0379366230369	0.23367000377	0.0292334266115	-0.00207244944269	0.0426396750449	-0.0293524525942	-0.10782131866	0.123972410075	-0.11363196116	0.0484374033442	0.0
sample11	0.253249061028	-0.0627730869959	0.0649731115705	0.0623715561373	-0.100232273741	0.029044150146	-0.0863140806295	-0.0885112294739	0.00446132862448	-0.134646031361	0.0709423340941	0.0847166665352	0.166206221022	0.00588338601214	0.0
sample12	0.0981679526267	-0.0177213232685	0.133474827263	-0.0458010796863	0.133883796737	0.216496273813	-0.0382284918365	0.0909151932264	-0.0838827042482	-0.0854520590114	-0.0559222892709	-0.158623575667	0.0194535402519	-0.0563213738877	0.0
sample13	-0.339044153994	0.259305768958	-0.0258684781987	-0.123177641897	-0.211230423864	0.000528421271189	0.17525889256	-0.00442799728822	-0.0881685954858	-0.129471922608	-0.0350148367109	0.033258922154	0.00860826927412	-0.0211361909119	0.0
sample15	0.166389474332	-0.140028610722	0.00279773165889	0.0882395222052	-0.237420386941	-0.244586923657	-0.0768814623426	0.170778767282	0.0273656282437	-0.0440596981409	-0.0848878066499	-0.0429338288973	-0.0497001461027	-0.0193854730361	0.0
sample16	0.148896967035	-0.122601700453	-0.00292296189563	0.0558506984565	-0.0435027518223	0.0322337863509	0.226834704187	0.132325840287	-0.136968254229	0.156426793678	0.137564625486	0.00242861156605	0.0162027029797	0.0136802451945	0.0

Biplot	0	0

Site constraints	0	0
