Eigvals	13
0.677412078736	0.488902477277	0.162816881904	0.0515270962205	0.0232418485046	0.0117640667662	0.00636711490414	0.00463301363675	0.0	0.0	0.0	0.0	0.0

Proportion explained	13
0.474822245681	0.342689154013	0.114124149727	0.0361171763965	0.0162910391579	0.00824585326367	0.00446293754156	0.00324744421944	0.0	0.0	0.0	0.0	0.0

Species	0	0

Site	13	13
MCT.f.0379	-0.207071437274	0.274357731093	0.212052432374	-0.0908962454816	0.0445282812634	0.0202819110637	0.0106074567283	0.000220252003786	0.0	0.0	0.0	0.0	0.0
MCT.f.0380	-0.253545238218	0.185921523631	0.0852500685094	0.00794270346461	-0.0353247865301	-0.0211925216279	-0.0468454068033	-0.00387196905273	0.0	0.0	0.0	0.0	0.0
MCT.f.0381	-0.254199761662	0.120172922793	-0.0422165733919	0.0544153867021	-0.05356548042	-0.0141190550733	0.0222718929398	0.0270758124527	0.0	0.0	0.0	0.0	0.0
MCT.f.0382	-0.273391963807	0.0238315091521	-0.0662277607865	0.0766597695838	-0.00273802570047	0.0207756924548	0.0339172294894	-0.0359481035711	0.0	0.0	0.0	0.0	0.0
MCT.f.0383	-0.243218110676	-0.104980401989	-0.130985970426	0.0350476423417	0.0737851578058	-0.00635856390136	-0.00959823042921	0.0132089937638	0.0	0.0	0.0	0.0	0.0
MCT.f.0384	-0.111101396485	-0.252985047932	-0.0891782772067	-0.0338655546764	-0.0440076084116	0.0395911054558	-0.0302022774657	0.0124031311558	0.0	0.0	0.0	0.0	0.0
MCT.f.0385	-0.0647815181397	-0.306922137608	-0.0190830217063	-0.111222120672	-0.00813677548628	-0.0427233178065	0.02279282139	-0.00857103767055	0.0	0.0	0.0	0.0	0.0
MCT.f.0386	0.117803724924	-0.256519559879	0.112788725945	0.0495959773376	0.0445143374267	-0.013635506127	-0.0213486800851	-0.0246883090095	0.0	0.0	0.0	0.0	0.0
MCT.f.0387	0.192110766414	-0.185957882964	0.133659061177	0.0141797703599	0.0148280716341	0.0216048094309	0.0192905831977	0.0345547108306	0.0	0.0	0.0	0.0	0.0
MCT.f.0388	0.282638034687	-0.0194012553362	0.0721514504133	0.00704572612274	-0.0765950957777	0.0251610708235	0.00488429270474	-0.0170221357983	0.0	0.0	0.0	0.0	0.0
MCT.f.0389	0.293392144411	0.140841275105	0.000426063186891	0.0503554806177	-0.00558994863911	-0.0659574717531	0.00203713982451	0.0069022361725	0.0	0.0	0.0	0.0	0.0
MCT.f.0390	0.296279665602	0.164267250719	-0.0748802791598	0.049795614699	0.0386658735193	0.0346341578636	-0.00522636790669	0.00238515907081	0.0	0.0	0.0	0.0	0.0
MCT.f.0391	0.225085090223	0.217374073215	-0.193755918928	-0.109054150399	0.00963599931587	0.00193768919676	-0.00258045358457	-0.00664874034777	0.0	0.0	0.0	0.0	0.0

Biplot	0	0

Site constraints	0	0
