Eigvals	16
0.818273675264	0.776857312394	0.61476771291	0.458215952215	0.389367748695	0.315646252736	0.238229154956	0.140441326921	0.138133847896	0.0824877263529	0.0345656688381	0.00268786290048	0.0	0.0	0.0	0.0

Proportion explained	16
0.204074851437	0.193745742295	0.15332111184	0.11427760076	0.0971070778291	0.0787211712672	0.0594135933678	0.0350256201482	0.03445014222	0.0205721765343	0.00862056784448	0.000670344456484	0.0	0.0	0.0	0.0

Species	0	0

Site	16	16
MCT.f.0291	-0.253919659755	0.0620270711543	0.0433485670576	-0.271074549307	0.108439043983	-0.107593853559	0.00808019424149	-0.124739191176	-0.20930777691	-0.0588519105377	0.0279002249072	0.0158912548738	0.0	0.0	0.0	0.0
MCT.f.0292	-0.263109858542	0.266373457423	-0.107505550406	-0.14877258255	0.0251680123951	0.132835719016	0.128166331093	0.0621478731373	-0.0755301394745	0.0334877958048	-0.00245969648203	-0.0321675104007	0.0	0.0	0.0	0.0
MCT.f.0293	-0.243854653448	0.268113255627	-0.129785743496	-0.0192083341252	0.0763240086702	0.17844271141	0.12989669335	0.0702220382622	0.137332543816	0.0658636897659	0.000451567546526	0.0257873221053	0.0	0.0	0.0	0.0
MCT.f.0294	-0.210340286666	-0.0479512637054	0.138312465754	0.173724818756	0.347528166268	-0.0215475690817	-0.0733566857864	-0.0877728710104	0.151808099316	-0.0617445252186	0.0369201617268	-0.00548725587946	0.0	0.0	0.0	0.0
MCT.f.0295	-0.117846673186	-0.318618599207	0.00889243248916	0.322063602394	0.182869788294	-0.0189756646443	0.0603876970014	0.0563447945586	-0.117685164665	-0.00192955726452	-0.0612703614376	-0.0036217526797	0.0	0.0	0.0	0.0
MCT.f.0296	-0.108611679029	-0.139761351268	-0.351951314389	0.224050156637	-0.189247914909	0.042103263431	-0.0693279637403	0.0413647758554	-0.0810774138184	0.00098123394027	-0.0145559903905	0.0135270855182	0.0	0.0	0.0	0.0
MCT.f.0297	-0.19153267904	-0.0175761237162	-0.281536226478	0.0287155722787	-0.240054979881	-0.0128390956821	-0.161429755739	-0.122547488427	0.0857009545714	-0.0428099418359	0.0344788073709	-0.013709731501	0.0	0.0	0.0	0.0
MCT.f.0298	-0.132936577543	-0.16410701854	0.115634810249	-0.18720445298	-0.183199328907	-0.211048004503	0.104130909983	0.00993749794699	0.112856457069	-0.0556044586869	-0.0633852379563	0.00807528733922	0.0	0.0	0.0	0.0
MCT.f.0299	-0.00261303818519	-0.339927779272	0.16996975409	-0.0287047864541	-0.121106737513	-0.110778717916	0.185503007731	0.0737304238972	0.0396119896048	0.0484125547713	0.0569805834949	-0.00948631955718	0.0	0.0	0.0	0.0
MCT.f.0300	0.242526385057	-0.324116215029	0.0529643271886	-0.0869501806148	-0.00539215452635	0.203698225535	0.00226537420843	-0.148206377417	-0.0159539928585	0.128477132298	0.0311655851059	0.00166085847057	0.0	0.0	0.0	0.0
MCT.f.0301	0.328413563094	-0.179972437158	-0.0284095379221	-0.222464337377	0.0735758418716	0.253442388104	-0.054892058793	0.0448205627142	0.0242606298049	-0.111564193389	-0.0398305856063	0.00193778962594	0.0	0.0	0.0	0.0
MCT.f.0302	0.299139087981	0.0327607364533	-0.218439255749	-0.112327984134	0.132574167818	-0.149004915459	-0.0963207117608	0.170979835154	0.0052454530349	-0.044017312245	0.0389867812288	-0.00436666039128	0.0	0.0	0.0	0.0
MCT.f.0303	0.32474940634	0.206007583275	-0.166886850261	0.0210981256333	0.109736286325	-0.250089568233	-0.00713089363761	-0.0489993824659	0.00526591015741	0.123238686181	-0.00349609531876	0.00360237338703	0.0	0.0	0.0	0.0
MCT.f.0304	0.343427338535	0.340825688853	0.0686454820405	0.18438892894	-0.0926254330682	0.0122961004263	0.167751416692	-0.131590452112	-0.000889043520578	-0.0738096989969	-0.0518195042556	-0.00591803950889	0.0	0.0	0.0	0.0
MCT.f.0305	0.0961168735798	0.220226081004	0.352912461653	0.18339511807	-0.168875212902	0.0658554919732	-0.0460389021242	0.0895244602651	-0.0611580882483	-0.0447414307336	0.0861276297269	0.00859943159023	0.0	0.0	0.0	0.0
MCT.f.0306	-0.109607549192	0.135696914107	0.333834178179	-0.0607291151654	-0.0557135539198	-0.00679651081779	-0.277684652719	0.0447835008171	-0.000480417879961	0.0946119361462	-0.076193869661	-0.00432413299208	0.0	0.0	0.0	0.0

Biplot	0	0

Site constraints	0	0
