Eigvals	15
323.030243552	237.752841917	148.900858057	112.149346382	73.8760210209	64.7050002313	47.6850675646	43.0629338623	33.992078706	27.8400321701	25.5044977677	21.1425484071	19.4579194635	16.6563725082	0.0

Proportion explained	15
0.270147344402	0.198830605338	0.124524474678	0.0937895095158	0.0617818649867	0.0541122211647	0.0398786015469	0.0360131518867	0.0284272757007	0.0232823734276	0.0213291866002	0.017681326811	0.0162724864794	0.013929577463	0.0

Species	0	0

Site	15	15
sample1	-0.826042964956	1.73503143673	0.261052937719	-1.03569071222	3.4836258557	-2.29142509326	-0.290612723468	1.19428016783	-1.25082373595	0.259802514398	1.52150940417	2.55233433177	1.01014062079	-1.46269718476	-0.0
sample2	-3.42689521747	-3.67081971434	2.30686465572	-1.36022014463	1.70664799246	3.00791885213	-1.83216216117	-1.89291802145	-3.24713438507	0.883070964377	-0.227064593728	-0.0113503485576	-1.42615413462	0.417308740541	-0.0
sample3	-4.8169835515	-2.15798035526	-3.72740896567	-4.53735685544	-0.0562927077103	-1.32771569558	3.34179765263	-1.35734569568	1.57965245933	1.4275783345	0.00817991964081	0.704590909276	-0.916325903155	0.889689314662	-0.0
sample4	-5.30344009779	-0.515268227988	-1.37443715021	-2.50877828619	1.43244162532	0.162322461198	0.133998481452	0.605571564144	-0.535845964506	-3.67591474823	-1.06433552274	-0.873940693414	1.55557520745	0.821910050522	-0.0
sample5	-4.44756148671	-0.631686515765	2.98159130945	-1.60787552573	-0.0700663096918	3.66809791707	-1.21897989893	3.04952102105	2.98127752967	0.645123576279	0.290401560387	-0.25445097027	-0.244043723053	-0.881855717823	-0.0
sample6	-2.07864501838	1.21711028609	7.89988459154	2.7174445585	-0.671142348751	-0.262918222554	3.63066297848	-1.43202167198	-0.235070051559	0.263151654033	0.365005176457	-0.766379530333	1.05801835352	-0.219441239834	-0.0
sample7	2.07054477886	3.80628447048	1.39700340857	-0.665191159647	1.36116682758	-3.57530658996	-0.437767523249	0.300443143436	0.283940274829	-0.970245704176	-0.628956859154	-1.65996179832	-2.64847733243	-1.0859910624	-0.0
sample8	1.08610438343	-4.55534380446	2.20617686804	0.919577463043	-3.60453216776	-2.84715531273	-0.676897194447	3.29093620916	-1.13718586322	0.4002986306	-0.552839670208	0.744377455766	-0.269766548132	1.60254188159	-0.0
sample9	6.54123977494	-2.00735009157	1.0136292165	-2.37220634416	1.22579324699	-1.71296809718	-2.69661330499	-1.80432479873	1.37176866624	1.66099720144	-0.626610799306	-1.14494960338	1.93472576925	0.383709408808	-0.0
sample10	10.6801800824	3.85035533546	-0.928466602934	-4.17268098881	-2.79165321758	2.74508408194	1.54347980336	0.446917391315	-1.26646500993	-0.558460049008	0.60875984799	0.0966324003884	0.050248612264	-0.336189790398	-0.0
sample11	5.16145577295	-7.06336442082	-0.0699566212948	3.32488682048	0.0479021232941	0.686986735878	-0.254557557657	-1.93562588153	1.91005738121	-2.25147974606	0.816379991549	1.42899321972	-0.800213517115	-0.167770771516	-0.0
sample12	-0.0516493570619	-5.39262739552	-5.78815462509	3.43444560189	-0.19571310977	0.400553109849	1.31502044771	1.03829077044	-1.15857521794	1.05747528587	-0.685869455398	-1.51137965763	0.591610612263	-1.79020614521	-0.0
sample13	2.72289295405	4.9410495321	-2.47942395393	4.17473346347	3.58834481815	1.30316372325	0.480005056716	1.2044162049	0.30724109902	0.668001363239	1.14568263107	-0.538916001695	-0.259189925236	2.17681580859	-0.0
sample14	-1.1991997386	6.32700475096	-1.06561163151	2.5393271364	-1.24968684662	0.859273829928	-0.667389892925	-1.05746854824	0.457957489775	0.352931804006	-3.43494244804	1.78066361588	0.116431666205	-0.244832309128	-0.0
sample16	-6.11200031417	4.1176047139	-2.6327434369	1.14958497303	-4.20683578161	-0.815911699991	-2.36998416351	-1.65067185468	-0.0607946719021	-0.162331081266	2.46470081732	-0.546263329201	0.247420242001	-0.102990983634	-0.0

Biplot	0	0

Site constraints	0	0
