Eigvals	16
338.036297177	264.472380932	150.514141932	112.466999155	78.8447410967	64.7060337168	51.4669620849	45.7071402694	42.5238875984	28.8657275314	27.6730424958	25.4847789424	20.30996199	19.2396699981	15.8481876716	0.0

Proportion explained	16
0.262826016699	0.205629463426	0.117025990141	0.087444021973	0.0613024382682	0.0503094763497	0.0400159886655	0.0355376795688	0.0330626742908	0.0224433418824	0.0215160194034	0.0198146263931	0.0157911634156	0.0149590025403	0.0123220969831	0.0

Species	0	0

Site	16	16
sample1	-4.74965416797	4.97746021446	1.26758889595	-0.640730275086	2.9006488093	0.0418841119432	3.78457918056	-2.33413209195	1.25321447747	1.94074361262	0.814346188801	-0.176396780392	0.677797593965	0.467426123472	0.711584613735	-0.0
sample2	-0.0655759166862	-2.19853374439	-0.240122459629	-0.991254168763	-3.01797644242	-2.25949702762	1.92482300322	-0.684279530762	1.86184241808	0.546126017591	0.106988029758	1.39565074374	-1.70322923149	-1.38852942672	-1.87443524936	-0.0
sample3	-3.87946091594	2.26210291721	-2.66872177553	-1.25596967995	-1.67086804145	3.02412617936	2.47236608307	-0.229541051148	-1.28142861367	-2.67320834589	-1.90228167806	-0.0209909231707	-1.01321582807	0.951743566052	0.12791794859	-0.0
sample4	-4.93589110045	0.648830117518	3.3741097773	-4.26051037648	-1.27039337129	-1.34865221905	-3.55197818752	-1.77795505256	-1.48622346877	1.29618909551	-1.09033125607	-0.00448685049072	-1.10509715589	0.490149109899	0.778034591571	-0.0
sample5	-4.92622620039	-1.18368697816	1.11574824689	-2.32065740567	-2.02880700974	0.163638956238	-0.52099749862	0.328282551777	0.472971807501	-2.1937494734	3.05580198219	-1.03912862151	1.1039042359	-1.39974598119	0.693880698482	-0.0
sample6	-3.96175561278	-1.12903483978	-3.22551796946	-1.52884269666	-0.598985999233	3.65531934516	-1.36597677499	3.31485325409	1.67263056886	2.31560365778	0.105131230916	0.190799743662	0.519831307726	0.591877105808	-0.613512980543	-0.0
sample7	-1.10854950733	-2.50701775249	-7.9398021958	2.56276117885	0.865139422234	-0.268065552142	-1.89144060735	-3.35301801546	-0.66670607333	0.0665362072924	-0.250606020829	0.37702731619	1.10021105429	-0.72187869511	-0.161327874439	-0.0
sample8	3.34838901923	-3.59731119428	-1.19564106222	-0.715698286761	-1.14830279252	-3.56391029667	0.509675557702	0.397266090132	0.17357883072	-0.491949649795	0.776280972618	-0.585605178559	0.879081858274	3.17840264163	-0.443001913387	-0.0
sample9	0.230332942959	4.31152484287	-2.50764590693	0.921004389157	2.99739563607	-2.87907592787	-1.28944736239	2.09833499031	2.78657845134	-1.17978141846	-0.871941773997	-0.460520337618	-1.30551871377	-0.416249232089	1.1775971586	-0.0
sample10	6.1849959876	3.19070799793	-1.09398252642	-2.32041680209	-1.33685568769	-1.70471208652	1.553817498	1.90930308331	-2.46334244204	1.05407150655	-1.45269149318	-0.59827942262	1.63707855791	-1.54008417727	0.378505381017	-0.0
sample11	11.3569267383	-0.964704081415	1.52365890594	-4.38763211095	3.0446952788	2.73006324214	-0.850264332084	-1.38961558944	0.973791049726	-0.856013838486	0.329637752216	0.62569494808	-0.081268077946	-0.0567550251801	-0.384037801109	-0.0
sample12	3.63762624189	7.64397258902	-0.498101247849	3.5142689606	-0.675619842005	0.677603185598	-0.821677737096	0.554855793259	-2.51114135615	0.511589967619	2.58665306292	0.688106015384	-1.43319319365	0.431381918105	-0.273026550229	-0.0
sample13	-1.21638683001	5.09145872403	5.23270364937	3.72542538785	-0.610323354638	0.388055442689	-1.54228353158	-0.472815434193	1.16911332294	-0.888521782216	-1.47962574288	-0.569458338786	1.64087350621	0.0315936561059	-1.72461655682	-0.0
sample14	4.26696885947	-4.50260216761	2.60343286054	4.23626633578	-3.19919739594	1.32970372208	0.41252795003	-0.30562747154	1.30863047068	0.502749462802	-0.548224333697	1.17010156251	0.105697822229	0.0680992669621	2.27123575693	-0.0
sample15	0.620800377411	-6.55910777616	1.42995757815	2.39818352847	1.70392592491	0.857345854792	0.686702499528	0.0814553302358	-1.062465491	0.736476935948	-0.107277649698	-3.51975837227	-1.39401029981	-0.481187086081	-0.434032689824	-0.0
sample17	-4.80253991527	-5.48405886877	2.82233522969	1.06380202169	4.04552486561	-0.843826930118	0.489574259536	1.86263314393	-2.20104395236	-0.686861955451	-0.0718592710165	2.52724449586	0.37105656412	-0.206243764395	-0.230764533218	-0.0

Biplot	0	0

Site constraints	0	0
