Eigvals	16
0.648493076497	0.356209426549	0.289271092524	0.2756026557	0.209127550065	0.116056943459	0.0934942028931	0.0488120031736	0.0402487038579	0.0228201684546	0.00570692181786	0.00241878150691	0.0	0.0	0.0	0.0

Proportion explained	16
0.307596125218	0.168958842189	0.13720835337	0.13072507952	0.0991943112544	0.0550486464795	0.0443465868527	0.0231527268131	0.0190909445304	0.0108241639701	0.00270693258219	0.00114728722054	0.0	0.0	0.0	0.0

Species	0	0

Site	16	16
MCT.f.0121	-0.190120109747	0.147012432821	-0.0298013562124	0.121717999557	-0.157471300003	0.0533000658833	-0.0669519523954	0.0545495686933	-0.028051335013	0.101246793844	-0.00153938636969	-0.0100454846604	-0.0	0.0	0.0	0.0
MCT.f.0122	-0.198036324846	0.113875695866	-0.055484779496	0.0762467776746	-0.126924139741	0.0342147117942	-0.0287877472387	0.00335492861662	-0.00696099084356	-0.0424763141775	0.01087718631	0.0370862702592	-0.0	0.0	0.0	0.0
MCT.f.0123	-0.192220818201	0.0952405546129	-0.0514666883355	0.0679304114595	-0.107919453937	0.0127695735618	-0.0155134037063	-0.0223365490369	-0.000619533583875	-0.0775890807215	0.00297738917091	-0.0188749602932	-0.0	0.0	0.0	0.0
MCT.f.0124	-0.194285947628	0.172246074658	-0.132987545146	-0.179339367682	0.102329984469	-0.0191755597651	0.0460111407527	0.038436341425	-0.0604620963433	-0.0326122111296	-0.0212467210857	-0.0123360055441	-0.0	0.0	0.0	0.0
MCT.f.0125	-0.1447788283	0.12479031512	-0.028435824733	-0.247629437339	0.172387324435	-0.0598736547941	0.00396085194548	-0.0344614371032	0.00844014275066	0.0462422388314	0.00480093824985	0.0134641781153	-0.0	0.0	0.0	0.0
MCT.f.0126	-0.16538923183	-0.112755404673	0.185947074487	-0.175379938737	-0.0135119226034	0.0582185689652	-0.115152187997	-0.0312363802102	0.0916819105314	0.00101492703478	0.00326242196827	-0.0039577224762	-0.0	0.0	0.0	0.0
MCT.f.0127	-0.103064223134	-0.281061800194	0.26447660416	-0.0802752677067	-0.0326038334726	0.0449862636793	0.0118937905138	0.0470956156651	-0.0815333741873	-0.015991440584	-0.00462283309602	-0.000543496866773	-0.0	0.0	0.0	0.0
MCT.f.0128	-0.0905412334276	-0.136956361785	0.0170071199442	0.0785394969068	0.026188951658	-0.0138377410995	0.1957564969	0.0216598590058	-0.0117291791564	0.019755622903	0.0273676028614	0.00258961920706	-0.0	0.0	0.0	0.0
MCT.f.0129	-0.101853768344	-0.0412916963931	-0.0780938029185	0.0746981944123	0.00700193729009	0.062294552313	0.112589748608	-0.0783803389574	0.0824511580365	0.0109464485885	0.00371970355437	-0.00962746290446	-0.0	0.0	0.0	0.0
MCT.f.0130	-0.0455131329676	-0.109314513304	0.0195507237893	0.174560263596	0.0147922405263	-0.131575193108	0.00550037888004	-0.00576367918034	0.0438957665848	0.00310980092081	-0.0536912326018	0.00701902463119	-0.0	0.0	0.0	0.0
MCT.f.0131	0.0632007510991	0.07079115176	0.135841897314	0.180606330473	0.161496398617	-0.166976262527	-0.0707241454664	0.0305782769276	-0.00669998901602	-0.00664954779704	0.0236594291321	-0.00478094879145	-0.0	0.0	0.0	0.0
MCT.f.0132	0.28799461087	0.224666886645	0.165426058161	0.116631864915	0.134725838009	0.136286180011	-0.0101744417659	-0.044788987878	-0.0145678826335	-0.0122063210702	0.000531815344103	-0.00103420767977	-0.0	0.0	0.0	0.0
MCT.f.0133	0.435614387871	0.123329798517	0.0857675983999	-0.112584198271	-0.126899267327	0.0280046409097	0.0838613776809	0.0298372915824	0.0119951582687	0.00727525365289	-0.0195320624095	0.00477239351859	-0.0	0.0	0.0	0.0
MCT.f.0134	0.275717442996	-0.0107744271528	-0.0691730132794	-0.133563557373	-0.190553489984	-0.152422028135	-0.0192485539067	0.000424300555841	0.0209161535276	-0.00799948387733	0.021580690131	-0.00619186535505	-0.0	0.0	0.0	0.0
MCT.f.0135	0.172893053353	-0.201286157494	-0.175112102144	0.0200409937145	0.00460321028924	0.0111373587467	-0.0700265975478	-0.124796341389	-0.0941746778921	0.0177784950292	-0.00192885881319	0.00105175588448	-0.0	0.0	0.0	0.0
MCT.f.0136	0.190383372235	-0.178512549005	-0.253461963992	0.0177994343991	0.132357521774	0.102648523564	-0.0629947552563	0.115827531284	0.0454187689695	-0.0118451814477	0.00378391765406	0.0014089129556	-0.0	0.0	0.0	0.0

Biplot	0	0

Site constraints	0	0
