Eigvals	10
0.567064016296	0.506875554584	0.441934855886	0.360820495541	0.337564369453	0.292765168665	0.264728486047	0.23255933639	0.189786271916	0.0

Proportion explained	10
0.177534915273	0.158691269506	0.138359805844	0.112964734605	0.105683767631	0.0916581513199	0.0828805002434	0.0728090672225	0.059417788356	0.0

Species	0	0

Site	10	10
sample3	-0.11863997017	0.0763662475932	0.155380276574	0.051139092282	0.219110625888	-0.0372986983401	-0.411552253786	-0.0590786976583	0.000879296506845	0.0
sample5	0.234711278917	-0.194405403866	0.176859224111	0.390717978317	-0.246911588406	0.117421721739	-0.025096525978	0.012099697725	0.0265414332785	0.0
sample7	0.175311965315	0.366645341985	0.0126364460864	-0.0565966665924	0.0194436156191	0.00105414468701	0.0805721234133	0.0145616274798	0.321549821328	0.0
sample8	-0.183790582703	0.0354987492489	0.491504653252	-0.138245786238	-0.0324056859005	-0.13012635944	0.182609393351	0.0324130065116	-0.094358457834	0.0
sample9	0.177772298382	-0.384961615458	-0.016249206256	-0.166412967734	0.242448599222	0.145308454103	0.106898629442	-0.203294444531	0.0375190372728	0.0
sample10	0.0796161733637	-0.300731234636	-0.169605698552	-0.112385494185	-0.0251581787759	-0.260514102195	-0.0598009932885	0.285503672648	0.0489004983413	0.0
sample12	-0.16590582307	0.0707849077429	-0.246520756456	0.232650468111	0.0183074135059	-0.284556319732	0.125468846959	-0.218344105253	-0.0477580705152	0.0
sample13	-0.217999727392	0.111317820145	-0.135898688843	0.156300596095	0.228604660943	0.244075424381	0.126023226998	0.22717310195	-0.0893299426318	0.0
sample14	0.409597490314	0.263751630605	-0.117251500836	-0.161767445289	-0.0988007572848	0.0309491548996	-0.0479024247909	-0.0191192908056	-0.24675981992	0.0
sample15	-0.390673102957	-0.0442664433597	-0.15085474908	-0.195399774767	-0.324638704812	0.173686579898	-0.0772200223204	-0.0719145680656	0.0428162041735	0.0

Biplot	0	0

Site constraints	0	0
