Eigvals	12
212.639289033	182.268162442	95.1183701658	79.8356994567	64.7019322539	47.4915554939	32.7344085176	30.3561974993	25.1352779468	21.3415150506	12.0360948274	0.0

Proportion explained	12
0.264589111323	0.226798026566	0.118356702315	0.0993403282484	0.0805092362459	0.05909419901	0.0407317391754	0.037772508345	0.0312760679601	0.0265554523211	0.0149766284898	0.0

Species	0	0

Site	12	12
sample1	-5.61439187748	4.90908981637	0.662297535972	-1.09998001568	-1.2629603445	2.67622058335	0.240712060621	1.7535791092	2.86442989398	0.187009403661	0.344172827441	0.0
sample2	9.51195561592	8.26434279806	2.98492721679	-0.216990622268	0.421285321152	0.0615528040015	-0.318628507726	-0.166353153181	-0.548785969706	-0.235390541216	0.0966817586738	0.0
sample3	-0.63211596072	0.390423439351	-2.46319027917	0.610209953416	-2.43363336025	3.06114749711	-0.221878313377	-3.28237452424	-0.674101051354	0.475771767789	-1.43691719353	0.0
sample4	3.76000286485	-4.09547065188	-2.57422172366	-1.84780818559	-3.75579247138	-0.031263187426	-0.936587600913	-0.0907391072693	0.0550795953862	-0.8240892622	2.10651823571	0.0
sample5	4.07311289252	-5.05329011502	1.81756512763	0.610298898594	-0.780379181902	-1.20706420104	1.42420638056	0.511847603095	1.37611336351	3.09820403886	-0.530128279374	0.0
sample6	2.37945023243	-1.85648579732	-2.37732423685	2.8153113418	0.238708522821	-0.274886813727	2.83316428361	1.42711344059	0.454657589637	-2.58381605789	-0.960283026156	0.0
sample8	-2.38655421402	-3.46622583352	3.78358526306	0.055995941349	2.60018310908	3.12617826641	1.54331043854	0.0953709291521	-2.20935085665	0.0267600219951	1.07409234984	0.0
sample9	-3.51284077304	0.92175092115	0.98756261739	6.64798394663	0.532964497207	-1.9214369216	-1.58392513634	-1.25020043801	0.530491983942	-0.0109831132748	0.909165238654	0.0
sample10	-0.278357646328	1.61893845076	-5.3451874727	-2.35492412474	5.10967841584	-1.0056789418	0.452855804326	-1.04492254226	0.540759649824	0.792550676996	0.537072770987	0.0
sample11	-0.493100872757	-0.728807432661	-2.15604263407	0.459937542638	0.403935743868	0.352043040915	-3.08034723215	3.20679796532	-1.83373669242	0.664795207515	-0.936336733396	0.0
sample12	-0.921007786338	-4.16270758496	3.86630459785	-3.29058990667	1.5052036607	-1.16863980535	-2.0401505335	-1.1055004836	1.31898665022	-1.72664466703	-1.00986686919	0.0
sample13	-5.88615247503	3.25844198967	0.813723987755	-2.38944476947	-2.57919391264	-3.66817232084	1.68726835635	-0.0546187988019	-1.87454415636	0.135832524789	-0.194171079666	0.0

Biplot	0	0

Site constraints	0	0
