Eigvals	13
0.915912561752	0.308577578524	0.146965003926	0.0258456622439	0.0188972886219	0.0141860324989	0.00554932812299	2.17999044054e-05	0.0	0.0	0.0	0.0	0.0

Proportion explained	13
0.637841992767	0.214893589004	0.102346506518	0.0179989328659	0.013160081798	0.00987916054043	0.00386455504193	1.51814649659e-05	0.0	0.0	0.0	0.0	0.0

Species	0	0

Site	13	13
MCT.f.0124	-0.228773229487	0.282999838885	0.122390909908	0.0891808371513	0.0255513238917	-0.000998497599965	6.06390448638e-05	0.000184597416528	0.0	0.0	0.0	0.0	0.0
MCT.f.0125	-0.260297115862	0.217362689758	0.0563638762903	-0.055028776428	-0.0662253813756	0.012649928005	0.0179638635752	-0.000366093973273	0.0	0.0	0.0	0.0	0.0
MCT.f.0126	-0.308321984223	0.0925689228224	-0.08784996975	-0.0243840741053	0.0226031693247	-0.0571932721298	-0.0161446090163	0.000330621425822	0.0	0.0	0.0	0.0	0.0
MCT.f.0127	-0.278839884897	-0.0292119980808	-0.0671082703761	-0.0125971613606	0.0496586557135	0.0287918936281	-0.00324047685047	-0.00245033163909	0.0	0.0	0.0	0.0	0.0
MCT.f.0128	-0.257220055913	-0.0702100746186	-0.0615182580331	-0.0379610108047	0.00396392814024	0.0348354462233	-0.00187125821071	0.00294769182014	0.0	0.0	0.0	0.0	0.0
MCT.f.0129	-0.191423432455	-0.224090036035	-0.0793526071912	0.00469005486196	-0.0587664281464	0.00260083311564	-0.00588375285457	-0.0012318074367	0.0	0.0	0.0	0.0	0.0
MCT.f.0130	-0.113444605558	-0.264203183125	-0.0111486252273	0.0584798763	0.0279929820349	-0.0314579298775	0.0173147294783	0.000921366152507	0.0	0.0	0.0	0.0	0.0
MCT.f.0131	0.0756083958548	-0.165149711235	0.217441670844	0.0162653979281	-0.00453948303253	0.0502587939551	-0.00581952698977	-0.000299173451614	0.0	0.0	0.0	0.0	0.0
MCT.f.0132	0.215045756491	-0.0596623135698	0.158587971629	-0.0257253403193	-0.0322699476358	-0.0635536000204	-0.0142012994835	0.000271628498441	0.0	0.0	0.0	0.0	0.0
MCT.f.0133	0.311614947935	0.0107737946499	0.00154225461213	-0.0414316632853	0.040141577705	-0.0148348298439	0.000143285794627	-0.00167849787594	0.0	0.0	0.0	0.0	0.0
MCT.f.0134	0.333600251629	0.0396891749646	-0.00569515506822	-0.0431671053638	0.0368469244325	0.00811924385869	0.0422047353423	0.000819179217325	0.0	0.0	0.0	0.0	0.0
MCT.f.0135	0.362603207359	0.0891692449703	-0.0758247446949	0.0030309715699	0.00569349104298	0.0293611616025	-0.0479344254126	0.000849786873326	0.0	0.0	0.0	0.0	0.0
MCT.f.0136	0.339847749125	0.0799636506143	-0.167829052943	0.0686479938557	-0.0506508120951	0.00142082908308	0.0174080955825	-0.000298967027482	0.0	0.0	0.0	0.0	0.0

Biplot	0	0

Site constraints	0	0
