Eigvals	16
0.698281396204	0.566490869058	0.472477951092	0.364429169697	0.29887081597	0.284041777197	0.256390670881	0.230876815504	0.210109194972	0.16925238244	0.142804003693	0.12039911029	0.110887130649	0.0893383079323	0.0504684977938	0.0

Proportion explained	16
0.171773951006	0.139354098958	0.116227361725	0.0896478678667	0.0735208200856	0.0698729460432	0.0630709034748	0.0567946146214	0.051685877297	0.0416352928875	0.0351291156647	0.0296176168871	0.0272777144728	0.0219768050719	0.0124150139392	0.0

Species	0	0

Site	16	16
sample1	-0.0366614080178	0.149188051166	0.164076389897	0.0602897604941	-0.157008893576	-0.20897565328	0.0798604298606	0.0771325718423	-0.13739399854	-0.0480470175827	-0.215770790115	0.0195719171288	-0.0302188918409	-0.0894794748143	0.0245236637724	-0.0
sample2	-0.133004603053	0.112828062784	0.190794804216	-0.236045232313	0.164491978071	-0.0931299009852	0.0865258386794	0.164411542179	-0.0353548740537	-0.113485652134	0.178572228833	-0.0915292943846	-0.0290029248536	-0.0253496931736	0.011688836033	-0.0
sample3	0.0287501324653	0.297078065574	-0.284472898536	-0.0836708530082	0.0810015950324	0.0305960891184	0.110587401992	-0.0580520846724	0.0253953092522	0.00279272575287	0.0165378844185	0.160595672831	0.00489226785121	0.0166984182022	0.118855613159	-0.0
sample4	0.242422152089	0.280489207556	-0.150346775236	0.0575443636367	0.114708995327	0.129174709928	0.146001494799	0.0111943964778	-0.0789396208264	0.0944962651541	-0.0261752556505	-0.0783090148625	0.0556866969066	-0.0464651980904	-0.119043402992	-0.0
sample5	-0.174871649846	0.0747508737649	0.033556136276	0.167054681072	-0.054274288455	0.086832291664	-0.124786050924	0.205889608496	-0.0839212225849	0.220129989023	0.0304983151555	-0.0539487734555	-0.0249024342995	0.0968029074256	0.056453661825	-0.0
sample6	-0.182973544464	-0.20402751784	0.0565960378463	-0.0306421817812	-0.09879069749	0.109723012576	0.0469424896602	0.04566416624	0.163951722877	0.120927834394	0.0485309058314	0.0583725943768	0.076469422263	-0.189432646402	0.0050956558603	-0.0
sample7	0.355610833712	0.0357467129023	0.238386198975	-0.124785635946	-0.166393078938	0.193248474357	0.0672854099007	-0.00445340025827	0.176682169389	-0.0241652358488	-0.0458048005715	-0.0208557152599	-0.115285378876	0.0720279125395	0.00718493901309	-0.0
sample8	0.28753721206	-0.259561690504	-0.249863339095	-0.0760113313656	-0.169987583804	0.0218083824904	-0.0827561099261	0.178249804548	-0.10873446932	-0.138461480205	0.0300887159859	0.0208293852049	0.106945441053	0.0244372181313	-0.00297321174634	-0.0
sample9	0.164765998918	-0.382411684794	-0.0994144447563	-0.0760115539209	0.115025630936	-0.0590441084113	0.0270136277676	-0.138714551453	-0.150863591716	0.115467147352	0.00634717897408	-0.0359440144533	-0.159529809211	-0.0422884280588	0.0259390861674	-0.0
sample10	-0.131887874853	0.116487049411	-0.199286581161	-0.207476208996	0.0449377217763	-0.0623104300539	-0.286263377434	-0.0515229028081	0.146703656009	-0.00507423418411	-0.121772225451	-0.121356854436	-0.00213454809121	-0.0209765667365	-0.00780823055246	-0.0
sample11	-0.0971977285305	-0.16165260188	0.16423519167	-0.181292530999	0.100433122566	-0.135950612987	0.0660397465813	-0.0315158504688	0.0172508694076	0.10520703772	-0.0753008247209	0.105933697701	0.121345158054	0.138476084344	-0.0565114257726	-0.0
sample12	0.0175100772458	-0.0717378274378	-0.163378982468	0.296222458599	0.0374554397627	-0.230186793266	0.0584040336475	0.0873855773084	0.217597917855	-0.0430412114405	0.0493671968297	0.0287746411586	-0.0897931423212	0.0324510242812	-0.049394116545	-0.0
sample13	0.358669084898	0.0923674095638	0.265148817618	0.183733213882	0.0877563527808	-0.0886989661169	-0.206912295506	-0.144896255552	-0.00502041020948	-0.00665886865148	0.0873406443904	0.0164369753457	0.0988360927333	-0.036519704018	0.0364520869695	-0.0
sample14	-0.209841890015	-0.203281144719	0.0351705788251	0.200123626026	0.179102091252	0.195736242093	0.0961962352472	-0.0550644842858	0.0111120869104	-0.157448587311	-0.107164748243	-0.0914960382567	0.0636942075349	0.0310177386763	0.0518058735131	-0.0
sample15	-0.24624679558	0.0693795873076	-0.0607279549271	0.0219943731	-0.301811441653	-0.0572791753619	0.0878812660376	-0.249542584013	-0.051751515047	-0.0185570193714	0.120064723326	-0.085775877287	0.0314278993069	0.0485639826907	-0.0154286301836	-0.0
sample16	-0.242579997027	0.054357447147	0.0595268208555	0.0289730515186	0.0233530564106	0.168456438235	-0.172020140383	-0.0361655535805	-0.106714029401	-0.104081692668	0.0246408510068	0.168700698649	-0.10843005621	-0.00996357499653	-0.0868403985206	-0.0

Biplot	0	0

Site constraints	0	0
