Eigvals	15
0.765222443714	0.60394333024	0.506467067685	0.431076760669	0.37946771211	0.366500767694	0.312283898606	0.287612640799	0.207801427846	0.182519309169	0.160289769671	0.138644653979	0.0931538091695	0.0862261045487	0.0

Proportion explained	15
0.169251703677	0.133580030758	0.112020256027	0.0953454472726	0.0839305711598	0.0810625457222	0.0690708725342	0.0636140900653	0.0459614664709	0.0403695739516	0.0354528501114	0.0306653889787	0.0206037356007	0.0190714676709	0.0

Species	0	0

Site	15	15
sample1	-0.291992073755	0.101044474168	0.0788231803204	-0.121967101846	0.13481884164	0.115006811909	-0.0321131709538	0.139413174384	0.144256447217	-0.0332655643753	0.108002602075	-0.00216289530395	-0.142273899685	-0.133618683484	0.0
sample2	-0.329086886999	0.00739351407187	-0.102818788842	-0.262617536134	-0.0822627494593	0.130563502066	0.0300775569037	-0.0515610520523	-0.0993125956469	-0.0602536631402	-0.223353035522	0.134343920179	0.0414747436189	-0.0248189952994	0.0
sample3	-0.329145135429	-0.189579716454	-0.0438340659929	0.158682882992	0.054307536726	-0.246533728591	-0.114047228271	0.1760834847	0.157104960585	-0.0703495528933	-0.00156316056327	0.0358277643864	0.121814228523	0.0529560566027	0.0
sample4	-0.305074065487	0.00725830504614	-0.132410452216	-0.0147551653864	0.129052254551	-0.0913159789719	0.142098644658	-0.136480276924	-0.139102675718	0.226146062879	0.119450882687	-0.0816772733031	0.0703248021457	-0.0381667267732	0.0
sample5	0.0936679743374	0.0213529293337	0.485755340239	-0.133620863698	0.239889398153	-0.146867784157	0.0204095602685	-0.13711276849	0.0051095468804	0.0230438667341	-0.0368227229273	0.0659490231136	-0.0270724093763	0.0860461701485	0.0
sample6	0.215650975164	0.32298384643	-0.16478692955	0.13588525945	-0.129317789996	-0.180449538697	-0.0369298084099	-0.0859841693729	0.149358942607	0.156382983751	-0.0718656790462	0.128726173977	-0.0442890266547	-0.0475799834624	0.0
sample7	-0.114091214546	-0.0467088377758	0.118183142042	0.460426887595	0.00690373006908	0.066031532124	0.0378217192381	0.0602149873281	-0.166338429402	-0.00617197788659	-0.130202562055	-0.0466757760603	-0.100749754256	-0.00548142406534	0.0
sample8	-0.15212034966	0.228098816696	-0.130100146009	-0.0549129898305	-0.0869235894099	0.15621575523	-0.102273900536	-0.0710327042515	0.0800610863119	0.00278186129426	0.0129664782847	-0.139502941203	-0.0536914766148	0.193836481697	0.0
sample9	0.150148412726	0.213330080097	0.0468567319166	-0.042382009581	-0.12525791567	-0.0690598102703	0.413519967587	0.147611947318	0.0276824117796	-0.124229081821	0.0156868757793	-0.0635424515242	0.0462246126837	0.00646917822109	0.0
sample10	0.190433512135	0.269724661414	0.0509203113677	-0.00905060399512	0.0441267289451	-0.0427592088585	-0.264002331451	-0.0667635124882	-0.098437597929	-0.141420459061	-0.0107079389996	-0.132004299092	0.101616534325	-0.100833806028	0.0
sample11	0.337812987461	-0.0265750030975	-0.0774963901594	-0.117066441073	0.123841935018	0.126598238859	-0.0885114643823	0.341665885294	-0.103888603347	0.155477716223	-0.00638861675088	0.0380112275716	0.0264943038923	0.0432372384485	0.0
sample12	0.192296184618	-0.153793155838	-0.341533943963	0.00827054316855	0.159491683797	-0.0895232475212	0.0259479335801	-0.108993222969	-0.101376640605	-0.186480297231	0.113123909578	0.0973947462918	-0.0863292314418	0.0356882470977	0.0
sample13	0.123658889763	-0.103687818783	0.0952809219188	0.188417566215	-0.0093944982204	0.380581773758	0.0419033226692	-0.138323957314	0.111914403928	-0.00486948368061	0.0998640939468	0.0953024072335	0.113213796427	-0.0130029459297	0.0
sample14	0.231186534684	-0.454903996916	-0.0695612917067	-0.109525079375	-0.0185917715354	-0.0165102161613	0.033007702852	-0.0826566560579	0.143153022396	0.042927941725	-0.131181509717	-0.165376366875	-0.0304768038282	-0.0519161358266	0.0
sample15	-0.0133457450117	-0.195938098391	0.186722380634	-0.0857853485017	-0.440683794607	-0.0919781007186	-0.106908503752	0.0139188408946	-0.110184279058	0.0202796474831	0.142990383232	0.0353867406088	-0.0362804197593	-0.00281467134688	0.0

Biplot	0	0

Site constraints	0	0
