Eigvals	11
0.687493879627	0.493473291525	0.390668232653	0.3652966304	0.276190808689	0.126321545152	0.123415608128	0.0507607629656	0.000751692703589	0.0	0.0

Proportion explained	11
0.273425633153	0.196261015811	0.155374050637	0.145283420574	0.109844827677	0.0502397904733	0.0490840599362	0.020188243364	0.000298958375494	0.0	0.0

Species	0	0

Site	11	11
MCT.f.0036	-0.25790406098	0.100703388955	0.163945304169	-0.103673472974	0.256930178994	-0.0529187957788	-0.154609088224	-0.0274930437746	0.00331511022769	-0.0	0.0
MCT.f.0037	-0.314397995089	0.179513544129	0.127787911279	-0.0591275285452	0.160597756184	5.13723316726e-05	0.122267925417	0.00282107442797	-0.00314702198433	-0.0	0.0
MCT.f.0038	-0.268277033138	0.202537165515	-0.0397865185008	0.0614868471894	-0.192058137338	0.033473949857	0.187349291326	0.0204607262821	0.000304690099212	-0.0	0.0
MCT.f.0039	-0.204296616371	0.144978844028	-0.171852587479	0.0873444275666	-0.278211491006	-0.0873251165635	-0.179726380085	-0.0309298450751	0.00231990247798	-0.0	0.0
MCT.f.0042	-0.0334123965881	-0.152286319114	-0.163051596847	0.324011305674	0.128267530272	0.175917112504	-0.0429351735149	-0.0404667966151	-0.010701595526	-0.0	0.0
MCT.f.0043	0.0315469564788	-0.309714357601	-0.054527516915	0.215795515422	0.0868369724052	-0.101043436708	0.0709657573779	0.0278371565846	0.0175584574125	-0.0	0.0
MCT.f.0044	0.0605082182647	-0.333218371213	0.159971267608	-0.0658500668806	-0.0967914826846	-0.173508536118	0.0343714534873	-0.0174916429945	-0.015231156678	-0.0	0.0
MCT.f.0045	0.00203360746832	-0.235615651703	0.23202203343	-0.215544167442	-0.169031014911	0.208414604206	-0.0439433681241	0.00432651764422	0.00677921696516	-0.0	0.0
MCT.f.0048	0.488471812697	0.295130534627	0.252137365281	0.194585721605	-0.0159615327593	-0.0045240289034	-0.0378535955197	0.0728195547958	-0.00110400472027	-0.0	0.0
MCT.f.0049	0.391336800574	0.126347854061	-0.165453972594	-0.18040230756	0.039970905101	-0.00451067552995	0.0708571961811	-0.148264014107	0.00336871840604	-0.0	0.0
MCT.f.0050	0.104390706683	-0.0183766316844	-0.341191689431	-0.258626274056	0.0794503157427	0.00597355070407	-0.0267440183226	0.136380312831	-0.00346231668	-0.0	0.0

Biplot	0	0

Site constraints	0	0
