Eigvals	14
0.702147140716	0.582471059504	0.474212486937	0.439004414781	0.352550458062	0.316472620488	0.282383437871	0.234484092891	0.200671991069	0.1474372789	0.135550288634	0.0760172863995	0.0436519477944	0.0

Proportion explained	14
0.176106732427	0.146090568592	0.118938049745	0.110107452591	0.0884237869595	0.0793750424447	0.0708250759011	0.0588113587746	0.0503308873418	0.0369789975909	0.0339976011103	0.0190660263917	0.0109484201307	0.0

Species	0	0

Site	14	14
sample1	-0.224747467673	0.142550111319	0.113438463866	0.137524527805	0.0437237920724	0.137347790549	-0.342999666472	0.169041361112	0.017057853984	0.0159388166205	0.13268904647	0.00116488987569	-0.0255266313001	0.0
sample2	-0.167325841108	-0.295876232346	-0.210341779961	0.0885073136784	0.0900783505204	0.0264028495627	0.0751620056673	0.128617372823	0.00529477391376	-0.0245913488557	0.0340102725238	-0.03906746646	0.144545058855	0.0
sample3	-0.198333134645	-0.247445848765	-0.294140223973	0.0202308783859	0.0504789465283	-0.123225831616	0.081104224584	0.112731942076	0.00983863582331	-0.0150645140251	-0.0217593124296	0.0717536452079	-0.12847200432	0.0
sample4	-0.317833841961	-0.0417997269585	0.156394285323	-0.0269740614439	-0.141770933425	0.0388886315746	0.0917331168986	-0.20202387276	0.275561517792	-0.0971468825091	0.0522802914797	0.00175235543712	-0.0029930346256	0.0
sample5	-0.142509725428	0.209260359487	-0.105321275604	0.230576929078	-0.26286523758	-0.156074550517	-0.0353861721675	-0.0591673639255	-0.0148947780688	0.195690114064	-0.121143687669	0.00173169282018	0.0284118608621	0.0
sample6	-0.0721561440326	-0.240687408847	0.368194302916	0.201769807714	-0.0474844822224	0.069471584239	0.0883138665499	-0.038893381058	-0.245296566502	-0.0615540673271	-0.0648606382549	-0.0330737258862	-0.0267574108965	0.0
sample7	0.228223661632	0.00184469427461	-0.0601745325071	-0.221314112842	-0.352509668735	0.0239864101185	-0.0522887264929	0.0545248251851	-0.100367148793	-0.11239634042	0.0538153217236	0.116520749646	0.0314626746737	0.0
sample9	-0.100072359013	0.15733569001	-0.0389909606043	-0.318874174546	-0.0423427181482	0.0573549324051	0.170867153469	0.0271397476327	-0.098348963458	0.118002062278	0.118018461184	-0.137417500793	-0.0303964050989	0.0
sample10	0.327902672597	0.110071625326	-0.297187614016	0.212827418937	0.0445930836742	0.312473804531	0.0167031470369	-0.151461020199	0.00906701892934	-0.0469520661344	-0.0127243451443	-0.0360340133568	-0.0284874121062	0.0
sample11	-0.0719107286801	0.0446061916232	0.11430599079	-0.262622657111	0.179647650312	0.222256082798	0.00380196158484	0.0332575320176	0.0401860832821	0.0950819001701	-0.196019290702	0.0949406889577	0.0201787272035	0.0
sample12	-0.10798799162	0.108582694983	-0.088037405442	-0.128595826333	0.240439264663	-0.219044414202	-0.160747587139	-0.252611869232	-0.139707209376	-0.0821171541652	0.0150875756156	0.0120227680361	0.0227828249089	0.0
sample13	0.139860991748	0.431931229233	0.117287421071	0.118401090487	0.119538860206	-0.153454525425	0.194838558707	0.177367219331	0.0515036934059	-0.13107998328	-0.022674235406	0.00710844620807	0.00866519033402	0.0
sample14	0.384322601163	-0.176945678517	0.168018868585	0.075359863186	0.119943305878	-0.100041126553	0.0577821684135	-0.0617195107173	0.0615424360662	0.178965316288	0.154466872476	0.0774377304228	0.0045449473616	0.0
sample15	0.322567307021	-0.203427700822	0.0565544595558	-0.126816996996	-0.0414702137442	-0.136341637465	-0.188884050639	0.0631970177139	0.128562653001	-0.032775852704	-0.121186331867	-0.138840260115	-0.0179583858514	0.0

Biplot	0	0

Site constraints	0	0
