Eigvals	11
0.738476430952	0.560165823571	0.232077093487	0.162226321138	0.0742028825706	0.0410992621861	0.0261425067833	0.0170365405659	0.0	0.0	0.0

Proportion explained	11
0.398868811081	0.302558980478	0.125350397763	0.0876223222927	0.0400787544587	0.0221986960685	0.0141201941759	0.00920184368198	0.0	0.0	0.0

Species	0	0

Site	11	11
MCT.f.0206	-0.141637606307	-0.421044381045	-0.308887660301	0.0798417876362	-0.0778668771042	0.0164785351419	-0.0136390722227	0.0160630683051	0.0	0.0	0.0
MCT.f.0209	-0.257029698045	-0.366692200263	0.112708367458	-0.150150761818	0.113172029586	-0.0680861091144	0.0409128046239	-0.0157553534655	0.0	0.0	0.0
MCT.f.0211	-0.233867126994	-0.107157746121	0.262350693371	-0.0154816517851	-0.0625793552983	0.113572254368	-0.0530938239203	-0.00991532648416	0.0	0.0	0.0
MCT.f.0213	-0.210829628308	0.173619398333	0.112874291271	0.101914424665	-0.0901156885354	-0.0611557177825	0.044062438855	0.047934147886	0.0	0.0	0.0
MCT.f.0214	-0.240887494397	0.242045284691	-0.0120368679878	0.0766277601334	-0.0401684968896	-0.0695416435069	-0.0242096460296	-0.0125989423338	0.0	0.0	0.0
MCT.f.0215	-0.180072552315	0.269293127074	-0.136587458071	0.0297567240257	0.0688962809203	0.0241635194421	0.0233840046986	-0.0772552981768	0.0	0.0	0.0
MCT.f.0216	-0.0742716047342	0.238816836989	-0.116137593326	-0.105640255468	0.101634728759	0.0858775486753	0.00642253959865	0.0691479078981	0.0	0.0	0.0
MCT.f.0218	0.268115667838	0.099677963256	-0.0536988748218	-0.220622288704	-0.0799889224512	-0.0448239423616	-0.0721566631037	-0.0238627104145	0.0	0.0	0.0
MCT.f.0219	0.37225558115	0.00326457240239	0.0263018907234	-0.0926620066869	-0.0358391485158	-0.0152033513752	0.0553459122848	0.0279332743595	0.0	0.0	0.0
MCT.f.0220	0.387970173532	-0.0624022359321	0.0484257895924	0.105951514598	-0.0311331404292	0.0559584198728	0.0673855082344	-0.0394880262288	0.0	0.0	0.0
MCT.f.0221	0.310254288579	-0.0694206193832	0.0646874220923	0.190464753403	0.133988589959	-0.0372395133591	-0.074414003019	0.0177972586549	0.0	0.0	0.0

Biplot	0	0

Site constraints	0	0
