Eigvals	14
322.406780276	235.048711591	148.847257094	111.44169239	68.9711933502	57.0683351806	47.6020883574	41.7375420396	32.8645683882	27.8123735284	24.6144883804	19.7196972412	17.6011947323	0.0

Proportion explained	14
0.278962325204	0.203375794595	0.128790023906	0.0964248754547	0.0596772947907	0.0493783519809	0.0411876860697	0.0361133899408	0.0284360533812	0.024064643995	0.0212976752735	0.0170624593875	0.015229426021	0.0

Species	0	0

Site	14	14
MCT.f.0224	-3.5270299635	3.53671867388	2.30110104103	-1.37703910476	3.23474158336	-1.24476701002	1.87075891691	-2.21307192487	3.04997038669	0.978035671809	0.210051204238	-1.37006434906	0.0239041512023	0.0
MCT.f.0225	-4.89073776641	2.01214005334	-3.74185653231	-4.5462825737	-0.485531266442	2.0910976244	-3.10110396078	-0.960006284049	-1.58632138615	1.38673659178	-0.109226266094	-1.2114291039	0.760498550852	0.0
MCT.f.0226	-5.34614076132	0.382574820071	-1.38004417258	-2.48588178554	1.44218939651	1.08810073717	-0.0585588587942	1.01315600172	1.23051109338	-3.52277644839	-0.699377757756	1.7036803875	0.797651279157	0.0
MCT.f.0227	-4.51894523572	0.428879431649	3.00590857373	-1.7806227764	2.20172923598	-2.96831681362	0.940357272364	3.14639596049	-2.73450345449	0.572683170229	0.169742368157	0.00580801732413	-0.978177949928	0.0
MCT.f.0228	-2.12267103599	-1.38493019362	7.94514614759	2.55029500129	-0.519535952091	0.550050612249	-3.50937811461	-1.58190230193	0.0233354042355	0.242012973668	0.469958626273	1.28380086645	-0.157605182279	0.0
MCT.f.0229	2.1049790237	-3.78508646183	1.39723585151	-0.58808497904	-0.785042227189	4.16007334009	0.712616834995	1.36476777368	0.727525592814	-0.79384751711	0.410867653354	-1.60603060645	-2.2738399261	0.0
MCT.f.0230	0.956441555312	4.43194248846	2.21578635364	0.817168460124	-4.75760651603	-0.540114672069	0.387117739974	2.94387313163	1.43272665543	0.477676315624	-0.429235813435	-0.749881329608	1.63807048396	0.0
MCT.f.0231	6.47934172932	2.07011059055	0.986762485079	-2.28810312539	0.195056253806	2.66458335471	3.00683570754	-0.84421478494	-1.03318435311	1.71308901115	-0.223816630409	2.19112133855	0.442802626022	0.0
MCT.f.0232	10.6615115844	-3.86935099017	-0.897342907347	-4.45001763577	-0.466530370557	-3.46369245687	-1.7906618497	-0.429454687469	0.823255908858	-0.607628348472	0.419576192287	0.0296626893275	-0.228100258942	0.0
MCT.f.0233	4.98115572966	6.95905411218	-0.0643691133719	3.31453304226	0.419023554459	-0.30785160645	0.363594840587	-1.83317581903	-2.35952200061	-2.41595380378	-0.0886973392106	-1.25274219159	0.0723943699671	0.0
MCT.f.0234	-0.20700156159	5.20053913999	-5.77315995341	3.43958484771	-0.0549483704331	-0.731087396062	-1.43255602227	0.717843574758	1.29198565454	1.15410815218	-0.149546004152	1.37775625604	-1.97930748466	0.0
MCT.f.0235	2.75460469645	-4.98390514852	-2.44852772055	4.26181510767	3.64072144428	0.928545187945	-0.443588539309	1.57830674061	0.0893780749223	0.668287389017	1.64780524205	-0.381262611826	1.83357383995	0.0
MCT.f.0236	-1.18584602708	-6.55247171164	-0.990278373742	2.30259731065	-0.318210006232	-0.810576591852	0.711660967731	-0.959203627998	-0.364264058006	0.490765975404	-3.90998270069	-0.376038411496	0.115086436727	0.0
MCT.f.0238	-6.13966196719	-4.44621480434	-2.55636167927	0.830038210888	-3.74605675942	-1.41604430961	2.34290506536	-1.9433137526	-0.590893518504	-0.343189133111	2.28188122539	0.35561904875	-0.0669509359328	0.0

Biplot	0	0

Site constraints	0	0
