Eigvals	17
1.23457573589	0.659041518554	0.352188996462	0.221577734908	0.0844982076845	0.0395234378089	0.0293687538872	0.0236986985562	0.0158714439941	0.0103343173506	0.00744773636987	0.0	0.0	0.0	0.0	0.0	0.0

Proportion explained	17
0.460984833366	0.246083035475	0.131505731992	0.0827360948662	0.0315512374468	0.0147578677133	0.0109661560026	0.00884898373372	0.0059263233127	0.00385878599695	0.00278095009452	0.0	0.0	0.0	0.0	0.0	0.0

Species	0	0

Site	17	17
MCT.f.0545	-0.493814533768	0.184183456735	0.28848279627	-0.109840926591	0.0986688394347	-0.00861111631345	0.0601019344051	-0.0213363542433	0.0248389691607	-0.0200338381229	0.00908407022485	-0.0	0.0	0.0	0.0	0.0	0.0
MCT.f.0546	-0.494107063108	0.089892831655	0.146223552371	-0.0171645902784	-0.0162390520166	-0.0252324808006	-0.0786795026843	0.0178443193274	-0.0495276775039	0.0465176921225	-0.00956593784867	-0.0	0.0	0.0	0.0	0.0	0.0
MCT.f.0547	-0.398280817512	0.0376867011898	-0.105020893329	0.118957784489	-0.0858446576768	0.0892758633364	-0.0147428022128	0.00320983361079	-0.0121519492946	-0.0525529109373	-0.0127443157104	-0.0	0.0	0.0	0.0	0.0	0.0
MCT.f.0548	-0.362584004142	-0.0066869268582	-0.159103146524	0.0962045123569	-0.0760102969896	0.0150371706434	0.0182313255658	-0.0263709856017	0.0324375000298	0.0216019758866	0.0200617041451	-0.0	0.0	0.0	0.0	0.0	0.0
MCT.f.0549	-0.201128252312	-0.126167813644	-0.209812520522	0.0379310167815	0.0451035437559	-0.0899184353763	0.029477437658	0.0599980575735	0.0276397114678	0.005373820869	-0.0249735554324	-0.0	0.0	0.0	0.0	0.0	0.0
MCT.f.0550	-0.0592097007102	-0.186481764169	-0.205527698774	-0.0217380100408	0.109019491869	-0.0191034351608	-0.0139570700323	-0.00148441409721	-0.00361827590374	-0.000149914390669	0.0319896001284	-0.0	0.0	0.0	0.0	0.0	0.0
MCT.f.0551	0.0341940147691	-0.240430544231	-0.13203493819	-0.065846990183	0.030734036474	0.0453579577379	0.0229967925256	-0.0458346631756	-0.029889680474	0.00975980908023	-0.00784078265753	-0.0	0.0	0.0	0.0	0.0	0.0
MCT.f.0552	0.102437832909	-0.233545193043	-0.00896405240695	-0.140432023813	-0.0279179445607	-0.0596668848837	-0.0114927811247	-0.0352110914624	-0.0418572069449	-0.0273876131176	-0.000162253323973	-0.0	0.0	0.0	0.0	0.0	0.0
MCT.f.0553	0.154534090134	-0.237513789536	0.11656235166	-0.159751484286	0.0214334119005	0.0459975273179	-0.0410494025496	0.0115244444545	0.0392704003836	-0.0131744254548	-0.0388671280491	-0.0	0.0	0.0	0.0	0.0	0.0
MCT.f.0554	0.175955404891	-0.231315379517	0.14269179541	-0.0418054259202	-0.0547987228522	0.050344255023	-0.0206154312625	0.0646678728171	0.0143351211703	0.0133183344098	0.0463067281569	-0.0	0.0	0.0	0.0	0.0	0.0
MCT.f.0555	0.173136255186	-0.176912675954	0.162997002536	0.0996389810498	-0.0619802302414	0.0047894914115	0.0977478582264	-0.00501704725723	-0.00260067871514	0.024427343451	-0.00802982366703	-0.0	0.0	0.0	0.0	0.0	0.0
MCT.f.0556	0.230463393159	-0.048051593628	0.166784816566	0.228941146559	-0.0515374228791	-0.0771973707657	-0.0167244111904	-0.00858269865647	-0.0135092992475	-0.0207753635092	-0.00713444884695	-0.0	0.0	0.0	0.0	0.0	0.0
MCT.f.0557	0.234809222087	0.0960825855685	0.046581844208	0.188338266271	0.116524746962	0.00337590068312	-0.0600710713382	-0.0273508526277	0.0351967335081	-0.0105563292635	0.0113677235585	-0.0	0.0	0.0	0.0	0.0	0.0
MCT.f.0558	0.27063260876	0.202330970268	-0.0352936648764	0.0384747179772	0.0726601980969	0.0500593333631	0.0151308983376	-0.0406828966965	-0.0338075477284	0.0281713189174	-0.00748890025736	-0.0	0.0	0.0	0.0	0.0	0.0
MCT.f.0559	0.228685749383	0.271621719753	-0.0744688996213	0.001582230678	0.027883770295	0.0371092710067	0.0125760147919	0.0645812982719	-0.000895065645223	0.0123350777292	-0.0232784839873	-0.0	0.0	0.0	0.0	0.0	0.0
MCT.f.0560	0.218579294247	0.333108980294	-0.056673653123	-0.10275675764	-0.0228305239184	-0.0229627362306	0.0265260121581	0.0410641926948	-0.0362878335153	-0.0317562292556	0.0223943998494	-0.0	0.0	0.0	0.0	0.0	0.0
MCT.f.0561	0.185696506028	0.272198435118	-0.0834246916555	-0.15073244741	-0.124869187654	-0.0386543109919	-0.0254558012738	-0.051019014932	0.0504267792525	0.0148812515859	-0.00111859628243	-0.0	0.0	0.0	0.0	0.0	0.0

Biplot	0	0

Site constraints	0	0
