Eigvals	13
0.679110872099	0.588169076147	0.530412121944	0.358242006456	0.328237198851	0.264547573774	0.251053025313	0.219908171608	0.189048876888	0.157750206379	0.127326472441	0.108420437282	0.0

Proportion explained	13
0.178608758422	0.154690718039	0.139500418039	0.0942190187444	0.0863276395112	0.0695770243663	0.0660279064754	0.0578366907547	0.0497205781402	0.0414889080117	0.0334873495496	0.0285149899467	0.0

Species	0	0

Site	13	13
sample1	-0.4113365303	0.16512707351	0.0263024656081	-0.280345459883	0.127080232333	-0.110541677527	-0.126999863065	0.18494134458	-0.0603847862622	0.00299508538319	0.0643069148484	0.0657618677668	0.0
sample2	-0.125046957978	-0.0257492367659	-0.382748137797	-0.016195627886	0.170275407986	0.178179053394	-0.0101451477468	-0.0650660571342	0.121848928995	0.15092546534	0.0602763628799	-0.124311279973	0.0
sample3	-0.0811843988836	-0.226440862702	-0.00106453040077	0.173351877403	0.163679528709	-0.211596366266	0.230700867612	-0.0620680798791	0.0578106771753	-0.0846019706418	0.144367962117	0.0617635162412	0.0
sample4	-0.236524216122	0.0206367528557	-0.19417102679	0.0432860752685	-0.319084638341	0.161587253428	0.13617642309	-0.0191903323232	-0.0224194504591	0.0240316355707	-0.0330542137597	0.169291411685	0.0
sample5	0.171643073765	0.349803621797	-0.201108218	0.0220547439808	0.109175602937	-0.0308918846418	-0.00980015018438	-0.188290740253	-0.24163259238	-0.108870024886	-0.0318875713598	-0.00779076252883	0.0
sample6	-0.268718836735	0.159938194033	0.283225398801	-0.0348649592421	-0.176881317754	-0.101349298738	0.154603764756	-0.0860756360726	0.0173583448129	0.0322300288404	-0.0633777692509	-0.185055061199	0.0
sample7	0.236771612972	0.400485652847	0.0390767206384	0.218743461296	0.00512669633806	0.0525621615134	0.0270863130856	0.245345863052	0.152449079126	-0.0561470752637	0.00990053121355	-0.00758090371069	0.0
sample8	-0.126581121866	-0.18789781254	-0.0538197864553	0.0623839557552	-0.09510055652	-0.017808828894	-0.283895000298	-0.0811813915947	0.138667843144	-0.219819985161	-0.0604047644736	-0.0269435214762	0.0
sample9	0.180622645371	-0.230608724956	0.0620733000098	0.053929990611	-0.196560838675	0.0643738972136	-0.0886182954674	0.109403597191	-0.195258078639	0.0165536829389	0.186378316484	-0.0895293356363	0.0
sample10	0.253841787767	-0.245642724076	-0.24444255915	-0.100429616578	-0.0268633178201	-0.210058733598	0.0608634896715	0.153638148317	-0.0249643465056	0.0614246855669	-0.182653737038	-0.022028105461	0.0
sample11	-0.0775754031438	-0.221240396986	0.295987807267	0.0763198625336	0.249803467843	0.253158902874	0.0480413354818	0.0504602082284	-0.0986732783561	-0.0218880467221	-0.133135842831	0.017019929259	0.0
sample13	0.379408912098	-0.00720372868888	0.169267979508	-0.384241448852	-0.0193804669184	0.0926154307168	0.0620205878253	-0.110442397163	0.12772399339	-0.0357093651249	0.0531592346149	0.0509547773887	0.0
sample14	0.104679433058	0.0487921916735	0.201420586763	0.166007145594	0.00873019988314	-0.120229909476	-0.20003432476	-0.131474526949	0.0274736659596	0.238875884159	-0.013875423445	0.0984474676443	0.0

Biplot	0	0

Site constraints	0	0
