Eigvals	11
0.617152716501	0.519823183041	0.445395930089	0.375030446208	0.319742035568	0.261116017227	0.209104154899	0.142799208706	0.125564956056	0.108849086563	0.0

Proportion explained	11
0.19751555854	0.16636589874	0.142545959129	0.120025961276	0.10233127888	0.083568417682	0.066922372443	0.045701922251	0.0401862160943	0.0348364149652	0.0

Species	0	0

Site	11	11
sample1	-0.241856782645	0.1114930967	0.106072013546	-0.0871929212369	0.191897490019	-0.237123583875	0.194364932288	-0.0611071393192	-0.122800928143	0.0975621747206	-0.0
sample2	0.30268018993	-0.185724428409	-0.12741610427	0.175183164486	0.211458820611	-0.24173424938	-0.190022285061	-0.0585774119542	0.0379357601211	-0.0213692002609	-0.0
sample3	-0.171502928409	-0.236854462427	-0.0201129396859	-0.350529793443	0.0680481557125	0.0470621925321	0.0327331667474	-0.0801040862015	0.090466479087	-0.176676599213	-0.0
sample4	0.232693085975	0.0866412633435	0.331788467611	-0.0316608081622	-0.0367282914403	0.098856889486	-0.110938810372	0.0130241825037	-0.212314594556	-0.102432576774	-0.0
sample5	0.166423536865	0.0186686853461	0.223344313252	0.186824146557	0.204715782032	0.238756692181	0.158893112148	-0.0152267315219	0.14469632911	0.0466475690164	-0.0
sample7	-0.304171507175	0.0289977272334	-0.0683795599428	0.254232584625	-0.0156907575946	-0.0558362919551	0.0438558141944	0.23904127738	0.00536450979995	-0.128810360873	-0.0
sample8	-0.00237168972249	-0.395801649015	0.0673631675802	-0.151902906693	-0.104846930927	0.0316694618699	-0.0664638419753	0.161646055425	-0.00421168891921	0.178746415613	-0.0
sample9	-0.0785860537568	0.470654077168	0.0552691330226	-0.16586082433	-0.0424384798314	-0.0420572090355	-0.196937873437	0.0318264136184	0.142097839687	0.0541608651176	-0.0
sample10	-0.377827700634	-0.0569350035909	-0.130160754933	0.209653132276	-0.0980006731919	0.171818645427	-0.125422876685	-0.187191441209	-0.0586644546472	0.0523589343657	-0.0
sample11	0.207708429418	-0.00444043442066	0.0385152766099	0.0755963932607	-0.408377868965	-0.150593226225	0.161208773104	-0.0870610370828	0.0625819821152	-0.0197627708641	-0.0
sample13	0.266811420155	0.163301128072	-0.476283012791	-0.11434216734	0.0299627535752	0.139180678974	0.0987298890486	0.0437299183617	-0.0851512336541	0.0195755491504	-0.0

Biplot	0	0

Site constraints	0	0
