Eigvals	8
0.461724526016	0.348155014178	0.267894699232	0.229679923174	0.194759772039	0.138595723805	0.063682105238	0.0

Proportion explained	8
0.270886921166	0.20425737548	0.157169840852	0.134749799364	0.114262665382	0.081312052518	0.0373613452378	0.0

Species	0	0

Site	8	8
sample1	-0.113647251046	-0.288944806511	0.0427648482917	0.0442137336788	0.0149338775299	0.282632261118	-0.0302614824223	0.0
sample3	-0.229561918937	-0.174373315246	-0.284204510721	-0.179022092862	0.149804754515	-0.119401738062	0.0302759467526	0.0
sample4	0.244989898463	0.0518087502276	-0.0333834794578	0.162590998329	0.173825418497	-0.0684334683701	-0.165307583059	0.0
sample5	0.213621026725	0.0495251694431	-0.0396605057415	0.223133037459	0.0739329068358	0.00623218771394	0.181647119314	0.0
sample8	0.220299975811	-0.281399333774	0.130896371806	-0.0613376636267	-0.245734473053	-0.145109741459	-0.00284610038981	0.0
sample10	0.235839986888	0.259608406483	0.0754650651212	-0.324684049942	0.0371250141907	0.0991928235861	0.0129732839558	0.0
sample11	-0.178594336565	0.258592834947	-0.223366550285	0.0914602577014	-0.266055269399	0.0329468810343	-0.0356058447532	0.0
sample13	-0.392947381339	0.125182294429	0.331488760986	0.0436457792627	0.0621677708834	-0.0880592055608	0.00912466060178	0.0

Biplot	0	0

Site constraints	0	0
