Eigvals	13
519.255873565	373.855768712	139.107793798	93.088569673	69.1484795542	59.7570197644	44.8599626475	42.0825986885	32.9553289337	32.0580328848	22.24972794	18.8281957595	0.0

Proportion explained	13
0.358788615419	0.258321957346	0.0961188794806	0.0643211193646	0.047779309779	0.0412901220272	0.0309967488197	0.0290776822861	0.0227710411009	0.0221510392417	0.0153738252901	0.0130096598446	0.0

Species	0	0

Site	13	13
MCT.f.0529	-7.82996862896	4.67020525636	0.914540330821	-2.0895138902	0.057258683622	-1.5942181263	-3.04913378259	0.157873621615	2.79466998234	2.42943817704	-0.31948058425	0.576346153451	0.0
MCT.f.0530	-9.52995087018	6.85837590615	-3.20446909734	-3.98511281481	-1.30958425915	-1.69155015439	1.50801729024	0.524423605972	-2.25990501886	-1.34463768837	0.759754788424	-0.449000067005	0.0
MCT.f.0532	8.58807121307	0.758243196071	1.52077496304	-1.42560335027	-1.48544653204	0.0921879951329	-0.0215650454844	1.95628500387	-1.70288405772	2.12138706538	-2.26691482901	-1.72859706863	0.0
MCT.f.0533	11.384317838	8.85594009986	2.82709318615	0.879685232249	1.37737562528	-2.32723244825	-0.906523600264	-2.34595905173	-0.897346343732	-1.10645515948	0.306619802296	1.09703496502	0.0
MCT.f.0534	4.72915808796	7.22303507678	-3.78070914322	2.23709529817	1.47512140686	1.97101454334	2.79433741712	1.43464219192	2.4796397935	0.52944032918	0.990375885012	-0.68730735127	0.0
MCT.f.0535	5.14572257718	-3.27774027717	-1.07737355197	-2.52074608651	-0.315851165517	3.44042107366	-3.69303593338	1.17347846064	-0.123161817956	-1.65127425103	1.75722924362	-0.341092596369	0.0
MCT.f.0536	-1.76841649648	-1.23513013498	-6.53713455753	1.60034072238	-0.20297593405	1.94671042866	-0.736245894078	-1.83514779742	-0.382653594051	-0.60793323454	-2.64509122039	1.31404956186	0.0
MCT.f.0538	-5.87562818491	1.12885695041	6.39216467178	-0.308933540407	-0.949354698711	4.52900124141	1.82558103936	-1.81206150276	-0.574076164341	0.741452625128	0.196191348236	0.627965203599	0.0
MCT.f.0539	-7.92979500445	-1.41389323144	2.2416273105	4.63153993565	4.48147623848	-0.521261681609	-1.08653092887	2.17716997007	-1.43984683617	-0.726154741972	-0.249572847625	-0.512884214228	0.0
MCT.f.0540	-2.06728897418	-2.41296009959	0.945080213717	4.27668182494	-4.97826150182	-1.65625013915	-0.436420624371	-1.29888181916	1.18533877883	-1.28797828299	0.332396076169	-1.6714490044	0.0
MCT.f.0541	2.44822992194	-5.62458019107	2.18078172582	-1.01125598738	-1.50281527751	-1.53361164536	1.84216033284	3.06069151796	1.20226243844	-1.49675939791	-0.556897028355	2.31152663142	0.0
MCT.f.0543	1.83598345394	-7.42163284598	-2.7988515592	1.37260398273	-0.242010936289	-1.41360489612	0.499769953669	-0.737645934818	-1.67883674513	3.12219941782	2.13488852736	0.92526394773	0.0
MCT.f.0544	0.869565067096	-8.10871970539	0.376475507433	-3.65678132654	3.59506835085	-1.24160619102	1.45958977582	-2.45486826617	1.39679958486	-0.722724858259	-0.439499161488	-1.46185616118	0.0

Biplot	0	0

Site constraints	0	0
