Eigvals	11
0.625236777519	0.51983715385	0.425631025383	0.41490015841	0.338358437902	0.31482815167	0.300467413111	0.237651875481	0.198187490475	0.183076297339	0.0

Proportion explained	11
0.175718399454	0.146096576426	0.119620606508	0.116604771809	0.0950932595261	0.0884802380531	0.0844442534705	0.0667903883588	0.0556992004794	0.0514523059152	0.0

Species	0	0

Site	11	11
MCT.f.0206	-0.158565104213	-0.20014950291	0.259130302295	-0.265389178537	-0.0701400448727	-0.354340856969	0.0711183920174	0.0648872411215	-0.0559075200444	-0.0106945897655	-0.0
MCT.f.0209	-0.259811533741	0.2427321666	-0.204405030977	-0.179155050767	-0.390599245111	0.11403267444	-0.00651406732446	0.0341689680338	0.0523369743535	-0.0146996181605	-0.0
MCT.f.0211	-0.241894749022	-0.30587107836	-0.0607102678101	0.0808413955842	0.106060149546	0.1210718929	0.0701235157348	0.0842818967739	0.1707943876	0.248709482829	-0.0
MCT.f.0213	-0.0920916101991	0.41066819879	0.108554523184	0.07773599971	0.182457600243	-0.121989511054	0.132125599279	-0.190173425496	0.184641309023	-0.0127758423876	-0.0
MCT.f.0214	0.101865164599	0.240473720661	-0.223776816996	0.16587644026	0.0739604323607	-0.199074809259	-0.105454984798	0.15135537691	-0.191453423466	0.158303287177	-0.0
MCT.f.0215	0.112480049539	0.078736063993	0.449709029787	0.164216653108	-0.120645858267	0.161964272471	-0.240278618507	0.0506480986071	-0.00584566279464	0.0366338349445	-0.0
MCT.f.0216	0.0887468406824	-0.120405119996	-0.166158729212	-0.254832387751	0.170613401568	0.00171332742183	-0.36365149069	-0.141439778624	0.0632603529585	-0.0552759464822	-0.0
MCT.f.0218	-0.321878996235	-0.212243342455	-0.0759303418162	0.334767305525	-0.0247468682509	0.00713811576609	0.00319806322302	-0.158941317081	-0.148334670245	-0.16776988507	-0.0
MCT.f.0219	0.437836057639	-0.110652011874	-0.0248384633266	-0.0678605979386	-0.130170275068	0.0714126912446	0.198233836935	-0.239905783039	-0.0997781302267	0.118659398485	-0.0
MCT.f.0220	0.371398325727	-0.117866657509	-0.111503327631	0.148136600169	-0.0549082319998	-0.0684366561906	0.0785720825508	0.196592138429	0.182402877855	-0.193640296164	-0.0
MCT.f.0221	-0.0380844447758	0.0945775630606	0.0499291225027	-0.204337179362	0.258118939852	0.266508859229	0.162527671579	0.148526584365	-0.152116495013	-0.107449825407	-0.0

Biplot	0	0

Site constraints	0	0
