Eigvals	11
644.663547926	338.960752155	96.8978087908	76.8331322965	63.322988357	53.3034816302	43.5725639594	41.2866359301	27.5152015431	20.6457270823	0.0

Proportion explained	11
0.458182448487	0.240909956617	0.0688682886253	0.0546076985333	0.045005618736	0.0378844434508	0.03096837739	0.0293436971907	0.0195559101398	0.01467356083	0.0

Species	0	0

Site	11	11
sample1	-8.25310689467	7.74394451323	0.778823264936	2.66717308145	0.873782007056	3.9030697449	2.33488301477	1.06038131984	-1.44985263624	-0.148225731587	-0.0
sample2	2.84936783681	-1.24705934013	-0.976705841238	-3.14976065252	4.17235187227	-1.3079263102	0.054673185295	-0.466172403426	-2.32206161539	-2.2473699374	-0.0
sample3	-9.03028866664	8.92955760599	3.27140920537	-2.76286909615	-1.36192537314	-3.37242119184	-0.236917980632	-1.596166384	0.303065972948	0.767942993023	-0.0
sample4	9.76404296125	-3.05127530171	1.0426501532	1.74225636735	1.85822141769	-0.619923206393	3.56254247832	-2.85610094279	1.00104924389	1.40781130763	-0.0
sample5	1.4565188651	1.90133604723	-1.98141040434	-0.660937129426	-0.29456487432	3.55813455936	-3.1434232488	-3.3660042862	1.57320768232	-0.624705139718	-0.0
sample6	0.0245676042732	-1.25258795475	-6.02594057857	-2.75199498815	-4.08320311665	-0.16146030772	2.53092624787	0.866836997716	0.167562819369	-0.152954393276	-0.0
sample7	7.41484697134	-1.83508006973	0.83935925441	-1.81193419552	-0.340650072608	1.20664426345	-2.15641293617	1.47500335126	-2.2141315843	2.86341657534	-0.0
sample8	7.88821518902	-2.7756699766	5.90857643826	-0.569191996703	-2.71971899747	0.874301722881	0.254400797833	1.79558333696	1.02810461395	-1.90724060784	-0.0
sample9	0.618525499779	3.111435852	-1.94421488929	0.442272574401	3.42755076066	-1.10052665976	-0.920318101694	3.42033911494	2.95949852713	0.431544094547	-0.0
sample11	-16.1331000501	-12.6921083692	0.86621725872	0.798709665383	0.385064491695	-0.0680631008695	-0.461379333201	-0.120440066121	0.237902540162	0.299196438435	-0.0
sample12	3.4004106839	1.1675069937	-1.77876386146	6.05627636989	-1.91690811519	-2.91182951381	-1.8189741236	-0.213260038181	-1.28434556383	-0.689415599157	-0.0

Biplot	0	0

Site constraints	0	0
