Eigvals	11
0.651407682169	0.483433242711	0.450696579008	0.279274897997	0.205929368322	0.0764550215208	0.0400263087181	0.0166475680722	0.00872971395988	0.0	0.0

Proportion explained	11
0.294408193783	0.218490987591	0.203695426692	0.126220215909	0.0930711980135	0.0345543741772	0.0180901662293	0.00752398318468	0.00394545442051	0.0	0.0

Species	0	0

Site	11	11
MCT.f.0241	-0.314747463654	0.246623980973	0.054391855308	-0.0600380346748	0.175239069099	-0.140319691944	0.0663207274822	0.0199739706973	-0.00650892719741	0.0	0.0
MCT.f.0242	-0.401628447547	0.149444978936	0.0902078067287	-0.00940459078358	0.0674539474487	0.0738114887719	-0.0626073171221	-0.052219726511	0.0186879366428	0.0	0.0
MCT.f.0243	-0.331821119303	-0.11339163576	0.0285471825615	0.0444165925493	-0.144836485897	0.11122409139	0.0160945139864	0.0791059193657	-0.0226010546662	0.0	0.0
MCT.f.0244	-0.180938758231	-0.333555650307	-0.0238438046946	0.0777637387526	-0.111832895121	-0.0254650930862	-0.00048002001284	-0.0576169769355	0.0167522439018	0.0	0.0
MCT.f.0245	0.0723850221362	-0.376752299534	-0.0387050419096	-0.110762142464	-0.0119590830833	-0.116244419488	0.0355571012551	0.00447737453144	-0.00255003678829	0.0	0.0
MCT.f.0247	0.206488222645	-0.0542638334223	0.0364093570853	-0.40373376448	0.0932020279094	0.0734935903495	-0.0460510244648	0.0122238095023	0.00741148310311	0.0	0.0
MCT.f.0249	0.25584967135	0.193298402432	0.301925570194	-0.016819324289	-0.155851723274	0.032912388446	0.0756894308656	-0.0438439613898	-0.0343769848146	0.0	0.0
MCT.f.0250	0.245025289529	0.0607237792525	0.305570133208	0.178865216238	-0.0330514535809	-0.0565452953791	-0.0588000079188	0.0426341730328	0.0462210549859	0.0	0.0
MCT.f.0252	0.198113935197	-0.134593589212	-0.0496727722097	0.234867242598	0.27044822697	0.0457513334526	-0.0312663334567	-0.00574561657772	-0.0415117865545	0.0	0.0
MCT.f.0254	0.170360633202	0.124601126839	-0.351687229891	0.0695165374803	0.0224443469231	0.0813418814414	0.0973353294792	0.00130831007637	0.0429512133444	0.0	0.0
MCT.f.0255	0.0809130146763	0.237864739803	-0.35314305638	-0.00467147092759	-0.171255977393	-0.0799602739543	-0.0917924000931	-0.00029727579188	-0.024475141957	0.0	0.0

Biplot	0	0

Site constraints	0	0
