Eigvals	11
199.132371717	105.408689183	92.4648008406	48.7368114721	44.8554669261	41.1210036274	26.9373358138	23.9792334588	21.5028550137	20.3798625587	0.0

Proportion explained	11
0.318857477949	0.168783952588	0.148057761482	0.0780390282868	0.0718240883335	0.0658443395933	0.0431329717323	0.0383963583513	0.0344310975621	0.0326329241216	0.0

Species	0	0

Site	11	11
sample1	-0.204050126931	5.34997063421	2.44722618411	0.043594085106	-3.34790873121	2.54669444554	-1.53833873743	1.31287684291	-0.328049231249	0.0637460582214	0.0
sample2	3.21699567154	1.73436903709	-4.73533782318	1.44861441676	-0.802162437202	-2.58781193241	0.417525994968	1.44483071443	-0.0585770695806	-2.35499057138	0.0
sample3	2.84102292802	0.976777872393	-1.44524377079	-0.809835143615	2.78870574919	-0.477551701384	-1.79025511512	1.2436918187	2.44245414909	1.93447013566	0.0
sample4	-0.43153336684	3.80345764453	-2.67905010487	0.052643979	-0.756443033496	-0.243882232025	2.87096040888	-1.86272421564	-0.285642943912	2.13926046903	0.0
sample5	7.15287854946	-5.06906973324	2.3910607659	0.445656211518	-0.773888740375	1.41269501826	2.14099967654	1.49994006596	-0.210246613484	0.54454319393	0.0
sample7	2.01067532765	2.40689346122	5.84586276003	-2.06170883537	1.50296817145	-1.99525477677	0.639318811584	-1.43626194732	0.537369038333	-1.53238369647	0.0
sample10	-0.135611422715	-3.4531090955	-1.3029570088	1.21225546888	-2.05333300846	1.33699232726	-1.17965298045	-2.76434578437	2.07576178711	-0.893585066242	0.0
sample11	-4.74948273251	-1.24299170712	-2.75354653238	-4.12881054547	1.57046163197	2.71251745136	0.709306776032	0.549683336316	-0.481378577049	-1.22313637602	0.0
sample12	0.612800366874	-2.94151629936	-0.482630920241	-2.00358554146	-1.2855214883	-2.49927242862	-2.20071119449	-0.638773275814	-2.49973206	1.14280678215	0.0
sample14	-10.1136560319	-2.10973755877	2.27869826578	1.85877358118	-0.480298640603	-1.87196933757	0.745252792718	1.3921076235	0.729182816061	0.443080682706	0.0
sample15	-0.200039162683	0.544955744538	0.43591818443	3.94240232346	3.63742052703	1.66684316636	-0.814406433245	-0.741025178688	-1.92114129531	-0.263811611584	0.0

Biplot	0	0

Site constraints	0	0
