Eigvals	9
0.608692861128	0.39454665434	0.292447762706	0.253374140227	0.22056159394	0.159220175095	0.141844680253	0.0925066163412	0.0

Proportion explained	9
0.281386100798	0.182390745378	0.135192542725	0.117129616453	0.101961056007	0.0736041887449	0.0655718574082	0.0427638924859	0.0

Species	0	0

Site	9	9
sample1	-0.246113382066	0.245369163552	-0.285785288976	-0.236755018315	-0.022139017643	0.0781324874274	0.0743082217953	-0.0724809194647	-0.0
sample2	-0.186531826293	0.163415088285	-0.105254550913	0.121869073738	0.1307296245	-0.239475501893	-0.135522165702	0.0963693511811	-0.0
sample3	0.358815018996	0.258119607482	0.275480306144	-0.221607931949	0.0158720850089	0.0144960993544	-0.0659474800237	0.0451761640434	-0.0
sample6	0.210958771748	-0.193907740845	-0.10801707887	0.0634600959658	0.283581953452	0.152976386529	-0.112008418791	-0.0773342762657	-0.0
sample7	0.461430475453	-0.00447487788242	-0.204333012393	0.16117013011	-0.240431821166	-0.0498706440825	0.0470877404998	-0.00617013045319	-0.0
sample9	-0.10270017544	0.0641944717655	0.223472124703	0.155597565391	0.0676442724273	-0.0921706659764	0.175734293722	-0.167413377833	-0.0
sample11	-0.150115640634	0.000402588664192	0.0578499429163	0.13876045966	0.0215315482617	0.183608489807	0.146534762493	0.192172355016	-0.0
sample12	-0.303840722112	-0.0975007066882	0.129670103792	0.0557883430516	-0.243488970119	0.0908752250968	-0.202961529168	-0.054636034626	-0.0
sample14	-0.0419025196524	-0.435617594333	0.0169174535971	-0.238282717653	-0.0132996747223	-0.138571876263	0.0727745751749	0.0443168684023	-0.0

Biplot	0	0

Site constraints	0	0
