Eigvals	16
0.704376032477	0.629838089444	0.521074099976	0.450081977476	0.411144340487	0.363422214977	0.306013297188	0.256836382412	0.214698424653	0.193768393804	0.165270124046	0.139205629513	0.102328190703	0.0724676128911	0.0450470454583	0.0

Proportion explained	16
0.153942732126	0.137652321794	0.113881743404	0.0983662789461	0.0898563837419	0.0794266217326	0.0668797927016	0.0561320837094	0.0469227522665	0.0423484539032	0.036120102419	0.0304236571754	0.0223640222325	0.0158379357116	0.00984511813624	0.0

Species	0	0

Site	16	16
MCT.f.0392	-0.148074515249	0.208638179704	0.206086497274	-0.116552941326	-0.105122086394	0.0531320872672	-0.133727841705	-0.35368381156	0.0503416204488	0.0211277589471	0.0100665380762	0.0745746878203	-0.0857563254667	0.0208966220142	0.0240761181558	0.0
MCT.f.0393	-0.343739456483	-0.161039359255	-0.117074082897	-0.0136775351097	-0.128944208081	-0.163520031827	-0.0820564928294	0.0317291533741	0.0971464547461	-0.0350818245928	0.0419582027002	0.0683924572705	0.017263176831	-0.0239945381333	-0.143401673112	0.0
MCT.f.0394	-0.299879533788	-0.0899576120699	-0.267874996142	0.00263542906658	-0.0887515171743	-0.202424637424	-0.0590813950576	0.0500991218598	0.0472190648583	-0.035411083811	-0.014631013252	0.00745747500668	0.0412162683591	0.0287170717616	0.143893315608	0.0
MCT.f.0395	-0.296825388511	0.084328335004	0.0564586068582	-0.0122178441975	0.122885692721	0.213656492114	0.119111635923	0.0602958498742	-0.247447787836	-0.160734837772	0.0596133336023	0.12375474373	0.0452475640018	-0.00877839093865	0.00563094311671	0.0
MCT.f.0396	-0.0248289010059	0.253942556633	-0.0883056135295	-0.258970128618	0.0823944979867	0.0194732896173	-0.222494933434	0.100518993452	-0.0972254979142	0.00908833601557	0.0801720631508	-0.221526049886	-0.0238106631739	0.00730117976184	-0.0206325047974	0.0
MCT.f.0397	-0.191138612553	-0.22378917137	0.270285258719	-0.220282377805	-0.0115528975956	0.210694592674	0.0660136975198	0.14745761063	0.12290953554	0.15253966815	-0.131127404888	-0.031786342008	0.0162114830225	-0.0412728263052	0.0200387076103	0.0
MCT.f.0398	0.18090198204	-0.138859575027	-0.0864446500945	0.180649938243	0.188819471251	0.133399935362	-0.290405792172	0.00124522559156	-0.0355803528987	0.126803614845	-0.0605343054314	0.0982105479058	0.0809379524347	0.0910479006677	-0.0126363262253	0.0
MCT.f.0399	0.0516487410827	-0.0150382474593	-0.383527019965	-0.133158811194	0.28161173373	0.0493574531703	0.258780797852	-0.173393169613	0.0763989970343	0.0322728438762	-0.0576458079763	-0.0283991211927	-0.0207755264269	0.00789259239527	-0.0238623565756	0.0
MCT.f.0400	-0.037173994079	0.141964408325	0.0106491490939	0.315137604076	0.160607054567	-0.0281356840644	0.00781868268662	0.0932969990086	0.0561897855829	0.136829580189	0.124073929797	0.0305067836012	-0.129054847146	-0.120159060133	0.0217521168071	0.0
MCT.f.0402	-0.094101894236	0.0204516164499	0.210786954724	0.309141979803	0.00082827244396	-0.000989987583039	0.118273847801	-0.112881931178	0.0671473567693	-0.0275278080256	0.0647060631237	-0.185328098197	0.14473658992	0.0449025027102	-0.00902926890366	0.0
MCT.f.0403	0.0321236973804	0.176661925454	-0.0343443151984	0.0956915577945	-0.255677763011	-0.135816525265	0.142835411752	0.0220438582458	-0.225310871903	0.172529255853	-0.16071433878	-0.0101089876146	-0.0298422786277	0.0327560720117	-0.0259637098169	0.0
MCT.f.0404	0.218022439181	0.199108649616	0.267160323433	-0.115235741042	0.233567980968	-0.327439487574	0.00920853246537	0.0699971119633	0.0545446608486	-0.103198961757	-0.101391950126	0.0728463692431	0.0482501363396	-0.0106249127628	-0.00188522515747	0.0
MCT.f.0405	0.219706178642	-0.390381038804	0.13899403605	-0.12147942299	-0.0204726088558	-0.111351428857	0.107095086937	0.0199254683212	-0.0689355670608	0.0306758015576	0.202184793871	0.0123746338776	-0.0860853525909	0.0981580021355	0.00988453154543	0.0
MCT.f.0406	0.208884958622	-0.35335714269	-0.00755964844091	0.0726655799213	-0.0533576756794	0.00473781442623	-0.102163845785	-0.119051410807	-0.117767082268	-0.14859294278	-0.103034215523	-0.0787416243282	-0.0302905157923	-0.140193298782	0.00872383263496	0.0
MCT.f.0407	0.149380197851	0.119876594797	-0.0509349872693	0.135736298918	-0.144831609928	0.179209121301	0.0189375754397	0.144792346469	0.150777817804	-0.20171460723	-0.0787637622246	-0.00926461881391	-0.124311839987	0.0886088853883	-0.00824499210441	0.0
MCT.f.0408	0.375094101107	0.167449880692	-0.124355512616	-0.120083585539	-0.26200433695	0.106016996663	0.0418550326077	0.0176085843676	0.0695918662493	0.0303952065347	0.125067873879	0.0770371435843	0.136064178303	-0.0752578017923	0.0116564912135	0.0

Biplot	0	0

Site constraints	0	0
