Eigvals	7
0.735644352832	0.45862959162	0.343345226614	0.287481054525	0.200891234973	0.161222859212	0.0

Proportion explained	7
0.336338485982	0.209686626259	0.156978318727	0.131437075885	0.0918479881724	0.0737115049744	0.0

Species	0	0

Site	7	7
MCT.f.0417	-0.269370490569	-0.37504908933	0.190194872061	-0.25351419907	0.116621253036	-0.0943269405191	-0.0
MCT.f.0089	-0.401178003938	0.499927644069	-0.0633814640843	-0.138261204012	0.0553008699389	-0.000249986297136	-0.0
MCT.f.0091	-0.428588623295	-0.180025234994	-0.0952703178708	0.367019639421	-0.0775704759414	0.0436696021722	-0.0
MCT.f.0094	0.199308651385	-0.115656048597	-0.316600052829	-0.211994761214	-0.24852064384	0.0542697073233	-0.0
MCT.f.0095	0.238641237586	0.143066002741	0.399130656333	0.0733693845853	-0.217168098466	-0.0533157002727	-0.0
MCT.f.0098	0.290630893012	-0.012609665275	0.0613485740376	0.0282093338963	0.198807055746	0.292729118038	-0.0
MCT.f.0099	0.370556335819	0.0403463913859	-0.175422267648	0.135171806393	0.172530039527	-0.242775800445	-0.0

Biplot	0	0

Site constraints	0	0
