Eigvals	11
0.626241951428	0.488172456827	0.340772253814	0.314033653914	0.299019449484	0.267569624469	0.21831430777	0.18502840131	0.116337828322	0.0749017130924	0.0

Proportion explained	11
0.21370588927	0.166589492712	0.116288979641	0.107164397271	0.102040780269	0.0913084861346	0.0745000445531	0.0631411852112	0.0397004368688	0.0255603080691	0.0

Species	0	0

Site	11	11
sample1	-0.0437244737371	0.0684926869426	0.34102373057	-0.028534416958	-0.13911662603	-0.0236791786736	0.287653806067	-0.102881228344	0.0248885807914	0.0575354371585	-0.0
sample2	0.337174086861	0.103328905795	-0.158635131607	0.175160669066	0.00547966565869	-0.00502938697115	0.168740902011	-0.0238296310754	-0.079849618719	-0.160900844229	-0.0
sample3	0.262586591638	-0.137202191276	-0.141246118525	0.133805346306	-0.121683347711	-0.127090979429	-0.0515571118274	0.00186581233836	0.231928275878	0.0672741354146	-0.0
sample4	-0.240026844528	0.0657304823925	-0.33630358254	-0.317073110674	0.085548264546	-0.0452778848769	0.153993025521	0.00486092302988	0.0244461256058	0.027617805454	-0.0
sample5	-0.0409926212083	-0.366774956773	0.01660894611	-0.102292691188	-0.156510392877	-0.212556787429	-0.129650328244	-0.112981350812	-0.149041644389	-0.0259846771206	-0.0
sample6	-0.253153378204	-0.311498651889	0.0535919646015	0.208658805057	0.3546994612	0.0759715635678	0.0349923745986	-0.0373790565017	0.0251607883692	-0.000104216149702	-0.0
sample9	-0.402325699473	0.132696319874	-0.105260563163	0.242235449416	-0.252354006017	0.110947895098	-0.0474768599821	0.120678486583	-0.0619364249087	0.032612553838	-0.0
sample10	-0.138674672652	0.363397620943	0.085450765029	-0.0378333286911	0.0655057366101	-0.0172601354957	-0.215721033608	-0.203763906967	0.0791548156838	-0.0749549246943	-0.0
sample11	0.320543794141	0.188631551473	-0.0127134059772	0.02354320807	0.156164528571	0.0149705437123	-0.0797782674928	-0.000402316443466	-0.144100642851	0.168676387376	-0.0
sample12	0.0134259655278	0.0631169561888	0.204304066232	-0.0981925369851	0.0872726600669	-0.167256937126	-0.0508013960623	0.320103228051	0.021260891728	-0.0599210793067	-0.0
sample13	0.185167251636	-0.16991872367	0.0531793292692	-0.199477393418	-0.0850059440182	0.396261287623	-0.0703951109815	0.0337290401406	0.0280888528109	-0.0318505777414	-0.0

Biplot	0	0

Site constraints	0	0
