Eigvals	12
154.89373981	140.491740968	74.768997907	66.3922972078	45.6108223684	40.3215165113	29.8437689659	28.1058923928	17.8225606593	14.1336208192	10.1398463174	0.0

Proportion explained	12
0.248815370621	0.225680551332	0.120106054305	0.106650043161	0.0732674779875	0.0647709396587	0.0479398873388	0.0451482289789	0.0286294787724	0.0227037071135	0.0162882607302	0.0

Species	0	0

Site	12	12
sample2	-5.61190084404	2.84902548793	0.539414122934	-0.435996559353	-2.12694322164	-2.86603696693	-0.697612177677	-0.281408146691	0.361589255991	1.685748219	1.09564910036	-0.0
sample3	-6.21886731977	2.03697153763	0.280999048132	0.624227608884	-0.90740860835	-0.429261639477	-0.307170461099	0.582832965515	-1.02293250902	-1.72241727701	-1.81264825665	-0.0
sample4	-5.23778835695	-5.48426953625	-0.0568539276984	1.08811787768	2.2991524998	1.02037358508	2.85938626028	-0.467946442634	-0.504613000402	0.0590419549607	0.839969730765	-0.0
sample6	-0.732399453927	-2.42099900192	1.82651617333	3.54752907201	-0.18315787226	3.05544112284	-3.00446187884	0.568355227717	1.05371183144	0.636433559261	-0.0355614265353	-0.0
sample7	3.74592342582	2.50951480524	2.88203538372	2.86807986739	0.455492841884	-1.29921767254	1.31649803629	-3.11140681428	1.08501912585	-0.357763775838	-0.474689363073	-0.0
sample8	3.9395279181	3.50757255189	2.52404399315	1.50497996581	1.77501700047	-0.747317624369	0.292300742489	2.81345976227	-1.84125881942	0.0301294236889	0.72520369177	-0.0
sample11	0.0189514209903	2.2523622679	1.04444783011	-4.16073618315	1.52817927058	1.24371099035	1.29289862058	1.49542974526	2.0725995766	0.851468683313	-0.943295400454	-0.0
sample12	0.152219256106	2.51686232999	0.245583225619	-3.81335238509	0.475588515905	2.01814476986	-1.49764317722	-1.89396286849	-0.580587664721	-1.46613731371	1.32001309833	-0.0
sample13	3.24191352351	-5.47757172157	1.14868592764	-2.66967717964	-0.658607466307	-0.813543690268	-0.805927645154	-1.07592705264	-1.85748469441	1.28625653803	-1.05961959912	-0.0
sample14	2.81181784003	-5.18222032795	-0.360835198454	-0.632660474437	-2.0757946711	-2.13335424255	0.0423513286363	1.57198773264	1.49952211688	-1.72026368344	0.602738792702	-0.0
sample15	2.71831250111	2.2323230721	-3.80438293571	1.10967539253	-3.76296672919	2.4773688764	1.91987719957	0.0944135495656	-0.548805475827	0.503648062549	0.0196000693198	-0.0
sample17	1.17229008902	0.660428535009	-6.26965364276	0.969812997348	3.1814484402	-1.52630750839	-1.41049684785	-0.295827658229	0.283240257041	0.213855609195	-0.277360437414	-0.0

Biplot	0	0

Site constraints	0	0
