Eigvals	11
212.657329195	107.567377774	101.554894552	77.2591807004	55.7629918689	40.5763549903	36.0563457668	25.6965827269	22.1115939029	15.6702366678	0.0

Proportion explained	11
0.306020125433	0.154792607259	0.146140467798	0.111178223945	0.0802445785941	0.0583905633102	0.0518861376467	0.0369781351954	0.0318192312736	0.0225499295453	0.0

Species	0	0

Site	11	11
sample1	-10.1008940491	4.14333759682	4.35562323827	-0.875653893324	-0.0189317711174	0.408738324471	-1.24188543458	-0.120916580469	-0.740204654708	0.107568957576	0.0
sample2	3.27364431676	-1.33495061848	3.94594418052	3.19546895474	-0.162038965569	0.396697698741	-0.0287137465234	-0.401442921728	1.27340873835	2.72153385475	0.0
sample3	3.00898987619	1.18301867511	2.91905025908	4.06075298383	-0.79044783055	1.50621633209	1.75690211205	0.945816384265	0.201540656244	-2.39744319471	0.0
sample4	-4.86817229177	-5.79760488119	-1.42757519987	2.63229320151	3.80167047135	-1.79490814971	0.202303314865	-0.342135698399	-0.604926855832	-0.478327313122	0.0
sample7	3.04604984182	3.43605313227	0.737133516586	-3.138499306	2.03965474967	-2.94620362373	2.34940823703	-1.6798553525	1.20344475753	-0.304807259515	0.0
sample8	2.55100156632	2.04451665776	-2.68974598402	-1.35814504076	2.78597181722	2.77382652575	1.46742823862	1.28340431347	-2.20312803391	1.06493058293	0.0
sample9	2.53843803945	-4.80190911353	3.10774268195	-5.2519345652	-0.345811996201	0.412446220097	-1.33413932562	1.79626347468	0.479645041658	-0.568704201489	0.0
sample10	-2.68616926186	-0.0642409243616	-4.52552612628	-0.573999294388	-0.172237255704	3.12667473355	-0.77380671259	-1.35829072058	2.70858243541	-0.343550504861	0.0
sample13	5.65801371992	2.45294690945	-1.65431757497	1.39618000636	0.235191913574	-1.30543278372	-4.37531994929	-0.673249419538	-0.981487505994	-0.489799666993	0.0
sample14	-0.0334427171066	-2.59846264153	-0.895483533081	-0.850270113663	-4.50862766999	0.017448649214	1.33134690396	-2.40471136324	-2.04867293636	0.0893833921701	0.0
sample15	-2.38745904064	1.33729520767	-3.87284545819	0.763807066902	-2.86439346268	-2.59550392675	0.646476362067	2.95511788404	0.711798357618	0.599215353265	0.0

Biplot	0	0

Site constraints	0	0
