Eigvals	15
0.775352894493	0.623137181691	0.547266382419	0.516469371685	0.384536407202	0.25752191755	0.236769584311	0.199288249712	0.167752677827	0.150018801141	0.141302563805	0.131157833094	0.0991582416585	0.0625493327006	0.0

Proportion explained	15
0.180638875959	0.145176217008	0.127500116234	0.120325141534	0.0895878829572	0.0599965126221	0.0551617100742	0.0464294460954	0.0390824041246	0.0349508305229	0.0329201534903	0.0305566713061	0.023101523761	0.014572514311	0.0

Species	0	0

Site	15	15
MCT.f.0341	-0.398602310585	0.0877658369273	0.126135307706	-0.0737061030005	0.0188788242916	-0.0553860249897	0.0712080886655	0.0502591555372	-0.0390844548919	-0.0217827178245	0.0635944539997	0.0794147199124	0.0493812621274	-0.17964785347	-0.0
MCT.f.0344	-0.460789937887	0.216914676615	0.0380027178157	-0.033364951574	-0.0422953677983	-0.0260634369903	0.0860048932975	-0.0690945702612	-0.0694829485493	-0.0653966075136	0.0824297700338	0.0571958257801	-0.0409262288835	0.152024385975	-0.0
MCT.f.0345	-0.236880028197	0.184078330906	0.0303555646986	-0.110060583834	0.0916260468216	0.0753784499425	-0.0844497384413	0.124393633702	0.0854395440102	0.184001979252	-0.0359042462707	-0.206324577688	0.0430488206932	0.022653375111	-0.0
MCT.f.0346	0.094622193106	0.201196034948	0.0432535482617	-0.0451479135075	-0.178931318882	0.273982847263	-0.210793845865	0.0986274403667	-0.00524906898335	-0.0680846500838	-0.0872707594553	0.118787802873	-0.0657778240214	-0.0113027780834	-0.0
MCT.f.0347	0.252446706541	0.232469562408	0.0596054312946	0.12555049949	-0.140978463457	0.0167723168397	0.124431526993	-0.0374251354506	0.103170743441	-0.201153369404	0.0633948926308	-0.170605549119	0.029164605823	-0.0251280470222	-0.0
MCT.f.0348	0.252968818085	-0.0521836482379	0.220200744021	0.107164333631	-0.342323501144	-0.0955693052075	0.00570007394848	0.00786732129015	-0.0727974109638	0.197874882365	0.110305375839	0.0314777131261	0.0232913440464	0.0141725716315	-0.0
MCT.f.0349	0.220714190563	-0.00529621328219	0.0048812292188	0.216766574077	0.316747237136	0.0888375821282	0.0367794733163	0.115097862089	-0.255122439251	-0.0161662104286	0.0501855186709	-0.0300105971658	0.000319490266019	0.00889182275883	-0.0
MCT.f.0350	0.0746397728251	-0.188136978689	0.409312693643	-0.00783797091821	0.163286477425	-0.209344688878	-0.0542406476791	0.120458363072	0.126033262209	-0.0754039325398	-0.0723340696363	0.0406557099992	-0.0570676762991	0.0381561214753	-0.0
MCT.f.0351	0.0180475897321	-0.364449968792	-0.0328905935529	-0.254169254789	-0.0905191835589	0.161471419372	0.298461142977	0.0415295469417	-0.00961796336454	0.0116827892764	-0.104002870622	-0.0114015559312	-0.0204581337418	0.0113011746879	-0.0
MCT.f.0352	0.261549120823	0.217044971643	-0.163056492791	-0.0731864536325	0.220232941448	0.0169379619117	0.098195680582	-0.099613027427	0.158536282978	0.118414154349	0.0837119556481	0.109088569272	-0.101350129069	-0.018682290638	-0.0
MCT.f.0353	0.130573566981	0.212390119335	-0.341772579469	-0.0451422762678	-0.0569559981557	-0.249184902291	0.0222942177005	0.0662315419489	-0.0541415719418	-0.00923362616612	-0.177830601178	0.0496573544864	0.0912844287831	0.0141974632212	-0.0
MCT.f.0354	-0.198778275396	-0.0959730032898	-0.00682791997437	0.41029858184	-0.0156089750277	0.00256456786405	-0.0148705813191	-0.207833765223	-0.00748426990464	0.0515030585158	-0.164579780928	-0.0423779069261	-0.0866255337738	-0.0388556686699	-0.0
MCT.f.0355	-0.120909647398	-0.318454470547	-0.255638319712	0.258261169546	0.00864963413907	0.0754730235677	-0.0688931103732	0.0682471404528	0.150659767263	-0.0282223094022	0.0988967742941	0.0740472132238	0.129634957015	0.0319553163854	-0.0
MCT.f.0356	-0.0191610180884	-0.242988835824	-0.276717122352	-0.211057927913	-0.0667552269455	-0.124133735105	-0.174195214764	-0.00740564016562	-0.0624071294668	-0.0544078144967	0.105157402601	-0.102305625203	-0.139900321885	-0.0292641895714	-0.0
MCT.f.0357	0.129559258896	-0.0843764141194	0.145155791193	-0.264367723147	0.114946873708	0.0482639245716	-0.135631959039	-0.271339866873	-0.0484523425834	-0.0236256258997	-0.0157538156276	0.00270090336071	0.145980938919	0.0095285962088	-0.0

Biplot	0	0

Site constraints	0	0
