Eigvals	13
0.815799200322	0.61466851056	0.41380930232	0.372552107847	0.31948522855	0.248486784642	0.220120194499	0.176943973428	0.145403733808	0.127743694626	0.0654893104029	0.0491126281545	0.0

Proportion explained	13
0.228539849797	0.172194639346	0.115925482348	0.104367597731	0.0895013210558	0.0696116549465	0.0616649736458	0.0495694885381	0.0407337338296	0.0357864101495	0.0183463248761	0.0137585237361	0.0

Species	0	0

Site	13	13
sample1	0.392943701715	0.151633599231	0.0219437384513	0.0268303914704	0.0779883550602	0.00178407329381	0.0350124248828	0.0298675061108	0.0260633224858	0.0246406074906	0.123098321726	-0.144106213373	-0.0
sample2	0.246900811011	-0.0469894257875	-0.105569089482	-0.0060376480499	0.0562506725819	-0.219651476677	0.00841239566117	-0.00481400708543	0.0199251235506	-0.101764080548	0.110037190748	0.130078987483	-0.0
sample3	-0.212926824225	0.28755987262	0.208489940789	-0.0711754015856	0.331498481495	-0.035579374214	-0.14679773881	0.0822244749861	0.0334045546733	0.105368790463	-0.022307356773	0.0364013085483	-0.0
sample4	0.498917706277	-0.015180644691	-0.00972604450101	-0.0328201455518	0.0464092224954	-0.0318403138869	0.112032936891	0.0693052896653	0.032155277621	-0.0278307580397	-0.182053077268	0.00321224986865	-0.0
sample5	0.276671391726	-0.0567043134403	0.0326295152371	0.0911713363611	-0.10083599216	0.192978688036	-0.138598666021	-0.052764384999	-0.219879952472	0.123514340813	0.0130071376289	0.054247898194	-0.0
sample6	-0.009167581901	-0.168263808036	-0.180401300924	-0.153255639399	-0.111150191771	0.013680858489	-0.324902447215	-0.0547511004385	0.148554166595	-0.0350868288525	-0.0264002885953	-0.036577074156	-0.0
sample7	-0.18374759982	-0.234669613984	-0.210710171284	-0.0688431447488	-0.05533002023	0.0626938192122	0.171516209992	0.143672322858	0.0939569675527	0.19889394198	0.0315873969139	0.0229882615961	-0.0
sample8	-0.273207924482	0.113606390573	-0.289483977116	-0.236833119663	0.0833652227542	-0.0309581854464	0.0615812486311	-0.0159659022709	-0.214002407143	-0.08428726273	-0.0200964492428	-0.0423346223884	-0.0
sample9	-0.216930430349	-0.0895124345457	-0.0109733216777	0.361943257779	-0.0552945891766	-0.283946313677	-0.0124274838056	-0.0861573932062	-0.0397327297134	0.0716630557372	-0.0446986743201	-0.0455103897643	-0.0
sample10	-0.13924061974	0.352917909479	-0.165799863557	0.270255715421	-0.00740483836379	0.231219710578	0.0663067216309	-0.0815362531553	0.108830524622	-0.086494803104	-0.00747041875428	0.0316973678413	-0.0
sample11	-0.0991524157075	0.306182669208	0.259892273357	-0.189949915467	-0.38033324819	-0.0768867344337	0.0623731250608	0.00237709857842	0.0151115810365	0.000791280404337	0.0037786855121	0.0108008661897	-0.0
sample12	-0.192325317412	-0.286458011817	0.208446125326	0.132544251792	-0.0177511824257	0.0938910623001	-0.0270532214122	0.232479286938	-0.043884767753	-0.169531053895	0.0138923060508	-0.0166846786666	-0.0
sample13	-0.0887348970928	-0.314122188811	0.241262175382	-0.123829938358	0.13258810793	0.0826141864256	0.132544494515	-0.263936937981	0.0394983389448	-0.0198772297197	0.00762522637409	-0.00421396137293	-0.0

Biplot	0	0

Site constraints	0	0
