Eigvals	12
0.563309033692	0.394884207953	0.358272013432	0.304598060576	0.296693662077	0.253693734964	0.213244264415	0.188659919913	0.164807875695	0.15602292495	0.122237958038	0.0

Proportion explained	12
0.186747320001	0.130911388129	0.118773771302	0.100979867334	0.098359413644	0.0841041458099	0.0706944013026	0.0625442382925	0.054636846314	0.0517244733362	0.0405241345348	0.0

Species	0	0

Site	12	12
sample1	0.069461288587	-0.172276133794	0.366206637389	-0.0557452286902	-0.0436912155008	0.0759049187941	0.114351250303	0.0745738983414	-0.1146744275	0.191420770254	0.0411311388382	-0.0
sample2	-0.112306645639	-0.0358540131587	-0.050261490855	0.305627348738	-0.0481501609305	0.361160490972	-0.0816252704333	0.0101354583776	0.0617413907712	-0.00771144294326	-0.00232487172177	-0.0
sample3	-0.0702326896393	-0.207909556354	0.158705280906	0.0556107778609	-0.117176374632	-0.117450945842	0.172904035256	-0.0304244943322	0.145307985349	-0.198479762778	-0.105832550878	-0.0
sample4	-0.155932210288	-0.0477956268788	-0.197695706134	0.0571199001378	-0.117207222962	-0.162149201547	0.0139831998976	-0.184694647525	0.0931130250458	0.237998225288	-0.00853581057308	-0.0
sample5	-0.182266800651	-0.103764046388	-0.139090319652	-0.050079117296	-0.126045698468	-0.0548298904448	0.00170721925444	0.0280261193791	-0.114595011265	-0.123808800462	0.252285960719	-0.0
sample8	-0.088958798749	-0.0950966920345	0.0323213533929	-0.359691012926	0.0664344062423	0.0817131913635	-0.224427405094	0.0349192526598	0.165815687454	-0.00091264875094	-0.0129027877003	-0.0
sample9	0.096272240991	0.126547038227	-0.0843850576834	0.0948748267121	0.26339803439	-0.0941678641444	0.125870068938	0.222918980939	0.152186945617	0.0443382839921	0.0786553630755	-0.0
sample10	0.0432824845603	0.0394132690469	0.00789822001903	-0.0582740594702	0.329494669133	0.0859437097029	0.100650480946	-0.271726195911	-0.0801659438416	-0.0606721941245	0.0139263001856	-0.0
sample11	-0.051376888053	0.145545325673	0.233811381574	0.193551749061	0.0648793518202	-0.215603847143	-0.269076586236	-0.0121532223666	-0.0764302358861	-0.0338396863267	-0.0165658999216	-0.0
sample14	0.659112898338	-0.056861826598	-0.13418505312	-0.00156512768264	-0.125707257692	-0.00951886101386	-0.0687859183719	-0.0208278404564	-0.0213579888809	-0.02749769439	-0.0125244390181	-0.0
sample15	-0.0494808661064	0.498441548109	0.0419606319332	-0.13267577626	-0.207369841584	0.0674809777713	0.0983746600909	0.00146328919191	-0.00723371737656	-0.0201496381435	-0.0336395071109	-0.0
sample17	-0.15757401335	-0.0903892858494	-0.235285877768	-0.0487542801844	0.0611413101849	-0.018482678468	0.0160742654488	0.147789401701	-0.203707709486	-0.000685411615215	-0.193672895894	-0.0

Biplot	0	0

Site constraints	0	0
