Eigvals	10
0.832098425199	0.465515747462	0.153531499688	0.0439693542325	0.0330275270258	0.00743731962208	0.00281079826576	0.0	0.0	0.0

Proportion explained	10
0.54088889163	0.302599174636	0.0998000719404	0.0285813968111	0.0214688814992	0.00483448044758	0.00182710303556	0.0	0.0	0.0

Species	0	0

Site	10	10
MCT.f.0209	-0.200374373225	0.400343292257	0.180856503702	-0.0926465456804	0.00791966208748	0.00022534969308	0.0129380027301	0.0	0.0	0.0
MCT.f.0211	-0.244707195363	0.288496156551	-0.0516081793094	0.0829395139281	0.0441406264606	0.00542668935724	-0.0258899656268	0.0	0.0	0.0
MCT.f.0213	-0.31984936893	0.0581773474704	-0.115196701728	0.0694317180687	-0.0783050730343	-0.0171981966051	0.014695317396	0.0	0.0	0.0
MCT.f.0214	-0.27204802657	-0.200960266683	-0.128626780249	-0.0123986341322	0.0351227564115	0.0370619002991	0.00226432862055	0.0	0.0	0.0
MCT.f.0215	-0.214057621898	-0.268746883949	-0.0171128877786	-0.0483310536979	0.0288104295414	-0.0492374947863	0.0121601111789	0.0	0.0	0.0
MCT.f.0216	-0.138131169651	-0.294144529305	0.182023962377	-0.0294427209507	-0.0587642975154	0.0257372302624	-0.0218311106556	0.0	0.0	0.0
MCT.f.0218	0.273820218703	-0.11295788195	0.135828652234	0.0900110473697	0.103345751665	0.00133716777343	0.0131587017456	0.0	0.0	0.0
MCT.f.0219	0.387903558941	0.01600622979	0.0376609770091	0.0306195057217	-0.0573529781469	-0.037556435035	-0.0173527970242	0.0	0.0	0.0
MCT.f.0220	0.383948672298	0.0551513132147	-0.0411964081375	0.0150074216775	-0.0628950385371	0.0351919211233	0.0223171433392	0.0	0.0	0.0
MCT.f.0221	0.343495305696	0.0586352226042	-0.182629138119	-0.105190252304	0.0379781610675	-0.000988132082158	-0.0124597317039	0.0	0.0	0.0

Biplot	0	0

Site constraints	0	0
