Eigvals	14
0.703324856334	0.570904589127	0.485043409266	0.390730326208	0.33928543959	0.300076977915	0.267105553634	0.263271020731	0.226583314229	0.170076826933	0.13122203492	0.111654243268	0.0863238203096	0.0

Proportion explained	14
0.173849228033	0.14111732467	0.119893988537	0.0965814942675	0.083865245518	0.07417362047	0.0660236786518	0.0650758512305	0.0560073114281	0.0420399262195	0.0324357219374	0.0275989165232	0.0213376925136	0.0

Species	0	0

Site	14	14
MCT.f.0154	0.00896048076288	-0.0772568484579	0.0614103615249	0.210181660119	-0.0687353786546	0.30336810741	0.167191783378	0.165801251173	-0.196027832012	-0.0164026509185	-0.0812717530825	0.0250272358499	0.0590236398118	-0.0
MCT.f.0155	-0.11811530029	-0.13840233783	0.149977209051	-0.144538972563	-0.159891656634	0.28712381036	-0.166125301795	-0.0830092470383	0.23461088392	-0.0930531456093	0.00259007862246	0.0131678593677	-0.00532850026083	-0.0
MCT.f.0157	0.106600538518	-0.200608629832	-0.359792844572	-0.119344483768	0.184789910189	-0.0685671558573	-0.0269134625447	0.0587546249172	0.100824076957	-0.0267649970232	-0.169188809136	0.0767599398276	0.0863924720247	-0.0
MCT.f.0158	-0.172376722498	0.0731981107121	-0.171236792388	0.283128669492	0.0202051970949	-0.00822378593971	0.196818749355	-0.297520132746	0.105846070464	-0.0271328901676	-0.0421027932166	-0.0515641435787	-0.0569346535469	-0.0
MCT.f.0159	-0.0108048420183	0.381243149576	-0.222180483777	0.14462983956	0.0239610075641	0.056406602891	-0.298644501433	-0.0169847189266	-0.117474992392	-0.0308577384157	0.0665356696868	0.0882319673739	-0.0103666237784	-0.0
MCT.f.0160	-0.162493491723	0.225715410195	0.150144391061	-0.296486395278	0.332889482323	0.106566943259	0.104604125933	-0.0956239309355	-0.0729884996537	0.0530887887699	0.0448254212972	-0.0304813512329	0.047797427252	-0.0
MCT.f.0161	0.42511486375	0.163686379084	0.204949228289	-0.113507599757	-0.120604345849	-0.141206460455	0.0048742335368	-0.106869831335	-0.103549491858	-0.173887561204	-0.121080626967	-0.0382852572734	-0.0142947681132	-0.0
MCT.f.0162	0.43730115394	0.143967964508	-0.0605631767281	0.00738724378377	-0.109803059384	0.000507668630054	0.153249417646	0.0582542884672	0.171571275952	0.110569898239	0.167020845519	0.0302944680086	0.0680918624697	-0.0
MCT.f.0163	0.23742966474	-0.134168821783	0.205894537725	0.166850786365	0.263481285385	0.00438809506337	-0.0988960985715	0.113632394405	0.0709270868079	0.0934810365333	-0.0231432124532	-0.027367368155	-0.156445343163	-0.0
MCT.f.0166	-0.320488488693	0.0520213299381	0.122503875382	-0.058229551744	-0.0638150719068	-0.182704538678	0.14197619536	0.142574285068	0.0340999435066	-0.0769489429092	0.0268145337887	0.194384816805	-0.082273509969	-0.0
MCT.f.0167	-0.256953544747	0.237792096245	-0.0341735356597	-0.0535521613163	-0.174350789128	-0.0897850374407	-0.0498381536563	0.184389816359	0.0612679792468	0.140148655645	-0.109801045495	-0.165995778206	0.00497633560533	-0.0
MCT.f.0168	-0.156421417518	-0.201555887256	0.210335316259	0.211424939766	0.0676572550369	-0.201164956415	-0.103383571164	-2.89750694347e-05	-0.000248038419624	-0.0765051113199	0.0947536034942	-0.0589775309525	0.159487557987	-0.0
MCT.f.0169	-0.00745819522024	-0.249712879954	-0.28115375219	-0.153541772851	-0.0315133863444	-0.000159017661494	0.0377088445363	0.0758351695889	-0.124536190626	-0.118958467122	0.151257455922	-0.127885555938	-0.089785748947	-0.0
MCT.f.0170	-0.0102946990023	-0.275919035145	0.0238856660227	-0.0844022018082	-0.164270449692	-0.0665502751668	-0.0626222605799	-0.199204993927	-0.164322271894	0.243223125503	-0.00720936798034	0.0726906981038	-0.0103401473726	-0.0

Biplot	0	0

Site constraints	0	0
