Eigvals	12
382.601837855	125.639031461	73.5733569594	64.3435803165	48.8732286991	41.8585285136	31.5120881989	26.7116228438	23.7981904442	21.6068888334	16.6997677852	0.0

Proportion explained	12
0.44632961912	0.146566000239	0.0858280466535	0.0750609193529	0.0570137605004	0.0488306621661	0.0367608749669	0.031160823787	0.0277621177574	0.0252058236767	0.0194813517801	0.0

Species	0	0

Site	12	12
MCT.f.0514	-5.58846910792	1.31995104656	1.58059009469	-2.45379281242	-4.16878784831	2.74969952493	0.831213159566	0.738282296355	-0.567292261628	-0.297812391464	-1.27576996468	-0.0
MCT.f.0515	10.7412634733	-0.698578395348	-1.41976772304	-1.57494140553	-2.10060442336	-3.29494285359	0.911103881732	1.10062964107	0.757556909899	-1.38321942922	-0.433880974697	-0.0
MCT.f.0516	5.27868913865	3.69224687719	2.00107535869	1.23988099282	-0.0505330436648	1.28202068602	1.88602934781	1.13927087209	0.765476087958	1.74870869773	2.20094716525	-0.0
MCT.f.0517	6.09605459243	3.69407851459	1.50296026946	-2.38062126179	1.40861185374	0.101921265396	-0.587595263004	-3.24214538525	-1.84548122942	-0.142105553221	-0.215181793479	-0.0
MCT.f.0519	-5.2404938963	-0.922698279928	3.70152212354	-3.28216369048	3.66953387801	-0.885653698008	-0.457344386793	1.50383847911	1.35931779748	-0.660867739443	-0.132243247132	-0.0
MCT.f.0520	-7.18573925958	0.130830018568	-2.38198135205	-1.11249797998	-1.09538315308	-2.13122340964	-1.76937785247	0.774698899511	-2.08243734943	0.495530479285	1.98840608008	-0.0
MCT.f.0522	-0.178397083	6.01817873194	-1.83186791117	3.42957332032	1.30990947333	0.0446023052447	-1.75311352286	1.55125216291	-0.0233712380237	-0.100532786792	-1.7174822002	-0.0
MCT.f.0523	1.8508449597	-2.99525904826	1.82478679766	1.71437339362	-2.062342121	0.597941144963	-3.47898962615	-1.35045249579	2.09495799922	0.252169608969	0.410237352181	-0.0
MCT.f.0524	-4.46986331636	-2.43044002309	0.738524119756	1.66792189151	-0.0838945109911	-2.63044014102	1.82752756759	-1.19885329968	-0.024209820962	2.61254496088	-1.44844424217	-0.0
MCT.f.0525	-6.55356850386	1.33987408593	-3.94219494498	0.289334916352	0.579543134906	0.636018781181	1.74447624035	-2.00120362566	2.02327625445	-1.56178978943	0.70366680716	-0.0
MCT.f.0526	0.20553291911	-4.0620502534	2.20156134484	4.06231265753	0.683170777565	0.636607914008	1.0676583802	0.240276809356	-2.01069927708	-2.2195346149	0.352179477715	-0.0
MCT.f.0527	5.04414608386	-5.08613327475	-3.9752081774	-1.59938002195	1.91077598286	2.8934484805	-0.221587925975	0.744405645963	-0.447093872466	1.2569085576	-0.432434460028	-0.0

Biplot	0	0

Site constraints	0	0
