Eigvals	12
0.457624433665	0.32233218941	0.134563388534	0.0852118398011	0.0536182955039	0.00898083015315	0.00689580058782	0.0	0.0	0.0	0.0	0.0

Proportion explained	12
0.427995672413	0.30146288528	0.125851120965	0.0796948239437	0.0501467945103	0.00839936890923	0.00644933397847	0.0	0.0	0.0	0.0	0.0

Species	0	0

Site	12	12
MCT.f.0259	-0.175176387033	0.164803189261	0.178118784456	-0.128225328142	0.0985891920071	0.0115415320488	-0.0123295307952	-0.0	0.0	0.0	0.0	0.0
MCT.f.0260	-0.180153991729	0.306963607889	-0.0228400358565	-0.0333847233757	-0.0489524200222	-0.0103508165201	0.0315884287552	-0.0	0.0	0.0	0.0	0.0
MCT.f.0261	-0.183393832732	0.148719490262	-0.105548126709	0.0254442028009	-0.0784786065951	-0.00298663239507	-0.0331344670188	-0.0	0.0	0.0	0.0	0.0
MCT.f.0263	-0.146035755776	0.0337835625106	-0.124398953963	0.142451759767	0.0232912345279	0.0159904285955	0.0117468444971	-0.0	0.0	0.0	0.0	0.0
MCT.f.0264	-0.123213559175	-0.118309524214	-0.00409389514817	0.0778930957585	0.10170313666	-0.0356071761315	-0.0201044894512	-0.0	0.0	0.0	0.0	0.0
MCT.f.0265	-0.0997804178435	-0.214469189149	0.0745316021118	0.0619328168287	0.0317795994029	-0.0118748027088	0.023269152315	-0.0	0.0	0.0	0.0	0.0
MCT.f.0266	-0.126542974498	-0.216765478349	0.0433238623241	-0.0250773929359	-0.0418064439204	0.0459126829211	-0.00238523094495	-0.0	0.0	0.0	0.0	0.0
MCT.f.0267	-0.0298097612286	-0.22888792135	-0.0199538818105	-0.127253347661	-0.100614225978	-0.0411392721235	0.00588522792598	-0.0	0.0	0.0	0.0	0.0
MCT.f.0269	0.187235831944	-0.0682328479558	-0.17192568368	-0.0914719832976	0.0468121332976	0.0418551219453	-0.0135047707715	-0.0	0.0	0.0	0.0	0.0
MCT.f.0270	0.303319901941	0.0594121972422	-0.0512712566444	-0.023610622804	0.0500749717142	-0.00817535735401	0.0454380152685	-0.0	0.0	0.0	0.0	0.0
MCT.f.0271	0.341284388463	0.0918660269123	0.0158715306162	0.0175883610427	0.000529846697961	-0.0293647878024	-0.035729037362	-0.0	0.0	0.0	0.0	0.0
MCT.f.0272	0.232266557669	0.0411168869395	0.188186054302	0.103713162019	-0.0829284177924	0.0241990795247	-0.000740142418049	-0.0	0.0	0.0	0.0	0.0

Biplot	0	0

Site constraints	0	0
