Eigvals	16
413.95759378	170.543452904	124.282546811	86.6447157761	63.1567950502	55.4030728899	40.1849267352	35.4602595656	32.7201680348	30.0071212415	27.2136459991	26.5225150069	21.0291426795	17.1643229562	15.8840680516	0.0

Proportion explained	16
0.356806366801	0.146998124268	0.107124025868	0.0746824957509	0.0544373310677	0.0477540923139	0.0346369722985	0.0305645954356	0.0282028025406	0.025864320571	0.0234565141508	0.0228608011067	0.0181258469687	0.0147946065119	0.0136911043466	0.0

Species	0	0

Site	16	16
MCT.f.0121	-0.0184208791231	6.44356786239	0.274135140485	-1.39158256902	1.63868909149	0.882897894527	0.0710013531933	0.874694049066	-0.432968291849	1.83456842409	-0.0755310804849	2.77737033534	0.194952232119	1.22377338136	1.2271282304	-0.0
MCT.f.0122	6.88870723565	1.03776667692	0.0770522891592	-1.82038125129	1.4417305733	-0.106547083788	-1.10163023669	-0.12560483545	0.283302731637	-0.123733965078	0.531607325642	0.542402473177	-1.91365454708	-2.95929538099	0.300904189229	-0.0
MCT.f.0123	4.14402582402	-1.64486539719	-2.70057334934	-3.78967447793	2.00113908867	-0.462785636761	-0.961555831438	-0.149551683774	-2.05683996381	0.750769046271	0.604337848406	-2.30185045721	-0.832569289365	1.64736927509	-0.444853561874	-0.0
MCT.f.0124	3.43994536707	7.46149557135	1.43771749708	0.985449399529	0.227052198317	-0.608752305795	2.84314695962	-1.40357715617	-0.536942356102	-1.66214363884	-1.19263636184	-1.13489720208	0.0535245305617	0.0411237659724	-1.18538595973	-0.0
MCT.f.0125	2.20571077796	-0.667445679787	-4.65335918686	0.889429664794	1.60962629699	-1.84847170713	-0.418588237825	-0.175978501589	1.12319068693	1.56654543216	-0.715318438989	-0.0362629154432	2.91518502307	-0.956621693311	-0.747944422042	-0.0
MCT.f.0126	-4.11288275432	-5.05293502814	0.980486611589	1.52023189898	2.53436154545	-0.216670139726	2.08509416207	-2.50617972199	-2.08665761731	-0.647652914502	0.693890492606	0.71248417992	0.488811752331	-0.368130965249	1.38929250451	-0.0
MCT.f.0127	1.76496203365	-0.691098200974	-1.11568018514	2.00625488874	2.04281385009	-0.835249259199	0.367760263961	1.34250904892	3.44296897869	-1.88979322863	0.682486102239	-0.887727180666	-0.591689575566	1.10875641966	1.38889771526	-0.0
MCT.f.0128	-4.05244514598	1.78882628735	0.00308775285523	0.854340305272	-1.36013701251	1.65378844879	1.08513447659	1.91428352972	-0.51364918019	0.327650059542	3.85748547789	-0.794179787149	0.737928286965	-0.633358097553	-0.665259444906	-0.0
MCT.f.0129	-13.5034341123	0.0311858608371	0.396614637716	-4.56749803015	-0.744699093544	-2.91590985482	0.237550031654	0.751356223661	0.643808735688	-0.773388439463	-0.840789082148	0.100435531093	-0.27210427137	-0.413679958341	-0.216253246178	-0.0
MCT.f.0130	6.75058686329	-2.96759533035	6.63461361006	0.300454360773	-1.61356449274	-3.43167399917	-0.553211228802	0.0671259292561	0.278168940501	0.581475069011	0.871890050824	1.03532302392	0.340460184204	0.765029064919	-0.771170364456	-0.0
MCT.f.0131	-3.07765546358	-0.15754164944	-0.909761382475	5.14792870244	-1.50622710466	-1.45402353791	-0.0553500072728	1.52912392242	-1.35366544878	2.05327745265	-1.51569882101	-0.927904276969	-1.66546321466	-0.246365540391	0.455038616176	-0.0
MCT.f.0132	1.89300062842	-2.41246570518	-1.15592130619	0.813625943979	-0.0155168481384	1.58569243271	-1.35026054307	2.55198285591	-1.89868632964	-2.97717818924	-1.23832768366	1.50796313537	0.569542941002	0.127866301157	-0.775738330986	-0.0
MCT.f.0133	-0.127433735936	-3.32140294842	4.54792947076	-1.54252619501	0.716263924797	4.16577225528	1.14115104587	0.761277755423	1.30084639093	1.42585200879	-1.80843288898	-1.21315393866	0.419958283341	-0.265559032095	-0.13572091896	-0.0
MCT.f.0134	5.08455342587	-0.672735105123	-2.83402872322	-2.02160608579	-5.693557537	0.633730877613	0.737867094629	-0.965832687838	0.0529238119532	-0.361924673761	-0.314181587993	-0.170450744141	0.582542561757	0.0384126042908	1.66642802091	-0.0
MCT.f.0135	-4.83280114385	3.00444199851	2.28772848232	1.6257626898	-0.387511062832	1.26376679189	-4.46890051824	-2.28334386616	0.15700106691	-0.582414039434	0.11540418775	-1.01370326344	0.6416074675	0.120895560862	0.369665435684	-0.0
MCT.f.0136	-2.44641892079	-2.17919921276	-3.2700413588	0.989790754889	-0.890463417694	1.69443482349	0.340791215752	-2.18228486141	1.59719784444	0.478091596423	0.343814459747	1.80415108693	-1.66903236482	0.769784294625	-1.85502846303	-0.0

Biplot	0	0

Site constraints	0	0
