Eigvals	15
1.01091522103	0.617014540753	0.301692283313	0.213359868386	0.125485362337	0.0696737565525	0.0465032828588	0.0300820849798	0.0176753954143	0.0136094646641	0.0070915091788	0.00652903700259	0.0	0.0	0.0

Proportion explained	15
0.411002662418	0.250856465236	0.122657497972	0.0867446370736	0.0510179458595	0.0283269050146	0.0189066033121	0.0122303203677	0.00718619566059	0.0055331308647	0.00288315883709	0.00265447738374	0.0	0.0	0.0

Species	0	0

Site	15	15
MCT.f.0341	-0.325493338474	0.371543808146	0.22734707829	-0.0786121546249	0.155449626163	-0.102471151109	0.00573811513783	-0.0107297854098	-0.028109431332	0.0121311226579	0.00161190981621	0.000488803027056	-0.0	0.0	0.0
MCT.f.0344	-0.307240647512	0.269757700188	0.128931829987	-0.0106466134125	-0.0854002469577	0.11807137533	0.0176637434354	0.0210520179495	0.0663084219986	-0.0370947505539	-0.00889539656205	-0.00539995115256	-0.0	0.0	0.0
MCT.f.0345	-0.279135751929	0.131953024226	-0.0888073815998	0.0849763741208	-0.129384547019	0.0939336485884	-0.0269467727314	-0.0329008393323	-0.0799474069597	0.0315310082919	-0.00516399695344	2.00753995048e-05	-0.0	0.0	0.0
MCT.f.0346	-0.287919350472	0.00442585952075	-0.155436258367	0.161456058356	-0.0596375120647	-0.100579827749	-0.0490039965422	3.20839012655e-05	0.0430865173534	-4.6268497119e-05	0.0394156832687	0.000613965467909	-0.0	0.0	0.0
MCT.f.0347	-0.226486621464	-0.14207226959	-0.177881498433	0.13417902455	0.0473236288256	-0.0616487797327	0.0163320438854	0.0113032900933	-0.00754085461988	-0.02101771469	-0.0343786495645	0.0050856735154	-0.0	0.0	0.0
MCT.f.0348	-0.223511116256	-0.282970983593	-0.0513047266455	-0.0416658162487	0.115033878286	0.077573104591	0.115354442123	0.00379305118792	0.0147620069943	0.0362179013386	0.0201445647711	0.0226113752538	-0.0	0.0	0.0
MCT.f.0349	-0.16066977584	-0.326219923344	0.0232170457484	-0.117249692735	0.0114086898761	-0.0150204883394	-0.0169961607247	0.0168975889454	-0.0304349361067	-0.0640218931579	-0.017669790916	-0.00811529081612	-0.0	0.0	0.0
MCT.f.0350	-0.0673757348395	-0.306821676257	0.101335764734	-0.147384307984	-0.00290597820385	0.015775180255	-0.102875596498	-0.0138064897807	0.0220306222955	0.0434860021791	0.00382272311988	-0.0314084989751	-0.0	0.0	0.0
MCT.f.0351	0.230778965696	-0.139652120834	0.234031372929	0.00141205993355	-0.116387111037	-0.013968362548	0.0134617543288	-0.0408049680509	-0.0181350706434	-0.0231880847535	0.01991165046	0.035859136945	-0.0	0.0	0.0
MCT.f.0352	0.279644881278	-0.0660001321937	0.133692292947	0.104188960743	-0.0801075128856	-0.0827695768382	0.0326715216559	-0.0117618298898	0.0183857533749	0.0225775759881	-0.0182389466851	0.00237354449523	-0.0	0.0	0.0
MCT.f.0353	0.303086853043	0.00160953251628	0.0866835055446	0.170628092467	0.0247829536727	0.0228601417979	0.0661405996015	0.0535930533441	-0.0196913454493	0.00344050275597	0.00761207516273	-0.0476020856098	-0.0	0.0	0.0
MCT.f.0354	0.295991388093	0.0629118088094	0.0123135687483	0.100471103418	0.116775691148	0.0624758125336	-0.0986698879015	0.044002723159	0.0152221489664	0.0166747313798	-0.0240208182945	0.0332392864331	-0.0	0.0	0.0
MCT.f.0355	0.336173662741	0.119471637388	-0.132249694166	-0.0133376329349	0.113885295911	0.0462028226173	-0.033094606238	-0.0395826509014	-0.0144069339704	-0.0420830202067	0.0367301092794	-0.00661801608767	-0.0	0.0	0.0
MCT.f.0356	0.236392999656	0.140093260357	-0.173632000606	-0.112451556785	-0.00646200270384	-0.0133713590289	0.042710989548	-0.0996490849065	0.030324094766	0.00828489368746	-0.0275256731048	-0.0106485780174	-0.0	0.0	0.0
MCT.f.0357	0.195763586279	0.161970474661	-0.168240899109	-0.235963898862	-0.104374853012	-0.0470625403678	0.0175138109197	0.0985618396909	-0.0118535866675	0.0131079935804	0.00664455620238	0.00950056012148	-0.0	0.0	0.0

Biplot	0	0

Site constraints	0	0
