Eigvals	15
0.833933456735	0.682227468683	0.50950529422	0.391803991513	0.36788443444	0.255632318904	0.218158307273	0.1582665046	0.0829365285125	0.0480094215781	0.0264855528169	0.00921566406906	0.0	0.0	0.0

Proportion explained	15
0.23267849941	0.190350515844	0.142158737419	0.109318512253	0.102644638455	0.0713248088117	0.0608690623458	0.0441584547303	0.0231403918919	0.0133952656296	0.00738982065741	0.00257129255259	0.0	0.0	0.0

Species	0	0

Site	15	15
MCT.f.0410	-0.198132787128	0.311974433382	0.232758977217	-0.110471489084	0.278651574848	-0.152711681732	0.01763143495	-0.170551995058	0.0404324063856	0.0141282238523	-0.023997581841	-0.024978648557	0.0	0.0	0.0
MCT.f.0411	-0.344168079457	0.205210057933	0.147500073365	-0.0138600038439	0.0902451790472	0.0848176807404	-0.0775248270093	0.066663599072	-0.0525634676634	-0.0581151202238	0.064362981463	0.0523024811476	0.0	0.0	0.0
MCT.f.0412	-0.262236029295	0.131490229127	0.0590778850141	0.00885775357134	-0.0175414832375	0.219322109181	-0.0517369286946	0.213056316944	-0.00707665619656	0.0440433366102	-0.0576728821549	-0.0326464967631	0.0	0.0	0.0
MCT.f.0414	0.205744866478	0.320580260499	0.0237112059632	-0.0857169094646	-0.292734198826	0.0405863414534	0.0622476941969	-0.0831555061366	-0.1167633633	0.0837662005112	0.0445920019481	-0.0118024104134	0.0	0.0	0.0
MCT.f.0415	0.329607817693	0.215648364626	0.0793898600872	-0.144207927922	-0.233288142178	-0.00929878329252	-0.0089560606756	0.0214234747811	0.113205914533	-0.106277759237	-0.0424289222924	0.0160785073658	0.0	0.0	0.0
MCT.f.0416	0.38698670672	0.0817902553516	-0.103627964407	0.101464721307	0.154320944886	-0.0364870982623	-0.219436658267	0.0722206936326	0.0853419592397	0.0364127400046	0.0343450396512	-0.00980334354018	0.0	0.0	0.0
MCT.f.0086	0.246273243791	0.0638057125592	-0.231229101461	0.254704901028	0.167965900829	0.109930288144	-0.0511548218293	-0.0972207871504	-0.0736192126084	-0.0111453122832	-0.0175783453639	0.0117378625188	0.0	0.0	0.0
MCT.f.0418	-0.183882312895	0.102481577866	-0.302034572212	0.188012400036	-0.0129937956993	0.00217564770431	0.230245279225	-0.0278712876382	0.00135195190235	-0.0706229759741	-0.0184198805829	-0.00883823345741	0.0	0.0	0.0
MCT.f.0419	-0.26953845375	-0.00277281631032	-0.217228441455	0.0648792158172	-0.115727162923	-0.193281732465	0.0571105112995	0.07450851652	0.11493523413	0.072171665699	0.0344763743146	0.00845392107981	0.0	0.0	0.0
MCT.f.0420	-0.140795101584	-0.198417147123	-0.186007829973	-0.175680116332	-0.0743718562305	-0.215380633007	-0.173673477258	-0.00962150238256	-0.102593368141	-0.00483043944976	-0.0329340674496	0.0128849189481	0.0	0.0	0.0
MCT.f.0421	-0.0929138707911	-0.265614517847	-0.182964666406	-0.279365452453	0.0183243864218	0.158144526377	-0.0665397894449	-0.0828465631393	0.00758126367077	-0.032113239145	0.000729505730267	-0.0242650137266	0.0	0.0	0.0
MCT.f.0422	0.10682881597	-0.276629435886	0.0285923169451	-0.171298586512	0.109928118313	0.163358922189	0.163070303871	-0.0401191205391	0.0745555916691	0.0473323923186	0.0386761269976	0.0205254388907	0.0	0.0	0.0
MCT.f.0423	0.307556786097	-0.150555049542	0.135986974203	-0.0686102114236	0.1688539567	-0.148233555509	0.186111036614	0.175018629026	-0.0948832458122	0.00242398242828	-0.0245103509963	0.00490096192618	0.0	0.0	0.0
MCT.f.0424	-0.0235102861911	-0.286590173703	0.253211988971	0.199943593194	-0.106258282289	-0.0571983427263	-0.0277108063986	-0.00303678617406	-0.0165084738651	-0.0759891538928	0.0651950440672	-0.0440386160508	0.0	0.0	0.0
MCT.f.0425	-0.0678213156572	-0.252401750933	0.262863294147	0.231348112082	-0.135375139661	0.0342563112049	-0.0396828905788	-0.108467681758	0.0266034660573	0.0588154587819	-0.0648350434909	0.0294886706316	0.0	0.0	0.0

Biplot	0	0

Site constraints	0	0
