Eigvals	6
190.560467576	109.261064504	54.0324224991	40.4179806214	34.0276994347	0.0

Proportion explained	6
0.444923255044	0.25510426736	0.126155658632	0.0943684685975	0.0794483503672	0.0

Species	0	0

Site	6	6
sample1	-12.4586478793	1.32759406069	-0.113697392053	0.0731924263165	0.279560706717	0.0
sample2	1.78288017245	-2.8174453729	-3.53088607029	-4.02974394935	-1.94778753804	0.0
sample3	3.03489126231	-1.0009591278	-3.18653437453	1.95052706699	4.09902672229	0.0
sample4	3.65066981293	6.02306806196	3.44954103241	-2.55273801575	1.30330349052	0.0
sample6	1.08266993491	-7.05965646635	4.31580968445	0.963782068284	-0.336809085406	0.0
sample7	2.90753669667	3.52739884439	-0.934232879981	3.5949804035	-3.39729429608	0.0

Biplot	0	0

Site constraints	0	0
