Eigvals	15
0.742571561901	0.623124095993	0.506926892899	0.452884709818	0.382423585508	0.373211258195	0.308627743332	0.268418996324	0.229605452944	0.201137019271	0.176880472353	0.128882263009	0.116206917349	0.0803507073957	0.0

Proportion explained	15
0.16173619184	0.135719873343	0.110411480058	0.0986407937853	0.0832939713331	0.0812874755096	0.067220828892	0.0584631414805	0.0500093371334	0.0438087548783	0.0385255448457	0.0280712694698	0.0253105091035	0.0175008283276	0.0

Species	0	0

Site	15	15
MCT.f.0410	-0.3568961535	0.14615105822	-0.0110436433673	-0.120427232802	-0.142967040163	-0.190985301356	0.134037294649	0.164581265023	-0.0996923959522	-0.163566455086	-0.0235470127991	-0.0876937002624	-0.00157513994265	-0.108246897941	-0.0
MCT.f.0411	-0.380580694239	-0.0838851120497	0.00381280802685	-0.073063746514	0.0348119069335	-0.0223168050754	0.126228345053	-0.00984243317965	-0.0825853930756	0.00516894865837	-0.0426765342098	0.0593939687825	-0.00804120766884	0.217845175317	-0.0
MCT.f.0412	-0.217777487479	0.296749069755	0.120805344735	-0.231498265217	-0.0379515003893	0.0509135932103	-0.0282025635369	-0.0557844013207	0.158998738834	0.19818634158	0.195398201552	0.0389687506883	-0.0369802738989	-0.0301999018828	-0.0
MCT.f.0414	0.0692028220803	-0.0824789013838	-0.0575826608204	0.216509031109	-0.49426168663	-0.0455616812493	-0.110655620617	0.0493806706941	0.125683367308	0.0481065484397	-0.0429390216755	0.00589809611438	-0.00469466339328	0.0416659581933	-0.0
MCT.f.0415	0.298099989773	0.0295467220919	-0.171681044243	-0.230585826952	-0.028363168615	0.0167509796162	0.161757045871	0.0421105240517	-0.0309944808664	0.0740532153379	-0.14843922927	0.20179131544	0.0640168904939	-0.0532154892838	-0.0
MCT.f.0416	0.105109071099	0.350315233135	0.244330130615	0.100932423583	-0.0489876452098	0.350200284701	-0.0878622087039	-0.020857059588	-0.156307932877	-0.133291670448	-0.0433567985926	0.0322476104375	-0.0236515756372	0.0109270471155	-0.0
MCT.f.0086	0.0583161522544	-0.278021601697	-0.00615528185255	0.00687057020444	-0.0595169371503	0.0450885815013	0.17072523018	-0.306223148886	0.0592167545917	-0.196265734456	0.142044132298	0.0324103547484	0.00159316845677	-0.0369593790477	-0.0
MCT.f.0418	-0.215660385698	0.104754076223	-0.210389877594	0.0617092493271	0.0838003543397	-0.0339701204958	-0.189382060381	-0.264845960075	-0.0410533339656	0.0713242322996	-0.13174474352	-0.0760811470182	0.139191863117	-0.0358379660716	-0.0
MCT.f.0419	-0.10224025197	-0.289676033285	-0.0457565438596	0.0844398423213	0.0674813819499	0.0789734537294	-0.0256190923492	-0.0160258390905	-0.125390648165	0.143829869369	-0.063127126497	-0.00881575278232	-0.23188624761	-0.0780609795707	-0.0
MCT.f.0420	-0.0885353338375	0.115779643237	-0.342686854474	0.291835076797	0.227381843123	0.0656507151058	-0.013273379988	0.171716228816	0.152758058626	-0.092280263966	0.0802292842128	0.0740786750718	-0.0121437610172	-0.00374375083352	-0.0
MCT.f.0421	0.0351850331875	-0.220878756684	0.134346114319	-0.177883068453	0.100785811692	0.227114628814	0.0267045756429	0.111662134233	0.233115748233	-0.0239659600057	-0.131771522112	-0.152790525689	0.0419230011974	0.00571170646241	-0.0
MCT.f.0422	0.287053236325	0.224205980216	0.182406665694	0.25742520173	0.110699636126	-0.20997944928	0.26347459026	-0.0543907126631	0.0273001579767	0.10364525024	-0.0339502151849	-0.0962518637199	-0.0164766434929	0.0223470840966	-0.0
MCT.f.0423	0.292825940911	-0.089226815137	-0.221241425575	-0.102889930504	-0.0229502240045	0.0736351682139	-0.0217490825494	0.102253742983	-0.202607283852	0.0698797291231	0.197912140239	-0.135734153372	0.0669499698515	0.0427366548307	-0.0
MCT.f.0424	-0.0613659602001	-0.283026274355	0.368030641801	0.133090118359	0.107777110229	-0.126600006806	-0.136531637016	0.114594871296	-0.063160242385	0.0342185588668	0.0669693903775	0.104128652148	0.133461035412	-0.0446462780623	-0.0
MCT.f.0425	0.277264021293	0.0596917117133	0.0128056265949	-0.21646344299	0.102260157768	-0.278914040629	-0.269651436515	-0.0283298822934	0.0447188855689	-0.139042609953	-0.021000944819	0.00844971941256	-0.111686415867	0.0496770166777	-0.0

Biplot	0	0

Site constraints	0	0
