Eigvals	11
0.756359517782	0.324118626885	0.145199626806	0.0433604933372	0.020614360558	0.0113739108958	0.00542652006768	0.0	0.0	0.0	0.0

Proportion explained	11
0.578941213476	0.248090526724	0.111140332293	0.0331894767494	0.0157788758334	0.00870594686938	0.00415362805528	0.0	0.0	0.0	0.0

Species	0	0

Site	11	11
MCT.f.0362	-0.241298738474	0.19281168464	0.129493648796	-0.111272740327	0.027082986945	-0.00429621413014	0.02513399452	0.0	0.0	0.0	0.0
MCT.f.0363	-0.271726889366	0.150897594691	0.119956205061	-0.0170960605561	-0.0307467797503	-0.00519269539134	-0.0437781692205	0.0	0.0	0.0	0.0
MCT.f.0364	-0.280502383147	0.052050221455	0.00645435285296	0.0917787932594	-0.0335435300638	-0.00240969488162	0.0372115210274	0.0	0.0	0.0	0.0
MCT.f.0365	-0.303470982311	-0.0206284680274	-0.084802283205	0.0756563434737	0.0617609782579	-0.02500375151	-0.012710491664	0.0	0.0	0.0	0.0
MCT.f.0366	-0.234184562495	-0.102185606198	-0.146268637223	0.00525921208231	-0.0229840973415	0.0658787685605	-0.0074164014004	0.0	0.0	0.0	0.0
MCT.f.0368	0.00271448998306	-0.260040514135	-0.0931868501177	-0.062913937016	0.00298761777488	-0.0470585765371	0.0196025045183	0.0	0.0	0.0	0.0
MCT.f.0369	0.0941459546068	-0.264752332567	0.0282379802126	-0.0527289720586	0.0257816086065	0.00370073832362	-0.0233060249824	0.0	0.0	0.0	0.0
MCT.f.0370	0.228392752593	-0.126851528974	0.102790812538	-0.00126925365018	-0.0809322014256	0.0139910557563	0.00857582951018	0.0	0.0	0.0	0.0
MCT.f.0371	0.324905837403	0.00825544749591	0.103936210631	0.0895530091678	0.00056552179884	-0.034606602023	-0.00924640308009	0.0	0.0	0.0	0.0
MCT.f.0372	0.350135662763	0.0666742574731	0.0593203384607	0.0198709657255	0.0749754274723	0.0500831244375	0.0122658399477	0.0	0.0	0.0	0.0
MCT.f.0374	0.330888858444	0.303769244147	-0.225931778006	-0.0368373601004	-0.0249475322742	-0.0150861526048	-0.00633219917609	0.0	0.0	0.0	0.0

Biplot	0	0

Site constraints	0	0
