Eigvals	16
259.465977775	173.276494468	123.415159136	88.8532599037	72.1913383266	58.8324330265	38.0003883004	35.2124623325	33.3598748541	32.2019186218	28.3501176754	24.7566727953	21.1529736315	15.6516330958	13.561329375	0.0

Proportion explained	16
0.25480757716	0.170165522712	0.121199387889	0.0872580061283	0.070895229381	0.0577761672125	0.0373181368786	0.0345802647796	0.0327609382887	0.0316237717726	0.0278411252951	0.0243121964105	0.0207731973455	0.0153706267848	0.0133178519617	0.0

Species	0	0

Site	16	16
MCT.f.0546	-2.00466525746	5.45112837205	0.426436589217	-1.60218613345	2.86339590666	3.73813841641	1.27159450105	0.584741816971	1.03392511498	0.803285640046	0.208213767023	-2.0268139821	-1.4055620259	-0.229914546849	0.0814583197679	0.0
MCT.f.0547	-4.75387958773	2.77487705721	4.51109965666	-2.80603416051	1.47559549493	-2.2028331271	1.98304297768	0.838472169191	-1.06308850195	-0.887548483492	-0.462579577137	2.36148274476	0.092309577207	-0.548360525759	-0.275721023656	0.0
MCT.f.0548	-3.14668658138	3.97239590102	-2.81455153647	2.20858941799	1.80251623428	-3.10357977067	-1.05541787248	-2.17722617983	0.366079526648	0.0885810456536	-2.01156104193	-0.180337237054	-0.645103839436	1.51760781952	0.137582333003	0.0
MCT.f.0549	-0.484280052363	0.841638282907	-4.22271344677	1.04479924842	-2.9331880425	-2.07171030236	0.894195467217	2.2423349339	0.689163200504	2.71663547428	-0.279567040826	0.406548315345	-0.661918515012	-1.43490008235	0.445930097787	0.0
MCT.f.0550	-2.66432761483	3.71802786018	-2.34560823361	-0.625972146482	-3.20445310078	3.12408344303	-2.91409684021	0.186907583239	0.00737125529328	-2.12491700308	-0.216779907066	1.5422928136	0.0693571363353	-0.38839938019	-0.113652903803	0.0
MCT.f.0551	-5.31322432432	-0.550091927395	-2.75073101876	-0.696017676806	-0.922412343434	-0.777274724885	0.972799321496	0.257360686026	-1.57505409128	-0.772803255907	0.726401959112	-2.39321090032	2.507876338	0.0531757569795	-0.981012869279	0.0
MCT.f.0552	2.99263918687	-4.20860758199	-1.86686046266	-3.26850444088	0.0145247670297	1.25063444753	0.623339594381	1.91091847866	0.770987157609	0.594900582403	-1.19149615667	0.89262589997	0.14784651808	2.40259986848	-0.646936259517	0.0
MCT.f.0553	0.481632242839	-5.9128255738	-1.2779479396	-4.18391921225	1.76279182621	-1.00876079812	-1.81345037193	-0.634858131941	-1.13901837485	-0.74701873669	-0.702061433599	-0.974940473707	-1.13982805649	-1.25391914136	1.11934213877	0.0
MCT.f.0554	-2.04415329778	-3.8001971848	-2.80705739732	2.7645913779	0.729670520929	2.08044257179	2.10468052678	-2.06189598512	-1.71344541253	0.228946552579	1.889395038	1.57530034951	-1.02766005454	0.212373057543	0.134749008203	0.0
MCT.f.0555	-7.29717791288	-4.84697846595	5.39738467403	3.13111371912	-0.773382964396	1.32082190636	-1.05906991588	0.406931467954	1.16693086039	1.09943055742	-0.926114111406	-0.363049507359	0.627130980307	0.177955251529	0.768959525334	0.0
MCT.f.0556	4.26591306126	-2.31430415808	-0.0783934651039	3.3364616544	2.72380880627	-0.0323399900216	-0.368020693509	0.48743156538	1.31880287293	-1.1357436291	-0.82863224862	0.150429176237	0.00311406514628	-1.43462305133	-2.17613153423	0.0
MCT.f.0557	4.57878033963	1.46284467521	-0.44844068543	2.51372079924	2.48313973736	-0.70893075483	-0.234169820845	2.22974750409	0.157591337071	-1.65083951218	1.54503402965	0.130301406614	1.17116233084	0.494357415401	1.96351691141	0.0
MCT.f.0558	7.64630547424	2.40786524913	2.52679216276	0.921247699991	-0.98889763207	1.44864626518	-0.0454719329907	-0.825630432261	-3.17570523315	1.61465216031	-1.85115219284	-0.227606903507	0.897025837915	-0.190175666273	0.172877797086	0.0
MCT.f.0559	1.71947416236	0.399559958114	3.56079979155	0.543431140695	-2.31295614784	-1.96570722197	-1.43541223559	0.84728641889	-1.04508016871	-0.157445073332	2.28211331327	-1.03360556137	-2.12826534424	0.976615169636	-0.969396003347	0.0
MCT.f.0560	4.02166063156	-0.40560652424	1.4578141655	-0.652424980989	-3.70446284981	-0.518416042239	2.66371857187	-2.09884266	2.34302258728	-2.00229854988	-0.449096052997	-0.716431595915	-0.0993941383131	-0.1248673465	0.609015625334	0.0
MCT.f.0561	2.00198952998	1.01027406043	0.731977146017	-2.62889630637	0.984309787154	-0.573214318118	-1.58826127704	-2.19367923514	1.85751786976	2.33218223096	2.26788165604	0.857015455307	1.59190919009	-0.229524598466	-0.270581162861	0.0

Biplot	0	0

Site constraints	0	0
