Eigvals	12
0.616005715473	0.556054074241	0.46055776334	0.339476190699	0.295959921188	0.253187145322	0.235459622298	0.194303822762	0.171260499309	0.154590966372	0.131923544911	0.0

Proportion explained	12
0.180711529676	0.163124107155	0.135109294974	0.0995887865471	0.0868228471546	0.0742750191699	0.0690744703397	0.0570009987754	0.050241005929	0.0453508292301	0.0387011110487	0.0

Species	0	0

Site	12	12
MCT.f.0562	-0.272929675364	0.200226713478	0.314355430061	0.0604213222594	-0.0907498937117	-0.025524708559	-0.229775684318	0.0560783681431	0.0225426962618	-0.0697903850066	0.15958087389	-0.0
MCT.f.0564	-0.129940844468	0.0335491475497	0.226896152672	0.167572337225	0.308383745554	0.145926186647	0.166159328306	0.0399039407628	-0.0725797789254	-0.0999021944692	-0.0936845122813	-0.0
MCT.f.0565	0.339944246588	0.0198377876794	0.0231997387513	-0.181591036173	0.0667925912636	-0.0136161262686	0.176685844551	0.206169307995	0.0998572419898	0.00690561333673	0.164200593114	-0.0
MCT.f.0566	-0.0432436056388	0.432969699897	-0.135403727068	0.200646470284	-0.147130719752	-0.158424886345	0.124108577999	0.0757099831068	-0.000797608749607	0.115989375604	-0.0918002751274	-0.0
MCT.f.0567	0.0707372787756	0.0273116696626	-0.204642126701	-0.0988656467307	-0.171879398712	0.309152678718	-0.126086141616	0.143329653833	-0.10357108314	-0.0559621489785	-0.0844278232955	-0.0
MCT.f.0568	-0.150855357559	-0.260877476142	-0.136177502111	0.178437733849	-0.172964335101	0.0847104778192	0.125595644763	-0.101469431047	0.228687333609	-0.0969867879785	0.0317631821324	-0.0
MCT.f.0570	-0.0783897874785	-0.0540926408363	0.331118772656	-0.313233362444	-0.135362000207	0.00918468117504	0.0754091669179	-0.109312908627	0.0440223291797	0.115008085275	-0.13074811399	-0.0
MCT.f.0573	-0.217203686324	-0.289576311402	-0.1093356231	0.0747392670876	0.0765243122096	0.0417129628448	-0.0102609486081	0.00779027639932	-0.126011364118	0.258613975024	0.111417126869	-0.0
MCT.f.0574	-0.0948821045983	0.293794630816	-0.285963754771	-0.198912433863	0.229990055665	0.0254430776298	-0.0717516451837	-0.202341542197	0.067784385741	-0.0165816384458	0.0367733429894	-0.0
MCT.f.0575	-0.178066381664	-0.260175796689	-0.142971354969	-0.129936693492	0.0314808545071	-0.30751741455	-0.0371636960335	0.103613507505	-0.0752736348142	-0.144770837608	-0.0750623884658	-0.0
MCT.f.0577	0.361282221154	-0.0116026545643	0.0531375274431	0.0769336903947	-0.11791404487	-0.0564575376405	0.054917795357	-0.216313815697	-0.216723717537	-0.0846209272269	0.0789100795317	-0.0
MCT.f.0578	0.393547696576	-0.13136476945	0.0657864671382	0.163788351603	0.122828833154	-0.0545893914711	-0.247838242135	-0.00315734017786	0.132063200504	0.0720978704724	-0.106922085367	-0.0

Biplot	0	0

Site constraints	0	0
