Eigvals	16
0.662213951179	0.607979673056	0.490330560616	0.452555027929	0.368750463165	0.323335342018	0.301859616226	0.241567877236	0.216752389728	0.206776305278	0.170941971726	0.1471304804	0.142645101143	0.10575183684	0.0728140330821	0.0

Proportion explained	16
0.146786645301	0.134765050571	0.108686894852	0.100313553113	0.0817373952104	0.0716706588221	0.0669103396853	0.0535460454266	0.0480454331905	0.0458341297786	0.0378910751219	0.0326130091355	0.0316187779316	0.0234410002033	0.0161399916567	0.0

Species	0	0

Site	16	16
sample1	-0.222959865485	0.202464290929	0.239625588063	0.0543183341213	-0.0328039236781	-0.248214334298	0.21851636295	0.0952286223052	-0.021271324608	-0.00855765403695	0.149609108831	0.074553351091	-0.113645840941	0.0166164876466	-0.0360866984537	-0.0
sample2	-0.329140364446	0.120837031304	0.0705178176661	0.00300631630286	-0.0133931585221	0.15735718273	-0.203205365003	0.178671097272	-0.145657693355	-0.17200521909	-0.0327083108429	0.0512103913925	0.0357389801092	-0.0887993902672	0.0573390850055	-0.0
sample3	-0.17114592923	0.274202993691	0.145770873528	-0.0897963750803	-0.0405125996954	-0.0697665134062	0.112235840172	-0.0692263031307	0.0724301656554	0.104404275262	-0.220409498707	-0.0972747201528	0.118764645487	0.0355817843332	0.0814435516627	-0.0
sample4	0.24501268893	-0.144370003483	0.336776856133	-0.0248345086921	0.020307487762	0.141984620141	-0.0402723475792	0.0469907196741	-0.0372617868244	0.223916230193	0.136026167648	-0.0650246632728	0.0105741743904	-0.0788607692379	0.064116183887	-0.0
sample5	0.00953120598041	-0.421161028162	0.266907770236	0.0328767474151	-0.0650815795158	-0.0975891817259	-0.0418830566388	-0.137727267772	-0.0206369319517	-0.0942141775705	-0.06292929845	0.140148694334	0.12898603028	0.0497780930902	-0.0475406671925	-0.0
sample6	-0.0450287975365	-0.374094408023	-0.0319866040071	0.0145482310005	-0.0244089254841	-0.049752873545	0.1118802273	0.047554381167	0.059135133694	-0.154266933707	-0.067131362947	-0.215785775624	-0.136542092478	-0.0553323313599	0.0239581344033	-0.0
sample7	-0.234347836686	-0.0027864978074	-0.0385440009232	-0.229752375163	-0.0862091689966	0.119846289712	-0.163387501398	-0.223774879704	-0.0286671133349	0.0667058911935	0.0364502672227	0.00383085551833	-0.18311408271	0.106038767022	-0.000641504970706	-0.0
sample8	-0.192765369086	-0.0245385527279	-0.184674105002	0.148947098128	0.347443174999	-0.0748314663447	0.0151382755096	-0.188177346544	-0.068018377689	0.0938394272585	0.00403340351421	0.0127776338557	0.0202777826675	-0.141208185459	-0.0310235962249	-0.0
sample9	-0.0681130616064	0.00698364728546	-0.0896034279759	-0.187910335178	0.151292648433	0.177340987033	0.115520749398	0.0050508289591	0.256280731722	-0.114646533626	0.163292701219	0.0241188930323	0.116206033792	0.0324327078684	0.00943921365384	-0.0
sample10	0.00638252916621	0.0216280923286	0.0334835528793	0.315177687911	0.135047023733	0.0539976520133	-0.183752706137	0.161102712065	0.186965041534	0.0883677372591	-0.0909536481614	0.00526726313487	-0.061811467072	0.0990654112293	-0.0713434653724	-0.0
sample11	0.120596348865	-0.0611299759617	-0.240724704623	-0.122972400814	-0.211787388745	-0.115658862248	-0.0296594864514	0.07357661088	0.146967888845	0.097791345519	-0.0618744231425	0.176186415689	-0.050762186991	-0.123937581603	0.0442320488303	-0.0
sample12	-0.143290889991	-0.170603032956	-0.318319118904	0.0282395638143	-0.145297368709	-0.0324703518257	0.0516888702816	0.143326193148	-0.159661412905	0.132993646431	0.0750933279281	-0.0673003731176	0.130634463176	0.103050107517	-0.0253679010071	-0.0
sample13	0.314695659838	0.0162907172586	-0.0705343245231	-0.0418036132578	0.186303898437	0.150017214759	0.221539944606	0.0482657469211	-0.167498027957	-0.0370788271655	-0.116489680784	0.113139976674	-0.080720335539	0.0829742917095	0.0420560555515	-0.0
sample14	0.254749308565	0.186336235124	0.0246371322957	-0.317080997069	0.0271452438786	-0.0664646377422	-0.0884201433826	0.0486817489967	-0.0538738018286	-0.0404242489543	-0.0401671456515	-0.083295133478	0.0286933855622	-0.0501982640085	-0.170690559682	-0.0
sample15	0.308773513276	0.156249214595	-0.0955082818468	0.0970804040852	0.0479649489621	-0.25006148311	-0.198371339702	-0.0707287331663	-0.0198154985068	-0.120657200083	0.101456487758	-0.0490229370239	0.0223949228263	0.065769573805	0.111275462531	-0.0
sample16	0.147050859445	0.213691276603	-0.0478250229956	0.319956222474	-0.296010312859	0.204265757858	0.102431676076	-0.158814131072	0.00058300751011	-0.0661677588834	0.0267019045659	-0.0235298720518	0.0143255874402	-0.0529707022858	-0.0511653426222	-0.0

Biplot	0	0

Site constraints	0	0
