Eigvals	12
186.837332209	122.276853605	111.565756619	66.046646286	58.2162860437	45.0627741595	31.9353270727	24.168508463	22.0481623268	16.2474842626	13.2641590867	0.0

Proportion explained	12
0.267802144729	0.175264778505	0.159912093304	0.0946675555596	0.0834439567097	0.0645904510873	0.0457743052822	0.034641783442	0.0316025983063	0.0232882319637	0.0190121011118	0.0

Species	0	0

Site	12	12
sample1	-1.43530744404	6.99613076137	0.612451435645	1.96500444937	1.71882716481	-2.05196911655	2.31684490381	-0.767979162313	1.46928467394	0.0231682926717	0.343798848042	-0.0
sample2	-5.10237321714	-1.00047229108	-0.201882008259	0.100512348734	-2.95761824012	-0.783842228983	1.89863505203	2.16508507755	-0.928916042253	-1.86563625464	-0.768576109709	-0.0
sample3	-5.8270891981	4.79811029628	-0.496484608842	-1.04883809911	-2.23705130813	0.861282863176	-3.19159286167	-0.828988259362	-0.722398790335	0.807485550955	-0.433461614535	-0.0
sample4	-2.48375758089	-3.15817354228	1.69138759553	0.779808977161	0.549378919557	-2.18137906856	0.0847979263946	1.245591302	-1.24754041353	2.23671545802	1.68291312588	-0.0
sample5	-1.63657681783	-4.313326292	3.59887501196	0.392815365062	1.46608829767	-0.954442036153	-0.457895341728	-0.785900828989	1.51134653947	0.643636870651	-2.34165554715	-0.0
sample6	-1.78813787117	-3.19416181379	0.739913389927	1.61602857203	0.16420232565	0.386258809942	-1.79934059582	-1.24212315906	1.39833078171	-2.07404485105	1.81819361031	-0.0
sample8	-2.31769902217	-1.10172113105	-5.65018346499	-2.99570076049	4.74221267125	0.691350263545	0.430125860809	-0.284809809333	-0.931038844247	-0.374864911967	-0.160732998192	-0.0
sample9	4.45565777473	-0.051421158569	-5.47367704229	3.95000833587	-0.571010937384	0.87660127856	-1.11355981064	1.87459219671	1.12137188575	0.639067806833	-0.468515003867	-0.0
sample10	7.35417243027	0.487343912324	0.492709478094	0.820015091676	-0.337021135337	-2.56774912633	-0.714323491774	-1.47349273767	-2.55709320667	-0.861211066599	-0.469292337234	-0.0
sample11	5.196607011	1.53377555133	2.1346157922	-5.29876644479	-0.386800461248	-0.607664874105	-0.765676406071	1.82114129578	1.52435606526	-0.202127958014	0.410254225894	-0.0
sample12	1.84538189401	1.26607096823	4.78335321825	1.33191761007	1.53592289228	4.81261292325	0.844873513591	0.539224068164	-1.19026907045	-0.00369473420484	0.0571740773413	-0.0
sample14	1.73912204133	-2.26215526076	-2.23107879723	-1.61280544557	-3.687130189	1.51894031221	2.46711125107	-2.26233998348	0.552566421346	1.03150579736	0.329899723223	-0.0

Biplot	0	0

Site constraints	0	0
