Eigvals	11
0.836766011099	0.654642351176	0.317460052665	0.064081404897	0.0345106973742	0.0209752892924	0.0136488487295	0.00305944330904	0.0	0.0	0.0

Proportion explained	11
0.430182016708	0.336552110287	0.163206444655	0.0329442970035	0.0177419746949	0.0107834115262	0.00701688308836	0.00157286203697	0.0	0.0	0.0

Species	0	0

Site	11	11
MCT.f.0532	-0.250094298184	0.290312188922	0.310507968399	-0.0835688303006	0.0530209912583	0.0460099400328	0.0194758669155	0.0104332512115	-0.0	0.0	0.0
MCT.f.0533	-0.324499973128	0.285256293277	0.105065950596	0.048925350732	-0.0471078583558	-0.0841742118002	-0.0343500571507	-0.00800934258021	-0.0	0.0	0.0
MCT.f.0534	-0.25601150499	0.130596572916	-0.118130700662	0.110893393054	-0.0194286727473	0.0662411240164	-0.000137885923559	0.00756359516918	-0.0	0.0	0.0
MCT.f.0535	-0.226197833264	0.00335451956819	-0.22052596918	-0.00963222021678	0.0272902157835	0.00601202495381	0.0227946505965	-0.0374212275809	-0.0	0.0	0.0
MCT.f.0536	-0.194892450654	-0.119049786866	-0.294088674715	-0.0259769062255	0.0175223980284	-0.0228193477544	-0.0005505835613	0.0353175887271	-0.0	0.0	0.0
MCT.f.0538	-0.0649199097898	-0.340088287384	0.0196872145132	-0.111964280545	0.0626547281442	-0.0246193206275	-0.00685543646939	-0.00763603187179	-0.0	0.0	0.0
MCT.f.0539	0.0415160703976	-0.353385832991	0.109639653512	-0.00760221232541	-0.0614050965607	0.049979841099	-0.0709278690352	-0.00376141086757	-0.0	0.0	0.0
MCT.f.0540	0.0462250502594	-0.312098449127	0.159414382882	0.039931962129	-0.0785637348429	-0.0247443636277	0.0768350282133	0.00392068770035	-0.0	0.0	0.0
MCT.f.0541	0.368101282253	-0.0605159469813	0.0940210314639	0.141965828978	0.109815746967	-0.0216725401542	-0.0109806662333	0.00176036101363	-0.0	0.0	0.0
MCT.f.0543	0.420661872044	0.198856428733	-0.0995253467974	-0.0199046835153	-0.0252676109127	0.0409097700595	0.0174598589859	-0.00772737407538	-0.0	0.0	0.0
MCT.f.0544	0.440111695056	0.276762299933	-0.0660655100129	-0.0830674017636	-0.0385311067622	-0.0311229161975	-0.0127629063378	0.00555990315408	-0.0	0.0	0.0

Biplot	0	0

Site constraints	0	0
