Eigvals	5
110.845335239	54.0714148218	40.4428949723	34.4477679385	0.0

Proportion explained	5
0.462226475261	0.225478496064	0.168647392802	0.143647635874	0.0

Species	0	0

Site	5	5
MCT.f.0070	-2.64322777021	3.53415939329	-4.05438979064	1.85156781029	-0.0
MCT.f.0071	-0.595711192309	3.25408392403	2.03674406599	-4.14348500026	-0.0
MCT.f.0072	6.38905542827	-3.43871877081	-2.51538819859	-1.39637343054	-0.0
MCT.f.0074	-6.94730935462	-4.27837763382	0.990759158742	0.24736823959	-0.0
MCT.f.0075	3.79719288887	0.9288530873	3.5422747645	3.44092238092	-0.0

Biplot	0	0

Site constraints	0	0
