Eigvals	10
848.962818233	189.687186062	132.602598833	81.9411659538	75.5514538496	46.4503161341	30.3091862833	28.655321624	24.1711972907	0.0

Proportion explained	10
0.582146766431	0.130071399628	0.0909276265967	0.0561883085727	0.0518067854247	0.0318516909768	0.0207834717953	0.0196493915472	0.0165745590282	0.0

Species	0	0

Site	10	10
MCT.f.0461	-0.0539054093928	5.50641741381	6.93367480847	-1.30070652197	1.16198287916	-0.728075683606	-2.21739766966	-1.62822052713	-1.32765978924	0.0
MCT.f.0462	2.94271255115	0.968532261514	3.43111575962	6.1226263448	1.64997579035	-1.75421258872	1.22795215325	1.96235283393	1.12301395268	0.0
MCT.f.0463	-26.8945233838	-2.03294280827	0.343763521835	-0.0169107898914	-0.93002482691	0.258868912553	0.583118405007	0.122734774123	-0.128510635616	0.0
MCT.f.0464	4.10720302795	-3.40531007008	-2.64895655545	2.72030437169	-1.40103660275	-1.29979753591	0.532990276747	-4.15001627159	0.270059743603	0.0
MCT.f.0467	1.30689935392	-5.06537575926	-2.61852996594	0.243753886183	3.48306375532	1.60447755935	-3.57842862153	0.678162789105	1.16092531957	0.0
MCT.f.0468	5.80636991823	-5.233491424	-0.616432606364	-1.24417847397	1.60241503823	-0.435644284232	1.41816664379	1.10362783245	-3.63683970818	0.0
MCT.f.0470	4.01804367443	-1.58176759073	2.06566904693	-5.58246364812	1.48932304899	-0.819226826736	2.1143971931	-0.124816699388	2.52342612913	0.0
MCT.f.0472	3.13744539559	1.59183737234	-2.83809638985	-1.45884657018	-5.33705555646	-3.15589928848	-1.63266521726	1.76056020131	0.137567842312	0.0
MCT.f.0473	6.1956040174	0.0535551600395	2.32420603972	0.664140514908	-4.15874593762	5.1218138268	0.548340483501	0.343549593477	0.150567404903	0.0
MCT.f.0475	-0.565849145443	9.19854544462	-6.37641365896	-0.147719113458	2.44010241169	1.20769590898	1.00352635305	-0.067934526268	-0.272550259165	0.0

Biplot	0	0

Site constraints	0	0
