Eigvals	11
0.470484501555	0.438754448757	0.370179556329	0.360493310817	0.319546938094	0.240411576187	0.210023606683	0.186084051151	0.136109427115	0.113323319544	0.0

Proportion explained	11
0.165348536703	0.154197228249	0.130097054747	0.126692890494	0.112302569898	0.084490992153	0.0738113496265	0.0653979577647	0.0478347204437	0.0398266999211	0.0

Species	0	0

Site	11	11
sample1	-0.180785358216	0.200492132646	-0.307185056873	-0.0312675170111	0.169262458974	0.204689405829	0.122451885704	-0.00245477684001	-0.135300049701	0.0482340171725	0.0
sample2	0.145553666024	0.101590487425	0.153642166148	0.384719350217	-0.045340957902	0.137121286092	0.165043993592	-0.0786734840788	0.123247342147	0.0281529716035	0.0
sample4	0.230967083414	-0.240219798381	-0.112139756631	-0.0778948577671	0.249715224857	-0.0567556072237	-0.0970726712864	-0.0999251384324	0.092181102195	0.166245979455	0.0
sample5	0.174819574111	0.353014818673	0.0403569965917	-0.241090243214	0.0845314099195	0.0424289139888	-0.101484442999	0.00810348734673	0.133316123948	-0.144653862452	0.0
sample6	0.219582827279	0.193281253443	0.0362683567124	-0.0130178721751	-0.26384576262	-0.0608478856737	-0.0939194808449	0.155590278382	-0.117394793217	0.154573481534	0.0
sample9	-0.19328947302	0.0665779126347	-0.23385126428	0.28473730323	-0.030091507919	-0.239276066825	-0.170297529219	-0.0476464010264	0.0133059086442	-0.0785036310922	0.0
sample10	0.197795976786	-0.199957886623	-0.174116192185	-0.15334708821	-0.218411607887	-0.103011584656	0.226842191232	-0.0873252679382	-0.0341158764731	-0.10630272008	0.0
sample11	0.139217164262	-0.275685857107	0.117459876346	0.126882969077	0.155071166531	0.108320015505	-0.0846402715505	0.174805196176	-0.1326306739	-0.135126001069	0.0
sample12	-0.322518290986	-0.195798560315	-0.0393851884518	-0.0989630475811	-0.156396559571	0.104575728222	-0.00211685878	0.187070033575	0.184286331418	0.0330452383008	0.0
sample13	-0.20396078122	-0.0716226037235	0.230439583149	-0.10311830059	-0.132038939161	0.119840071274	-0.142090904367	-0.260057521299	-0.0918802884705	0.00402876395274	0.0
sample15	-0.207382388433	0.0683281013283	0.288510479473	-0.0776406959756	0.187545074778	-0.257084276534	0.177284088519	0.0505135941342	-0.0350151265918	0.0303057626744	0.0

Biplot	0	0

Site constraints	0	0
