Eigvals	14
399.965706842	341.98000894	198.203462607	124.001943517	99.6584527434	77.5597611442	61.5448157601	54.5583851211	42.8365553932	37.4243275262	26.3134938428	23.674263604	17.0998168877	0.0

Proportion explained	14
0.265789557998	0.227256271888	0.131712318878	0.0824031190537	0.0662261180203	0.0515408553291	0.0408984297856	0.0362557309748	0.0284662133011	0.0248696208234	0.0174861288811	0.0157322789219	0.0113633561445	0.0

Species	0	0

Site	14	14
MCT.f.0599	-2.74090254829	4.62606857375	6.25202905854	-0.864983845987	1.00514612476	-1.77855056256	1.57352053394	-1.58045376643	3.5335478459	-2.11137263882	-0.51341130777	-1.4118078926	0.194987071861	0.0
MCT.f.0600	-5.15275952754	4.37391501384	2.22790160169	-2.97512013785	-0.585980260862	-4.12612485798	1.48935818126	3.14110871907	-1.18303475233	1.52676910448	1.67866250354	1.22588394751	-0.276100802244	0.0
MCT.f.0601	-2.85018470638	4.34965600641	2.64559773195	3.39064463228	-2.6889163508	-0.440388398417	-4.49845919602	0.793711839525	-0.195046567903	1.35640031641	-2.5395268839	0.0995993528248	-0.488442044858	0.0
MCT.f.0602	-10.8889387756	-13.4612341892	-0.0853099465168	0.0495060879069	-2.47944813555	0.43158931129	1.20372002355	-0.326788890473	0.270160427466	0.151364769745	-0.455118222272	-0.206201659944	-0.10333430195	0.0
MCT.f.0603	-3.11683456827	0.429999039282	-4.20606357469	-0.0995118232716	0.894116673377	0.287795480627	-3.50148911677	2.20532326881	-0.611197476585	-2.95756794579	1.6317447646	-1.44161031671	1.20942231849	0.0
MCT.f.0604	-1.70842414108	2.1355099029	-2.58406401613	4.03613910268	2.6075406573	2.90156831399	1.39811490783	1.24238190252	2.61152654878	1.25865156954	0.156077904103	2.01808509869	1.49983780948	0.0
MCT.f.0605	-2.47528407064	3.82737470097	-1.99238877812	1.01700929748	1.9438137542	2.63997626098	0.998929052377	-1.07496875557	-0.744901654852	2.57229613727	1.15121899086	-2.68617031326	-1.50225856137	0.0
MCT.f.0606	-1.74516143454	2.19890939203	2.33171620799	-1.62141754533	0.253628182293	3.64429067222	-0.757783980189	-2.0671272553	-1.30081966772	-2.25685678023	0.79874831523	2.40441114919	-1.62598738087	0.0
MCT.f.0607	0.34402687536	0.562542888515	1.50755418634	-2.63051108331	1.61264299122	-0.276621703826	-0.0854621873298	-3.36093996919	-2.89689360253	1.16122030292	-0.795862725351	0.00160840624022	2.51475638999	0.0
MCT.f.0608	2.94229697218	2.14079015886	-4.09557772642	2.65108914049	-0.223076409999	-0.996664217487	3.94086914652	1.23255650221	-2.32394736345	-2.15411016684	-2.2615081853	-0.219143556907	-0.457911382836	0.0
MCT.f.0609	9.91024430855	-7.62572971788	7.2855992262	2.05167396119	2.94714035007	0.434303069896	-0.371170211508	2.17886226369	-0.755591568108	0.176605339868	0.504926880578	-0.363611140749	-0.22449270964	0.0
MCT.f.0610	4.06829915385	-2.9803397689	-5.39173712732	-5.95743865176	3.38396784286	-1.24545896872	-1.52281782779	0.222894119849	1.8589853168	0.705703732152	-1.58105764643	0.419176877582	-0.999606481419	0.0
MCT.f.0611	8.10352135779	1.29151965734	-0.433207971108	-3.32074432315	-6.89543230713	2.75074097952	0.895503983789	0.771854719129	1.05692491813	0.444134216523	0.424311759067	-0.472154421233	0.632860821655	0.0
MCT.f.0612	5.31010110458	-1.86898165791	-3.46204887239	4.27366518864	-1.77514311175	-4.22645537954	-0.762833309658	-3.37841469783	0.680287596412	0.126762042762	1.80079385304	0.63193446937	-0.373730746283	0.0

Biplot	0	0

Site constraints	0	0
