Eigvals	12
294.145826618	214.853150041	137.396338765	87.4513757559	61.9930782742	54.7231816763	39.4534532944	35.2707785136	24.6581518318	24.0862090048	18.217071499	0.0

Proportion explained	12
0.296443675597	0.216531569542	0.138469670454	0.0881345404868	0.062477364362	0.0551506757821	0.0397616612279	0.0355463116508	0.0248507797867	0.0242743689777	0.0183593821333	0.0

Species	0	0

Site	12	12
sample1	-5.17635308875	1.82260774142	0.957793151352	-3.72409615422	-2.85884081798	-1.36367520251	1.54945936082	-2.93719615618	-0.643252473746	-0.97516953358	-1.46190225413	0.0
sample2	-4.72586711576	1.89457639624	-2.9566539944	-2.81849130476	-3.5917573067	2.59292483774	-1.35399502118	2.7944927188	0.302182231473	0.0138097078806	1.10499522829	0.0
sample3	-3.43005306216	0.197758980054	-7.28220397967	4.2735844381	0.508256544497	1.39213068326	0.730900367203	-2.15438225042	0.338280581852	1.48830668632	-0.0807479602796	0.0
sample4	0.487045938513	-3.62418200968	-1.66422844277	0.267063698872	-0.0143255244101	-4.17727320096	1.6546470792	0.269923456188	0.583746846234	-1.29491219741	2.56082749688	0.0
sample5	1.28856566361	5.02603545875	-2.34681168945	-0.883155333178	3.6760963934	-0.161238234825	2.45923205696	2.69570531225	-0.39691406103	-1.00596412223	-1.46776789912	0.0
sample6	6.47651516946	0.447275061417	-1.60785679801	-1.64550143257	-0.669911297449	-3.5784575409	-2.36586207495	0.485968476391	-0.502733918192	2.58742554866	-0.908914096214	0.0
sample7	9.11697878229	-6.59704599963	-0.194749805073	-3.35407230951	0.795789948555	3.49823118124	0.947585208312	-1.1551877461	0.406801745348	-0.096374362629	0.140015751205	0.0
sample8	5.87775428327	6.36183995356	0.610904057505	2.47829857372	-0.208728121593	0.543553932672	-2.85934817013	-1.37678711838	0.290959830902	-2.51207666764	0.313260913387	0.0
sample9	0.710888263939	5.95536590821	6.25003722335	0.895106271145	0.0921416094529	1.02259484863	1.9561023529	-0.332412300448	-0.406929711968	2.20194507068	1.53313420785	0.0
sample10	0.576383623997	-4.50576976786	3.62048312785	4.4382720353	-2.89928734664	-0.102595055268	0.818838225484	1.68522112698	1.64681082431	-0.216257935565	-1.68129245269	0.0
sample11	-3.58058852036	-5.1009237989	1.74938030003	1.75728081551	1.12929379402	0.538591471777	-1.28177704572	0.479488909764	-3.87944028816	-0.484684299396	0.0684301856483	0.0
sample13	-7.62126993804	-1.87753792359	2.86390684929	-1.68428929841	4.04127212484	-0.204787720852	-2.2557823389	-0.454834428849	2.26048839298	0.293952104927	-0.120039120828	0.0

Biplot	0	0

Site constraints	0	0
