Eigvals	14
0.729075246357	0.577128505636	0.49931559257	0.399384600867	0.359413604976	0.326423865536	0.313623216247	0.278216634818	0.256352938403	0.20727241588	0.181329824665	0.136739109324	0.119645760504	0.0

Proportion explained	14
0.166306645088	0.13164663872	0.113897024286	0.0911021371275	0.0819845017935	0.0744593349248	0.0715394263847	0.0634629626715	0.0584757161312	0.0472801405293	0.0413624724541	0.0311910500837	0.027291949806	0.0

Species	0	0

Site	14	14
sample1	-0.0124094859972	0.188662669812	-0.182601034436	-0.0659150283342	0.330025886897	-0.169410124777	0.116790925189	0.029912854568	0.283691871024	-0.0445303303249	-0.0511046648863	0.0289897571578	0.0295471050761	-0.0
sample2	-0.0348333796237	-0.156227858034	-0.471333101526	0.213985313772	-0.0249456743282	-0.0921105172683	0.0476703596046	0.0454851093939	-0.219137697836	-0.0814033958194	0.00525595861908	0.092791029093	0.00520400244785	-0.0
sample3	0.178532625658	0.26644310586	-0.065547260491	0.0590275374284	-0.116164691471	-0.0185289945589	-0.22237540685	0.197751227525	0.078496615619	0.142911543648	0.209870408755	0.0350622151871	-0.063044201489	-0.0
sample4	0.0742972134091	0.206958173518	-0.0117165472165	0.290632094494	-0.230554316995	0.0685113799662	0.104977210211	-0.17041165699	0.125364941652	-0.12731727308	-0.0350860955917	-0.1520983993	-0.0460720515602	-0.0
sample5	-0.147595660972	0.253367825547	0.158188085214	-0.172794085928	0.058211559309	-0.0390985153279	0.226608993408	-0.0911367281532	-0.200988288143	-0.00772303146955	0.0874849729423	0.052144850002	-0.167652159862	-0.0
sample6	0.318883714078	-0.174114608389	0.0230062167916	0.0459006648876	0.088804554267	-0.0382284296435	0.140988085946	0.0576939057547	-0.0804149283848	0.279768256456	-0.115213201127	-0.141557788702	-0.0265103110212	-0.0
sample7	0.2176120224	-0.23066078058	0.127677907342	-0.0228758103973	0.143219821481	0.252864519104	0.114190770657	0.138526180369	-0.000575365619961	-0.176607224926	0.180966419228	-0.0400177933633	0.0610733642085	-0.0
sample8	-0.281692138612	-0.310375894831	-0.0818681610898	-0.108531805746	0.0846719236461	-0.0756689050196	-0.222429692355	-0.211286314741	0.0428037587804	0.0180494607644	0.120657503875	-0.136144751593	-0.0595544041768	-0.0
sample9	0.240348830811	-0.331296027767	0.168197081489	-0.0854443178104	-0.211012391483	-0.138648473344	0.00941966123041	-0.0398852931817	0.147618302677	-0.0518422671066	-0.0684589598712	0.173149458207	-0.0791585662345	-0.0
sample10	-0.197885293989	0.0427854930858	-0.220504590941	-0.372081140511	-0.257599932551	0.180357520708	0.069431490345	0.0915236322205	0.0358085485344	0.0361032077924	-0.0830218495733	-0.0387798827722	0.067079558192	-0.0
sample11	-0.340918018394	0.00343501109829	0.298459994214	0.0864610480565	-0.0747939461325	-0.262947190064	-0.0232425784014	0.224361890249	-0.0648318579534	-0.0665521551711	-0.0369807191108	-0.0716664334328	0.0972933253156	-0.0
sample12	-0.38567614203	-0.0552078423526	0.126688639366	0.239454356155	0.0694800335944	0.253322125101	0.015627775995	-0.0578027386751	0.0737711783596	0.165956049436	-0.0319261481057	0.143731116227	0.034489277522	-0.0
sample13	0.253839401373	0.167242780477	0.0746025724935	-0.0720787613011	-0.0105133357817	-0.0681742004164	-0.0737434292213	-0.257265373186	-0.112122003487	0.0355044198611	0.0402509269755	0.0524165012478	0.222466304118	-0.0
sample14	0.117496311888	0.128987952556	0.056750198791	-0.0357400647651	0.151170509548	0.147759805542	-0.303914165758	0.042533304847	-0.109485075221	-0.12231726006	-0.222694552128	0.00198012204134	-0.0751612425359	-0.0

Biplot	0	0

Site constraints	0	0
