Eigvals	16
0.704317189127	0.694976752407	0.52173757146	0.446246041538	0.329188937916	0.29664349978	0.19506276486	0.105342780443	0.085407924413	0.0561405420625	0.0300950182934	0.0059915148	0.0	0.0	0.0	0.0

Proportion explained	16
0.202905976448	0.200215100146	0.150306812074	0.128558538954	0.0948356847096	0.085459704674	0.056195420733	0.0303480875625	0.0246050764725	0.0161734679791	0.00867004123611	0.00172608901169	0.0	0.0	0.0	0.0

Species	0	0

Site	16	16
MCT.f.0427	-0.181685362703	-0.403011536047	-0.162477887036	0.0553449247582	-0.173229231849	0.0912043188419	-0.20647333434	0.0635829678855	-0.110856777004	0.00278468879488	-0.0445049604544	-0.00491820701757	0.0	0.0	0.0	0.0
MCT.f.0428	-0.170415675747	-0.383743785638	-0.132957169782	0.0606636233243	-0.0228615069558	0.127791164705	0.0758704060399	-0.0285295504047	0.137605109499	-0.00380884234702	0.0744098067249	0.0140696329104	0.0	0.0	0.0	0.0
MCT.f.0429	0.0837626527814	-0.295696475475	0.220178770118	0.0235177726963	0.157900865653	0.110364971852	0.181791976995	0.0249156482157	0.0500134323005	-0.0338796646988	-0.0634736895035	-0.0124060446894	0.0	0.0	0.0	0.0
MCT.f.0430	0.274844562528	-0.119869585514	0.36478694371	-0.0917967493525	0.106353443516	0.060478059862	-0.0031330275589	0.02587273113	-0.125970507297	0.0103140773422	0.0188260807807	0.00876648871121	0.0	0.0	0.0	0.0
MCT.f.0431	0.349255407545	-0.0197791325943	0.153115794054	-0.16531289501	-0.165029314604	-0.0462881928127	-0.178668986787	-0.0581349210262	0.0648608150527	-0.0419788937256	0.055298497583	0.00559862731943	0.0	0.0	0.0	0.0
MCT.f.0432	0.321010050815	-0.00784116445448	-0.0998961123413	-0.017092244463	-0.176920306029	-0.151752490116	0.029085833223	-0.00144989101085	0.094392414291	0.0840227852707	-0.0613692681184	-0.0229308981129	0.0	0.0	0.0	0.0
MCT.f.0433	0.118780260509	-0.0919357992685	-0.216719912013	0.0647608697685	-0.0664049618351	-0.271196282325	0.208692542594	0.0229051399713	-0.111685705487	-0.0024172537423	0.0294849917727	0.0168764679526	0.0	0.0	0.0	0.0
MCT.f.0434	0.0857009758836	0.0237844302494	-0.240714156711	0.0372314845891	0.267388162734	-0.0999044844648	-0.0858706756592	-0.0852375054907	-0.0160257970101	-0.0927771536907	0.000847816620496	0.00393686128182	0.0	0.0	0.0	0.0
MCT.f.0435	0.0544471541061	0.0878150223851	-0.175227497411	-0.00999519252355	0.298906554673	0.00795038071919	-0.119189950357	0.000636042525415	0.0359012561623	0.0519228107873	-0.0299302960847	-0.00434218270315	0.0	0.0	0.0	0.0
MCT.f.0436	0.0100764916255	0.228723546541	-0.118539502775	-0.179661041546	0.0595554969619	0.137817355306	0.0117833007884	0.167611726773	0.00994835111192	0.0869342407421	0.0350022611478	0.0189207761151	0.0	0.0	0.0	0.0
MCT.f.0437	0.0208015829605	0.303789841273	-0.124353382989	-0.0541077131824	-0.130415544738	0.163958899403	0.077885344333	0.0700157998624	-0.0084102205194	-0.102681169827	-0.0101562480418	-0.0164227907392	0.0	0.0	0.0	0.0
MCT.f.0438	0.0439844540491	0.25953429286	-0.0388666969835	0.137444835229	-0.113961788304	0.215876403727	0.0499285308597	-0.129993626259	-0.0401613781076	-0.0233141393181	-0.0142713893526	0.00357072727199	0.0	0.0	0.0	0.0
MCT.f.0439	-0.081436564805	0.15897628899	0.16193522023	0.397070093128	-0.0191923027765	0.0173546511122	-0.0264701084026	-0.0694724307471	-0.00866389623393	0.0933370462522	0.00443055129874	0.0132701424801	0.0	0.0	0.0	0.0
MCT.f.0440	-0.215295340135	0.124706924081	0.19770350166	0.233377541831	0.023407661084	-0.172916948322	-0.0570005494408	0.128620322071	0.0319366188868	-0.048696233203	0.0451039320824	-0.0308843128661	0.0	0.0	0.0	0.0
MCT.f.0441	-0.352688143695	0.114572885842	0.170277313623	-0.174179583365	-0.0623334299729	-0.152478613891	-0.0122518108278	-0.00189686624957	0.0523890734559	-0.038871695658	-0.0709871703533	0.0413162811565	0.0	0.0	0.0	0.0
MCT.f.0442	-0.361142505719	0.0199742467699	0.0417547746482	-0.317265725881	0.0168362024439	-0.0382591935953	0.0540205085403	-0.129445587247	-0.0552727891008	0.0591093970215	0.031289083898	-0.0344215690709	0.0	0.0	0.0	0.0

Biplot	0	0

Site constraints	0	0
