Eigvals	16
598.892537406	302.596877775	205.940765096	135.264968151	126.773537399	74.7680806326	72.7721091002	64.0394097159	45.9140610763	41.0627772403	39.8305728207	28.4721616232	23.6635673698	21.5005553836	16.3032489522	0.0

Proportion explained	16
0.333126113307	0.168315541597	0.114551847557	0.0752393631451	0.0705161162418	0.0415887635008	0.0404785305336	0.0356210811201	0.0255390938393	0.02284063088	0.0221552333446	0.0158372661982	0.0131625487588	0.0119594017316	0.00906846824515	0.0

Species	0	0

Site	16	16
sample1	-9.52182993311	1.30073012143	1.40471606958	-0.935181443514	2.8029523477	-0.0505083188607	-2.82731494671	-1.45541740087	-0.561556595434	0.874764029556	-1.20422800606	3.50538184219	1.17330453036	0.397722680923	0.0929455668196	0.0
sample2	-5.20047574336	7.0778789488	-0.590589446427	0.200327636063	0.817618364536	-2.81450159479	0.852454081304	-4.42141629556	1.88848406498	-0.243394215746	0.799832190163	-1.38670602694	-0.749524236646	-0.258227402917	1.33164447517	0.0
sample3	-4.45240323399	2.51803179346	0.567419969416	-2.10402809566	5.00943937454	2.66773168413	-1.76809905823	2.35640315745	-1.23250668048	0.420577962757	-1.62405924822	-2.87087409856	0.0714693639829	-0.670013236896	0.445551549417	0.0
sample4	-4.64779207544	-6.08018134615	-0.643166003133	-3.69072353321	-0.168194739251	1.251899273	-1.8987677506	1.13039649755	3.39703967806	-1.02597236176	2.65830213544	0.380907882403	-1.08393037417	-1.17094075374	-0.459742780384	0.0
sample5	-5.42792592996	4.8482952308	2.35090905851	0.166626183029	-2.13963057874	2.00398585296	1.76988052098	1.45371471722	0.353453623704	-0.878248357727	2.21198680509	-0.58161394008	1.68026528238	2.5966369443	-0.682581060453	0.0
sample6	-5.97729509597	-7.99460632295	6.67779038202	7.07831230057	0.571444347576	-0.649840318425	1.06658153129	-0.0708545770056	-0.271534018264	-0.823186172494	-0.617503642421	-0.520312966504	-0.643761168527	-0.108972642512	0.0903047595021	0.0
sample7	1.72555111873	3.2124124321	2.460080096	-3.5014463639	1.1806982746	-2.44846392494	4.34167528521	2.73101336693	-1.39036311031	-2.07975048704	-0.329928648833	1.53891816046	-0.838906637846	-0.999545189558	0.188026292681	0.0
sample8	-1.44668511022	-0.459656542531	-1.0923705111	-1.20003368862	-3.87098183313	4.09239276353	3.0371884377	-3.11854436392	-0.313400180899	0.415395736954	-1.87697719009	-0.0135053231202	0.385568467133	-1.58706653549	-1.12636397757	0.0
sample9	-4.28757372547	-4.42128525934	-0.978424658503	-3.31028829972	-3.88762022567	-3.80792408351	-1.01889570944	-0.145065573163	-3.20198508405	2.19998965645	0.892088797105	-1.14801433108	-0.164229488794	0.319571493471	-0.502178615443	0.0
sample10	10.2939011028	2.89532569841	6.23360036262	0.744239773272	-1.40374682194	-0.110842009551	-0.387113982091	1.29240100898	1.64712303384	3.70681606534	0.63939314106	0.288672938425	0.759572174998	-1.02547593364	0.511394962103	0.0
sample11	9.55592696406	-4.52972226847	1.57943074519	-3.36199233987	-1.39597033267	-1.19893732226	-1.53616309244	-1.05122675247	1.41522778361	-2.32564874726	-2.65118794898	-0.649624226967	1.19226764012	1.37828382868	0.601727256043	0.0
sample12	-0.714334572213	4.70370874326	-3.4002784123	2.57628230964	-3.95793558085	0.214780239333	-1.71701660022	2.28131140579	0.966931173049	0.352270266671	-2.24405872918	0.569667214085	-2.65832853935	1.03287200489	-0.217074845473	0.0
sample13	10.0802798326	1.5186070101	1.11152718502	1.04938954668	0.471391099519	2.61576648289	-2.42790027266	-2.18645676682	-3.15789493148	-1.53149351917	2.30771685519	0.514666719678	-1.32238328639	0.139654587896	0.286229038742	0.0
sample14	6.82696850042	-1.12824067738	-2.94421844389	0.860352669669	5.87272629514	-1.39219384452	1.41256581299	-0.959526856094	0.879443133461	1.2377801523	0.00839638750548	-0.156983741641	-0.427343608452	0.983212149455	-2.42409468785	0.0
sample15	1.6325748844	2.10377593649	-5.80500265747	4.50926872974	-1.05305155297	-1.93779723548	-1.6837581966	1.39611952188	-0.266582196143	-1.73523066413	0.465665612504	-0.135024722434	2.30889418462	-1.84593674115	-0.430725784317	0.0
sample16	1.56111301673	-5.56507349804	-6.93142373553	0.918894615845	1.1508615616	1.5644523565	2.78468393951	0.767148910097	-0.151879693635	1.43533065529	0.564561489721	0.664444620089	0.317065696569	0.818224746295	2.29493785102	0.0

Biplot	0	0

Site constraints	0	0
