Eigvals	11
185.712280745	111.675269497	87.387721768	62.8121569056	53.8536531712	39.956495224	25.9105777693	23.5053631222	16.2483725197	13.5430387714	0.0

Proportion explained	11
0.299243966523	0.179945830576	0.140810550505	0.101211179481	0.0867760641462	0.0643831418751	0.0417505187889	0.0378749217176	0.0261815073447	0.0218223190436	0.0

Species	0	0

Site	11	11
MCT.f.0362	-5.24877958837	0.124008985319	0.209200194569	-1.40895330167	2.72809970831	-0.503486245267	-2.87065734748	0.656625415188	1.8624527605	0.679480291805	0.0
MCT.f.0363	-5.54560989925	1.13281710963	6.35838127245	-1.70822795948	-0.263868950055	1.62473532309	1.5276029263	-0.672276871954	-0.817865234601	0.262500377	0.0
MCT.f.0364	-2.76867494593	-2.04347247816	-2.70445798167	0.232663600294	0.581260158259	1.81803138304	-1.67312157979	0.0388557613917	-2.25579327835	-1.7862261373	0.0
MCT.f.0365	-2.00730214247	-4.07727995619	-3.5335753868	1.0845649482	-0.184183058307	0.59801471244	1.43606664664	0.424065535125	-0.619030699971	2.48648671813	0.0
MCT.f.0366	-2.10231164486	-1.09711726787	-2.62706547662	-1.0182156765	-0.545789395731	0.267977232786	2.65655997158	0.380786263196	2.07136135858	-1.76146692348	0.0
MCT.f.0368	-2.50174964039	5.50411347893	-0.90257825868	4.89135794212	-2.88937457999	-0.289833245553	-0.580516970794	-0.900478248929	0.370783562579	0.103782067047	0.0
MCT.f.0369	4.35466462984	5.41267818897	-1.5452806058	-3.73572200089	-1.38366045555	0.392665428605	-0.0736897214542	2.24782953197	-0.636359625234	0.460099394169	0.0
MCT.f.0370	7.3190781037	-0.451537881846	-0.0866600389737	-0.690610103421	0.746522752752	2.79819089187	-0.584389188551	-2.8278011606	0.849703787834	0.308209691996	0.0
MCT.f.0371	5.18683825865	-1.90132011682	3.61592963355	3.90303803003	1.73849884964	0.322486851679	0.186898889596	2.49921709971	0.202957586312	-0.392379983744	0.0
MCT.f.0372	1.89083161856	-4.58581600625	1.87074275591	-1.42650377455	-4.24433152572	-3.03762580192	-1.1738889583	-0.431279529282	-0.00707057595941	-0.185755866752	0.0
MCT.f.0374	1.42301525052	1.9829259443	-0.654636107954	-0.123391704122	3.71682649641	-3.99115653077	1.14913533226	-1.41554379582	-1.02113964168	-0.174729628872	0.0

Biplot	0	0

Site constraints	0	0
