Eigvals	11
0.599089736044	0.518012619179	0.361023550096	0.319750962553	0.204268417392	0.188949431856	0.180130705923	0.113649519085	0.0958427137938	0.0698987156291	0.0

Proportion explained	11
0.226019028055	0.195431004176	0.136203621909	0.120632682264	0.0770644969919	0.0712850919823	0.0679580447237	0.0428766381678	0.0361586515583	0.0263707401717	0.0

Species	0	0

Site	11	11
sample1	-0.114974009575	0.175863879682	0.28417151639	0.00333852503688	-0.084153986031	-0.0679919733948	-0.165158633159	-0.0932971719246	0.0957831392167	0.124211460268	0.0
sample2	0.0282044628822	0.316606013736	-0.203821039664	-0.0459651865185	0.0969087767418	-0.0329177018273	0.0162051795056	-0.172120908263	-0.162115745007	0.0177739496972	0.0
sample3	0.0442398803962	0.196076489995	0.158075079758	-0.291945952424	-0.118346917284	-0.0228164228635	0.258159320846	0.0668796178544	0.0164681120454	-0.0293655632814	0.0
sample4	-0.174821566913	-0.0654867397198	-0.243471175	-0.0307038731313	-0.0594198325997	-0.0833970173425	-0.0331229140173	-0.0958565205159	0.164892874966	-0.134271956224	0.0
sample6	0.108287496152	0.323095811564	-0.223029625662	0.174265597521	0.0502257287968	0.0193458669836	-0.0296266678356	0.198898189758	0.0727571508902	0.0478174892818	0.0
sample7	-0.370828478815	-0.119120435122	0.167346893963	0.109560432528	0.205650450274	-0.190565546052	0.0347458910955	0.0838359733491	-0.0667009343763	-0.0399617211726	0.0
sample8	-0.293735419437	-0.00146813129079	0.0816367214399	0.162667970874	-0.0662711341957	0.336156794947	0.0332717244196	-0.0194831251936	-0.0358446622895	-0.0386849464081	0.0
sample11	0.175205890143	-0.143025442845	0.0409299416811	-0.313230008927	0.20389992596	0.136056574365	-0.179375998097	0.0444858969186	0.0100890943758	-0.0240534462716	0.0
sample13	0.393098879046	-0.0537602749143	0.130360295269	0.15928505798	-0.175211707613	-0.0760472204685	-0.114703256055	0.0250141414776	-0.0975167466348	-0.10591683517	0.0
sample14	-0.132638867284	-0.361817276985	-0.224376677253	-0.0987095719981	-0.180520699384	-0.0373985935856	-0.0106804325042	0.0561523727211	-0.0772795239012	0.118075483045	0.0
sample16	0.337961733405	-0.266963894099	0.0321780690777	0.171437009058	0.127239395335	0.019575239239	0.190285785801	-0.0945084661817	0.0794672407142	0.064376086236	0.0

Biplot	0	0

Site constraints	0	0
