Eigvals	11
0.592055553822	0.508779017429	0.4399629283	0.340969991464	0.326896551204	0.213499126765	0.118972418044	0.104998657004	0.0646376916761	0.0	0.0

Proportion explained	11
0.218408471042	0.187687872494	0.162301712846	0.125783356015	0.12059168346	0.0787595311699	0.0438887596838	0.0387338586552	0.0238447546342	0.0	0.0

Species	0	0

Site	11	11
MCT.f.0241	-0.336284414356	0.0874467111526	0.0446874375426	-0.179989169909	0.00720086854832	-0.195524684776	-0.197553646426	0.0189711233581	0.000172219480264	-0.0	0.0
MCT.f.0242	-0.387799603522	0.154495105007	0.0480298009874	-0.164569784478	-0.00847516548262	-0.00056739809769	0.151440867418	-0.0346540874579	-0.000876796035508	-0.0	0.0
MCT.f.0243	-0.202431668394	0.269021719972	0.0737072028982	0.207676426899	-0.0591404365685	0.217461346225	0.0666694525866	-0.0115778367893	-0.00673509400166	-0.0	0.0
MCT.f.0244	0.169411906272	0.295783466546	-0.0282869099301	0.302976770244	0.0258303438173	-0.0251903722696	-0.140377425329	0.0380260405947	-0.0130657568	-0.0	0.0
MCT.f.0245	0.353510285857	0.218820758515	-0.110203127251	-0.0850416376605	0.00901754165242	-0.230472069191	0.152824150367	0.0300239869418	-0.0503854903724	-0.0	0.0
MCT.f.0247	0.103460445076	-0.101863267406	0.100103131773	-0.0949426265523	0.489373374553	0.118595416943	-0.00353541812037	0.0459273881261	0.0111086707433	-0.0	0.0
MCT.f.0249	0.0911067206153	-0.274963892746	0.303447354894	-0.0209218667171	-0.168664396137	0.0488806954561	-0.0168669141132	0.0414538573473	-0.163676196742	-0.0	0.0
MCT.f.0250	0.156071099159	-0.14374405468	0.338878085577	0.0703292187354	-0.102686646496	-0.0885782478236	0.0270148269169	-0.0680508155568	0.167194251744	-0.0	0.0
MCT.f.0252	0.261664692588	0.0594469818225	-0.215800659676	-0.294408641798	-0.169187095096	0.213245924473	-0.0832249803535	-0.0692323369582	0.0361937615104	-0.0	0.0
MCT.f.0254	-0.0916977213538	-0.286937201104	-0.276147193017	0.17816600429	0.075409612362	-0.0662084359722	0.00447373743353	-0.204803498508	-0.0424219238829	-0.0	0.0
MCT.f.0255	-0.11701174194	-0.277506327079	-0.278415123798	0.080725306946	-0.0986780011525	0.00835782503238	0.0391353496193	0.213916178902	0.0624923543566	-0.0	0.0

Biplot	0	0

Site constraints	0	0
