Eigvals	13
204.04046902	123.003269713	111.718231365	67.6856480864	58.2165714802	47.1681104464	32.7571836722	26.3390761357	23.2536427471	21.7595724062	16.0653627693	12.8620362928	0.0

Proportion explained	13
0.273927927353	0.165134058414	0.149983695453	0.0908691760068	0.0781567737018	0.0633240199545	0.043977096663	0.0353606741296	0.0312184254022	0.0292126096257	0.0215680327864	0.0172675105098	0.0

Species	0	0

Site	13	13
MCT.f.0360	-4.3365819319	0.845486489876	0.385726108539	-1.52070075501	0.0201359972154	-1.87549648619	1.54704965772	-3.20727888356	1.86057372865	-1.17706992135	0.458820350288	0.575656752244	0.0
MCT.f.0361	-1.51725074708	6.87813641189	-0.856619955286	-1.77826283178	1.71326828201	-1.52179247493	1.52045898973	1.65124096103	-2.01861811763	-0.66829755166	-0.218540529209	0.141231519185	0.0
MCT.f.0362	-4.67907649846	-1.3158862747	0.104342828204	0.200767066975	-2.96091594664	-0.394679540362	1.22380761633	2.53095916503	1.29266306051	0.913893413121	1.81470001236	-0.743334249625	0.0
MCT.f.0363	-5.56042371996	4.39257188515	0.177861827154	1.677394527	-2.24288675966	1.40982457499	-3.15109043293	-1.07368426752	-0.289391354876	0.763882499775	-0.821043794051	-0.567220478947	0.0
MCT.f.0364	-2.00466652053	-3.36377077503	-1.65410414154	-0.76517905622	0.548562927794	-1.79487746668	-0.477502697165	1.35043895956	0.992178673192	1.1570942755	-2.46805427211	1.36829283678	0.0
MCT.f.0365	-1.07376578485	-4.53267838728	-3.50998758982	-0.444931507371	1.46623829813	-0.839362268941	-0.531334413918	-0.364148677387	-0.974903832265	-1.39529128729	-0.409912511504	-2.35412837208	0.0
MCT.f.0366	-1.22818509656	-3.37218984498	-0.706995538542	-1.34721529174	0.15581318631	0.929561217826	-2.00944649466	-0.0672105562892	-1.93537636583	-0.677251343088	1.80202653139	1.84787222965	0.0
MCT.f.0368	-1.88220915028	-1.17494791554	5.57190937196	3.27172271521	4.74590669937	0.63247271865	0.442834174812	-0.0542154376053	-0.054934585897	1.01363862326	0.327524842674	-0.194781347054	0.0
MCT.f.0369	4.59389760089	0.31274297228	5.55300069467	-3.81545039981	-0.583745732152	1.35876890697	-1.24463055434	0.963009297959	1.23549142489	-1.48616145385	-0.522607369779	-0.455308047555	0.0
MCT.f.0370	7.51059004633	0.833050262806	-0.364714282013	-1.25544556125	-0.331856488608	-2.65831374741	-0.727798330576	-1.21349108141	-0.332743295114	2.67897721831	0.816171530708	-0.462866131833	0.0
MCT.f.0371	5.68019272427	1.57528810704	-2.15961711872	5.12335715881	-0.370938351189	-1.10517905616	-0.682240132832	0.704592423373	1.17960260134	-1.89949016967	0.286872232237	0.545436090208	0.0
MCT.f.0372	2.30570598861	1.11744694294	-4.82922249116	-0.987923838634	1.52446016579	4.76017827081	1.34752640451	-0.324898456366	1.07105293128	0.858196074132	0.0310529818071	0.0952099878922	0.0
MCT.f.0374	2.19177308953	-2.19524987447	2.28842028655	1.64186777381	-3.68404227837	1.09889535143	2.74236621332	-0.895313446814	-2.02559486825	-0.0821203771839	-1.09701000481	0.203939211133	0.0

Biplot	0	0

Site constraints	0	0
