Eigvals	11
0.403941463376	0.228758040118	0.0628887209017	0.0494771598875	0.010717004447	0.00459462659157	0.00198460773357	0.0	0.0	0.0	0.0

Proportion explained	11
0.529855453317	0.300064999601	0.0824919814952	0.0648998564346	0.014057638951	0.00602683352968	0.00260323667083	0.0	0.0	0.0	0.0

Species	0	0

Site	11	11
MCT.f.0260	-0.24602310594	0.178160619875	0.130310092729	-0.0760968832102	0.0363581503078	0.0162913030619	0.000765649334661	0.0	0.0	0.0	0.0
MCT.f.0261	-0.240042326769	0.156781454112	-0.0510008984061	-0.043166464074	-0.0538315957564	-0.0243683726015	-0.00293635583624	0.0	0.0	0.0	0.0
MCT.f.0263	-0.170800075328	0.0689940988164	-0.08108300938	0.0679693415077	0.0127858766914	-0.0100265004144	0.0175190623996	0.0	0.0	0.0	0.0
MCT.f.0264	-0.174174859216	-0.0497817067713	-0.0616619372884	0.0657969074812	0.0159610731038	0.0268514884388	-0.0126615826684	0.0	0.0	0.0	0.0
MCT.f.0265	-0.0866084692261	-0.176473581849	0.0389380660626	0.0817711993248	0.0121195161735	-0.0286978566826	-0.0170977413639	0.0	0.0	0.0	0.0
MCT.f.0266	-0.0176526313415	-0.221582316519	0.00827793248038	-0.000435518986023	0.00980289950656	0.0136084283909	0.0257597957688	0.0	0.0	0.0	0.0
MCT.f.0267	0.00738691073216	-0.206703847581	0.0418679627816	-0.0687398266375	-0.0557840974078	0.0177986867629	-0.00727780688819	0.0	0.0	0.0	0.0
MCT.f.0269	0.188297627612	-0.0638702725658	-0.0217003494536	-0.0999195356578	0.0470126187647	-0.0276894863432	-0.00796483146127	0.0	0.0	0.0	0.0
MCT.f.0270	0.226272323988	0.0596412846646	-0.118518219872	-0.0558573141364	-0.000899993823242	0.00742498822849	0.00615971589435	0.0	0.0	0.0	0.0
MCT.f.0271	0.257180642594	0.159998800682	-0.00795276611151	0.0580479981845	-0.000888563149313	0.0234784764614	-0.0151926821727	0.0	0.0	0.0	0.0
MCT.f.0272	0.256163962895	0.0948354671362	0.122523126458	0.0706300962037	-0.022635884411	-0.0146711553027	0.0129267769934	0.0	0.0	0.0	0.0

Biplot	0	0

Site constraints	0	0
