Eigvals	6
908.797993518	164.94929654	99.5692549425	81.3890157946	36.0053432144	0.0

Proportion explained	6
0.704106543685	0.12779724416	0.0771429563609	0.0630575100449	0.0278957457495	0.0

Species	0	0

Site	6	6
sample1	-4.56918448387	1.2289751809	7.0566276218	-4.79753799455	-0.811623123082	0.0
sample5	-9.71230354549	5.55629076732	-6.36564745072	-3.31849852427	0.0604833071662	0.0
sample6	-7.23568479448	-2.38636662685	-0.338531918322	4.36769040911	-4.26690115657	0.0
sample10	-8.57036181983	1.76383317288	2.03789975769	4.75488811701	3.86156145028	0.0
sample13	25.4157391661	4.15641864939	-0.163846463855	1.10420661804	-0.303839638131	0.0
sample16	4.6717954776	-10.3191511436	-2.22650154659	-2.11074862534	1.46031916034	0.0

Biplot	0	0

Site constraints	0	0
