Eigvals	13
0.498382160813	0.447289148771	0.227609121785	0.189574627263	0.0913770030976	0.0808486853333	0.048882232316	0.0260146240344	0.0163322269532	0.000828129787037	0.0	0.0	0.0

Proportion explained	13
0.306293733548	0.274893192664	0.139883112163	0.116508023232	0.0561581164814	0.0496876646684	0.0300418486404	0.0159879645558	0.0100373953243	0.000508948723044	0.0	0.0	0.0

Species	0	0

Site	13	13
MCT.f.0258	-0.200598805244	0.202749456492	0.116030604267	-0.0807390525182	0.0564883976441	-0.139150195598	0.0135055391568	-0.0923904550089	0.0188495792618	-0.0021369380138	0.0	0.0	0.0
MCT.f.0259	-0.205579709596	0.222079702503	0.0963710136462	-0.0535849116167	0.024214646716	-0.0133684796697	0.0206009505812	0.0766041787477	0.00563034317835	0.00791692647157	0.0	0.0	0.0
MCT.f.0260	-0.172637858943	0.299369130207	-0.117668925457	0.131928422789	0.0433373004127	0.0482803675731	-0.0153980320298	0.0560684139447	-0.00231478923539	-0.00423521140689	0.0	0.0	0.0
MCT.f.0261	-0.209812577933	0.0334511499506	-0.197161881749	0.0809476481357	-0.0766356583871	0.114537527529	-0.00242450150928	-0.0768707496933	-0.0159097628216	-0.00294027227501	0.0	0.0	0.0
MCT.f.0263	-0.109058896429	-0.149988123757	0.0134154157868	-0.147037130072	-0.167818670222	-0.027754665526	-0.0499157219522	0.0387665142859	0.0401068037237	-0.011227996154	0.0	0.0	0.0
MCT.f.0264	-0.10384155157	-0.213198489209	-0.0528904127214	-0.184927083083	-0.00680591685713	0.0687732574024	0.0594115521083	-0.00274708627188	0.00375056072971	0.0134325177788	0.0	0.0	0.0
MCT.f.0265	-0.0697417111628	-0.240167016704	0.0961324405093	-0.0442483334127	0.123793279375	0.038168861849	0.0582510708692	0.0121908925269	-0.0603569372413	-0.010263483454	0.0	0.0	0.0
MCT.f.0266	0.0161839986301	-0.286119317678	0.00396260578493	0.189005573493	0.103865109621	-0.0203840067219	-0.017646258658	0.00644746106766	0.0646895769691	-0.00461147628848	0.0	0.0	0.0
MCT.f.0267	-0.00858064780062	-0.173327773268	-0.105332941448	0.142635270328	-0.0568716246621	-0.158399155629	-0.0308193246602	0.0108546307155	-0.046257617118	0.0116358929698	0.0	0.0	0.0
MCT.f.0269	0.308723234645	0.0886528274896	-0.135831676589	-0.173388604767	0.0793896960053	-0.0150017800854	-0.114157680028	0.000266530449475	-0.0278906466768	-0.00365311742818	0.0	0.0	0.0
MCT.f.0270	0.366342526729	0.102684085828	-0.134697292566	-0.0148150338266	0.013271869702	0.00196963094958	0.0999417171498	-0.00476443900123	0.0459466955325	0.00319691385852	0.0	0.0	0.0
MCT.f.0271	0.261958628019	0.0999440660843	0.158874738243	0.0872992828991	-0.125272175823	-0.0118043259389	0.073314975965	0.00224675169519	-0.0338980224655	-0.00686570981832	0.0	0.0	0.0
MCT.f.0272	0.126643370654	0.0138703020605	0.258796312293	0.0669239516514	-0.0109562535244	0.114132963865	-0.0946642869924	-0.0266726434577	0.00765421616342	0.00975195375985	0.0	0.0	0.0

Biplot	0	0

Site constraints	0	0
