Eigvals	14
0.574180194059	0.371314207705	0.355494962183	0.292665735422	0.278196297349	0.228099032994	0.217244225794	0.176834612331	0.163150040364	0.119039813899	0.0772425499328	0.0671812854593	0.0302652695421	0.0

Proportion explained	14
0.194577448664	0.125830483071	0.120469677412	0.0991781895287	0.0942748048889	0.0772979081166	0.0736194449572	0.0599254869098	0.0552880766907	0.0403400596497	0.0261758563771	0.0227663079603	0.010256255774	0.0

Species	0	0

Site	14	14
sample1	0.173742916067	0.00581975557848	-0.297992753649	-0.0521514588486	0.0488546522607	0.0265092720634	0.00756857584297	0.00730386846491	0.153354779194	0.0689324596929	0.0676977396348	0.0403413815871	-0.100988340927	0.0
sample2	0.214834959566	0.03821942383	0.0119621082265	0.0464918160481	0.108593866052	-0.0902995099712	0.0278412566033	0.155691316212	-0.247557011778	-0.0444601150342	0.0319672853067	-0.0975261415005	-0.046237995398	0.0
sample3	0.192844080975	-0.0125165767219	-0.164849552918	0.0622591233381	0.0643885307044	-0.0185130729091	0.138268120946	0.0822613307016	-0.043834759144	0.152026078635	-0.0653263112805	0.0760111078211	0.0926845183333	0.0
sample4	-0.184342941397	-0.0038138266512	-0.0275488327458	0.161590632341	0.219004423943	-0.209553833457	-0.14366676516	-0.192326670116	-0.0297876154904	0.00607781053595	0.0742544476356	0.0333152951115	0.0214720805568	0.0
sample5	-0.240296640903	-0.25580137758	-0.00253117446006	-0.170329269649	-0.177419208297	-0.0966999873647	-0.210030318279	0.135312616971	-0.0293528983993	0.100830619504	-0.00697079537643	-0.00594323482655	0.00125158970069	0.0
sample6	-0.415133633696	0.205220860047	0.0338540534882	-0.228877830769	0.210851288159	0.157961092764	0.0757385440847	0.0335126090682	-0.0470316210078	0.00480873756701	-0.0232919410127	0.0229858006929	-0.0081486916387	0.0
sample7	-0.0199402494026	-0.0504176051362	0.282004643467	0.165838706204	0.124055595694	-0.0675410657464	0.0274794392638	0.173106233121	0.22040116121	-0.0422659058401	-0.0534966265782	0.00279978335883	-0.012528401688	0.0
sample8	0.0402222609433	0.234394856685	-0.246047936385	-0.044170791829	-0.0853412463744	-0.0570133612472	-0.13145019596	0.0102222531283	0.0813500295455	-0.159360738989	-0.0917435262258	-0.0621480868941	0.0425806454132	0.0
sample9	-0.0759621991761	-0.39978125755	-0.111989208246	-0.0285747008274	0.0231860987744	0.0889009485516	0.177863374641	-0.0706271215549	0.017756598101	-0.138659771247	0.0297254339655	-0.0523344753941	0.026927083799	0.0
sample10	0.180703021458	0.0834123234766	0.141975271428	-0.00380817749385	-0.0102223427326	0.217461009015	-0.114098573762	-0.0279210779924	0.0653486663113	0.0816881667494	0.123743576678	-0.0972639328569	0.0558049872911	0.0
sample11	0.231173668891	0.0112944805535	0.158902468139	-0.111008502118	-0.0932050710633	0.0335558451191	-0.0542736186843	0.000194444540477	-0.0630025042938	-0.141464449091	0.0525386859822	0.172446647978	0.00666754142689	0.0
sample12	0.0724960322779	-0.0877637218852	0.0603870987704	0.147217774672	-0.0173250411285	0.189638604372	-0.111359743271	-0.148694353685	-0.0795296982794	0.0394859904841	-0.161572541469	0.00262229964945	-0.0502909124487	0.0
sample14	-0.288819438189	0.155570577072	-0.0256052049107	0.262897176438	-0.300937237563	0.0254505988768	0.136585660002	0.0182363669332	-0.0336206563887	0.00701309538628	0.0595690123031	0.0151633498652	-0.0148399256751	0.0
sample15	0.118478162585	0.0761620882815	0.187479019796	-0.207374497507	-0.114484308428	-0.199856540067	0.173534243733	-0.176271815792	0.0355055304194	0.0653480216468	-0.0370944395636	-0.0504697945923	-0.0143541787458	0.0

Biplot	0	0

Site constraints	0	0
