Eigvals	13
0.691317652723	0.53086034241	0.453911224459	0.403784340135	0.29103096132	0.265630782227	0.216802813465	0.18466853937	0.143927298167	0.13421295709	0.0945678824979	0.0828706787886	0.0

Proportion explained	13
0.197881992049	0.15195287093	0.129927041434	0.115578778105	0.083304377007	0.0760338581399	0.0620573949491	0.0528593162571	0.0411975889222	0.0384169667925	0.027069004963	0.0237208104503	0.0

Species	0	0

Site	13	13
sample2	-0.133006403739	0.222613653067	0.252673147771	-0.126536515662	-0.0443921115546	0.280765351033	-0.189243010818	0.0840208321734	0.0923072701896	0.0134855781976	-0.0724322198034	-0.00837916715994	-0.0
sample3	0.333346771506	0.317729485618	-0.0983957417378	-0.076536559213	0.0109496115692	0.0317644831982	-0.0101666273091	-0.147518313047	-0.095864249441	0.0191762885011	0.0594643285779	-0.160235543139	-0.0
sample4	0.3359271339	0.134145275112	-0.127157472701	-0.215307605619	0.175831477454	-0.0521558872854	0.0712609044266	0.031634413348	0.00266706433118	0.0643292099587	-0.0945488273272	0.158927847834	-0.0
sample5	-0.199297166136	0.0273798062822	-0.104667946791	-0.191579557634	-0.154850980563	-0.21325215452	-0.0502651550988	0.250139433494	-0.1325022977	-0.00903950072777	0.00377007092384	-0.0430504420592	-0.0
sample6	-0.169095963802	0.0230812573276	0.0948131062241	0.289491731478	0.184540838218	-0.0566374594703	0.0007325968076	-0.0451238834789	-0.143838812282	-0.0962966421249	-0.166040753225	-0.0271014139319	-0.0
sample7	-0.210090406083	-0.0732923940073	-0.253473841326	0.00887834156566	0.262139536368	-0.0291708444743	0.0302429092892	0.061526028838	0.216063366804	0.00163070831392	0.0286027848782	-0.0956107350207	-0.0
sample8	-0.155954754993	-0.158653123739	-0.121489234061	-0.0238747948106	0.0878744324131	0.285823193735	0.0695034679326	0.0169067208551	-0.156100169484	-0.0630994115656	0.133621345079	0.0710220879389	-0.0
sample10	0.261904371214	-0.338984784037	0.112651856822	-0.169884605881	-0.0491504097888	-0.0730169089229	-0.0992921669593	-0.0778592281966	0.0635588418756	-0.223722483851	0.00087267002161	-0.00484872344455	-0.0
sample11	-0.266490621423	-0.133445498252	-0.0315751621342	-0.152662565943	-0.223305659541	0.0352717964583	0.224334804369	-0.175744514491	0.0307843315125	0.0784883435707	-0.0943778546488	-0.0199697794298	-0.0
sample12	0.261648500685	-0.360942587103	0.229023926272	0.133602915195	0.0338543901955	0.00839995932024	-0.0030678303539	0.0874276053364	-0.0297009371959	0.212105928841	0.018503739276	-0.0484120696779	-0.0
sample13	0.14320641346	0.225812361911	0.168719158625	0.230867452019	-0.132456836288	-0.0224932480312	0.246628303971	0.118830226188	0.0942717483444	-0.0972294244028	0.063874305108	0.0259171560114	-0.0
sample14	0.0776774303679	-0.0133644043244	-0.34632517522	0.301691956791	-0.218996599242	0.0155309770404	-0.191550764209	-0.0446731327177	0.0442301459213	0.0340489156669	-0.0121232403019	0.0674075525573	-0.0
sample15	-0.279775304956	0.127920952144	0.225203378258	-0.00815019228699	0.0679623107584	-0.21082925808	-0.0991174320477	-0.159566188302	0.0141236971243	0.0661224896225	0.130813651442	0.0843332295223	-0.0

Biplot	0	0

Site constraints	0	0
