Eigvals	10
254.027539508	132.719215096	88.9641271553	64.1010715584	41.3827235751	36.492249568	30.4986016441	23.8296760488	21.884828439	0.0

Proportion explained	10
0.366086651645	0.191265613002	0.128208852827	0.0923779630314	0.0596378752434	0.0525900675225	0.0439524430199	0.0343416557566	0.0315388779522	0.0

Species	0	0

Site	10	10
sample1	-6.13234701833	2.16155875271	1.79285616793	2.75254574825	2.76096127439	-2.79509656486	0.839848247101	1.27209017393	1.26484670025	-0.0
sample2	-3.46038537367	-5.32293988639	2.81780695499	-5.19468482561	0.302819610725	0.0860615249781	-0.477111220349	1.6501390077	-0.330938718031	-0.0
sample3	-8.66597001642	-1.70167106608	-4.78044055484	1.32280160637	0.693217496635	1.7571336597	-1.97591485868	-1.12682496763	-0.675645527231	-0.0
sample4	-4.24208009879	0.317193509822	1.70489925047	1.60616352217	-5.17044037242	-0.547406543936	1.55048791225	-0.225336304316	-0.666748681748	-0.0
sample6	4.23466016973	-4.57400196948	1.16935825661	2.32694425688	1.73544566697	2.66415824517	2.94574977717	-0.690877191631	-0.0471824344393	-0.0
sample8	7.41774935169	-3.14545510367	1.41564865162	2.60212969552	-0.195896860831	-2.12442120103	-3.01395540677	-0.23826247996	-1.10566580168	-0.0
sample9	4.31506927805	-0.12033992883	-6.28595397018	-2.35153040346	-0.119905273132	-2.55384185372	1.88763828499	-0.0312827736284	-0.071595660166	-0.0
sample11	3.86498898151	1.96824802582	-1.23553581858	0.307870465859	-1.47503881812	2.14929832977	-1.315949891	1.82696623429	3.02220356404	-0.0
sample13	0.534142959367	3.23996837286	2.66364732164	-2.61186788056	0.474508024905	-0.212986199282	-0.448375187042	-3.59807370718	1.29857882613	-0.0
sample14	2.13417176687	7.17743929323	0.73771374034	-0.760372185401	0.994329250878	1.5771006032	0.00758234231445	1.16146200842	-2.68785226712	-0.0

Biplot	0	0

Site constraints	0	0
