Eigvals	13
0.648390876895	0.636385778091	0.468078161449	0.408066464887	0.360619292711	0.319737842237	0.283902211178	0.244744864072	0.240982750959	0.218748565054	0.20036161519	0.168424219761	0.0

Proportion explained	13
0.154436045007	0.151576627879	0.111488521175	0.0971947218614	0.0858935856506	0.0761562963851	0.067620838333	0.0582942021396	0.0573981286587	0.0521023111858	0.0477228420753	0.0401158796494	0.0

Species	0	0

Site	13	13
sample1	0.0144030900379	-0.334490957215	-0.110048766667	0.177237844398	-0.363190110107	0.014280004059	-0.210377955725	0.113366420274	-0.0452017447426	0.0349682504833	-0.104709578181	0.0089684059963	0.0
sample2	-0.314200991926	0.0448130960373	0.0110335114414	0.0137043831504	-0.0961907215608	-0.0338078059533	-0.140534999366	-0.144749383812	0.0568083275617	-0.181286941144	0.279819052127	0.0688145312124	0.0
sample3	-0.236388278692	0.210767878979	0.167966020285	0.0864860985735	0.0563295808798	0.1587013625	-0.081406655932	0.0857036080508	0.073716507822	0.311586211776	0.0772482197197	-0.0930483368758	0.0
sample4	-0.0752883795572	-0.150025194656	0.318031725923	-0.00636181453028	0.0129509132766	-0.306378051941	0.16877010089	0.114186554311	-0.196495951183	0.0501197576331	0.0504642035148	0.0719360522927	0.0
sample5	0.0210213941625	0.252230526528	0.085506088645	-0.150334150881	-0.326977843122	0.0761753404713	0.204110552149	-0.227445187826	-0.043949368764	0.0201706345513	-0.106124732399	-0.0460641838706	0.0
sample6	-0.239024831761	-0.10853709814	-0.185652416487	0.138916569549	0.245460088149	0.147329239539	0.0348945819054	-0.168863751596	-0.186997348503	0.033629041882	-0.122896363104	0.138631102635	0.0
sample7	0.176393343927	0.217570391707	-0.0182394070885	0.312614532774	0.0324704133209	-0.152783285322	0.0869818249073	0.00172907617799	0.272743222679	-0.0171153854199	-0.0825658646295	0.138480754864	0.0
sample8	0.283423772811	-0.206750766954	0.378048336005	-0.165932727381	0.148905285551	0.10479240199	-0.195289475241	-0.108080810728	0.084409267381	-0.0550084372199	-0.0820770823104	0.0268897450282	0.0
sample10	0.217779422891	0.0197669401291	-0.337060756807	-0.279624852678	0.0607116513199	-0.232942898685	-0.109357761364	-0.0787405254659	0.00653158421962	0.181306354078	0.0580511214616	0.00748743729382	0.0
sample12	0.104893248489	-0.42696478178	-0.122213341733	-0.00269395096248	0.0367859349114	0.151666874784	0.283716212497	0.0268584680841	0.136623755581	-0.00663868052562	0.136535347335	-0.0961122593993	0.0
sample13	-0.0897965138242	0.188661566437	-0.090297900203	-0.295060358968	0.000590421692497	0.155747962726	0.0320699554822	0.295059342126	0.0199849142434	-0.110658511601	-0.0493529927472	0.141536646492	0.0
sample14	0.416993907463	0.266654604273	-0.043728224991	0.190163316577	0.0627196964856	0.0861937802812	-0.0391388103755	0.0613992395615	-0.227421849661	-0.108564589548	0.10833733755	-0.107361641754	0.0
sample15	-0.28020918402	0.0263037946553	-0.0533448683227	-0.0191148896218	0.129434689203	-0.168974924449	-0.0344375698278	0.0295769508423	0.049248683365	-0.152507704946	-0.162728668336	-0.260158253916	0.0

Biplot	0	0

Site constraints	0	0
