Eigvals	14
0.733946877986	0.560101911742	0.513585374106	0.379643916243	0.266228633056	0.139526064091	0.0569137147591	0.0339458502413	0.0299477793332	0.00336603924949	0.0	0.0	0.0	0.0

Proportion explained	14
0.270110854514	0.206131547846	0.189012295612	0.139718480592	0.0979788125377	0.0513490901439	0.0209456741192	0.012492924067	0.0110215337228	0.00123878684586	0.0	0.0	0.0	0.0

Species	0	0

Site	14	14
MCT.f.0224	-0.00149405707922	0.181712922384	0.281194845924	-0.0761630845286	0.196925863816	-0.0674432422527	0.135336421228	-0.062174272888	0.0139792770738	-0.0138042337354	0.0	0.0	0.0	0.0
MCT.f.0225	-0.0861260386231	0.250383321693	0.314656979225	0.013151864183	0.134083121154	-0.0504373529393	-0.0789808543856	0.0745539736657	-0.0319212335906	0.0129078433518	0.0	0.0	0.0	0.0
MCT.f.0226	-0.242210236073	0.188882623344	0.17642405757	0.186030137953	-0.136330021367	0.0640989507654	-0.0635079978692	-0.0388526183711	0.0458735532443	0.0114029398001	0.0	0.0	0.0	0.0
MCT.f.0227	-0.31475809771	0.0650275477094	-0.0731658861738	0.172038883879	-0.132355787306	0.0621265720433	-0.00175807044969	0.0131817975785	-0.0477452372789	-0.0341093185418	0.0	0.0	0.0	0.0
MCT.f.0228	-0.313717086992	-0.0420105597028	-0.221589391337	0.119530764161	-0.0667718758326	-0.0245360355383	0.106697077001	-0.0100616289058	0.0353621563357	0.022475665011	0.0	0.0	0.0	0.0
MCT.f.0229	-0.280917918988	-0.20318311219	-0.184961620697	-0.0790336168946	0.147740969349	-0.0854157496392	0.00401739356912	0.0338796631956	-0.080562055677	0.00353300736011	0.0	0.0	0.0	0.0
MCT.f.0230	-0.169904291599	-0.333399757682	-0.00311994914963	-0.137356890222	0.116395853593	-0.0463993552963	-0.0775903741077	-0.000284682287455	0.0938764796712	-0.00204244136887	0.0	0.0	0.0	0.0
MCT.f.0231	0.0773538819858	-0.317727931005	0.181655950861	-0.0921330593474	-0.0183632016428	0.135717465205	-0.0354155206049	-0.0736722386991	-0.0419815413214	-0.00823180893476	0.0	0.0	0.0	0.0
MCT.f.0232	0.248446170642	-0.250565340982	0.197064266757	0.0632145442459	-0.132410943751	0.0515613296293	0.0676113436132	0.0752361223118	0.0229464676716	0.0029374440489	0.0	0.0	0.0	0.0
MCT.f.0233	0.356935040038	-0.112453629083	0.00548398203633	0.204686157198	-0.0354521012231	-0.0697275159651	0.00336404584512	-0.0254118441228	-0.0558908662065	0.0197825685341	0.0	0.0	0.0	0.0
MCT.f.0234	0.319490827912	0.0524990633635	-0.17311677262	0.174013651689	0.054176967187	-0.0858435888956	-0.0193182616029	0.044284734246	0.047952770287	-0.0254453504847	0.0	0.0	0.0	0.0
MCT.f.0235	0.218082156507	0.178459785901	-0.298619649877	0.0525516358661	0.148110934392	0.0647612112304	-0.0529756736564	-0.064803349859	0.000693056470912	0.00620183880323	0.0	0.0	0.0	0.0
MCT.f.0236	0.0971797299413	0.189726560064	-0.147403126928	-0.266188034272	0.0226166573888	0.220169635266	0.036325963837	0.0565133973586	0.00502602097632	0.00608655231519	0.0	0.0	0.0	0.0
MCT.f.0238	0.0916399200373	0.152648506188	-0.0545036855911	-0.334342953909	-0.298366435757	-0.168632323613	-0.0238054924168	-0.0223890532229	-0.0076088476563	-0.00169470615894	0.0	0.0	0.0	0.0

Biplot	0	0

Site constraints	0	0
