Eigvals	16
0.67215287631	0.592609059261	0.528865196501	0.502574105548	0.424926756546	0.338082141638	0.252052735527	0.228274479927	0.155247950023	0.1359764042	0.0642090802197	0.0138707285106	0.0	0.0	0.0	0.0

Proportion explained	16
0.171957055272	0.151607338672	0.135299728725	0.128573671693	0.108709129035	0.08649164731	0.0644827206759	0.0583995230037	0.0397171257669	0.0347868808971	0.0164266266581	0.00354855229104	0.0	0.0	0.0	0.0

Species	0	0

Site	16	16
MCT.f.0546	-0.1351679482	0.109216597236	0.143754539285	-0.122859205169	0.201884916499	-0.275207442308	0.314406211204	-0.0699405706504	0.0223181910491	-0.0804458774552	0.00250531811578	-0.0158353102664	-0.0	0.0	0.0	0.0
MCT.f.0547	-0.260873292049	0.123940890092	0.187498686825	-0.233574285432	-0.110931354478	-0.104686910828	-0.0537960859511	0.0992759908553	-0.0531216331404	0.0751656238435	-0.00473050551017	0.0621927411741	-0.0	0.0	0.0	0.0
MCT.f.0548	-0.292367143587	0.107046590921	0.188087493051	-0.159119526237	-0.133333687267	0.0895862125908	-0.148526982928	0.116722715688	-0.0511514747582	-0.0121085902382	0.0135382147815	-0.0489043404903	-0.0	0.0	0.0	0.0
MCT.f.0549	-0.135783424053	-0.0406945126076	0.118557995153	0.170539825572	0.205648869351	0.273867132044	0.0291109156464	0.0217282045632	-0.131225182218	-0.131250842226	-0.0681350522136	-0.0170172420246	-0.0	0.0	0.0	0.0
MCT.f.0550	0.143615295837	0.102135574314	0.170025717122	0.138337956711	0.226662357415	0.189545143677	0.0161404425086	-0.0776567260612	-0.0328960877158	0.0896153867023	0.0744323806667	0.0510998065755	-0.0	0.0	0.0	0.0
MCT.f.0551	0.282176680886	0.255644479677	0.063196496098	-0.0284176125776	0.206446732724	-0.0883951612153	-0.169107144588	-0.0275569796495	0.0492599955451	0.107718826353	0.0383834579075	-0.0408341772744	-0.0	0.0	0.0	0.0
MCT.f.0552	0.35354847583	0.0501984213919	-0.082644965178	-0.016690698462	0.0672461334927	-0.17773654463	-0.149277297711	0.108137969526	-0.0396086559404	-0.113281923952	-0.1238055997	0.0172000548447	-0.0	0.0	0.0	0.0
MCT.f.0553	0.344168018531	-0.0978963624196	-0.102687440821	-0.150743380774	-0.169431311612	0.0908809596818	0.152684683125	0.143129361165	-0.0869767967822	-0.067235043592	0.06740573728	0.0168351570147	-0.0	0.0	0.0	0.0
MCT.f.0554	0.245536973548	-0.086361482121	0.0594024586425	-0.275055694171	-0.167670082036	0.162834448821	0.0901907735249	-0.105075277789	0.0650633245667	0.0436023318325	-0.00799584379943	-0.0333131043968	-0.0	0.0	0.0	0.0
MCT.f.0555	-0.0168975962839	-0.412193024726	0.197425421224	-0.0213822446445	-0.0574443559495	-0.0203162827427	-0.0804149994339	-0.207732351465	0.0811719070808	0.0174679719359	-0.080757114448	0.0172494045198	-0.0	0.0	0.0	0.0
MCT.f.0556	-0.0518808784823	-0.460070618611	0.0171404721658	0.181718358033	0.069468083809	-0.167766145809	-0.0619055654003	0.142802627432	0.0149567248345	0.0116427823452	0.101770917816	-0.0143437179306	-0.0	0.0	0.0	0.0
MCT.f.0557	-0.045667466673	0.0493722751999	-0.035681523362	0.266391925427	-0.07168478552	0.0494811440416	0.133299972526	0.199761630847	0.158658274662	0.0952937388281	-0.047444880329	-0.00545639308299	-0.0	0.0	0.0	0.0
MCT.f.0558	-0.0162304686727	0.197563808152	-0.0576494148675	0.283550960686	-0.256574846692	-0.0359585813347	0.0600964429403	-0.0671407560311	0.00611330163804	0.0575905687507	-0.0553274846862	-0.000225459004	-0.0	0.0	0.0	0.0
MCT.f.0559	-0.0369659181478	0.103236123688	-0.106259190647	0.21027148175	-0.223637345529	-0.113732039088	-0.0614507717781	-0.194952499385	-0.119850885755	-0.0847067856104	0.0797847777548	-0.00521955096671	-0.0	0.0	0.0	0.0
MCT.f.0560	-0.1952985784	-0.108182772162	-0.493485531304	-0.147385982349	0.15457027069	0.0144411240672	0.0225978276613	-0.0489486055328	-0.117353629336	0.149638239618	-0.0383746351352	-0.00595291312084	-0.0	0.0	0.0	0.0
MCT.f.0561	-0.181912730083	0.107044011977	-0.266681213386	-0.0955818783613	0.0587804051016	0.113162943032	-0.0940484213446	-0.0325547335125	0.23464262627	-0.158706407135	0.0487503115002	0.0225250444289	-0.0	0.0	0.0	0.0

Biplot	0	0

Site constraints	0	0
