Eigvals	13
0.769632510013	0.59721523277	0.451958742025	0.42285506313	0.266851691997	0.245333132164	0.138416588599	0.11265625356	0.0659956937062	0.0270453575427	0.00252254059327	0.0	0.0

Proportion explained	13
0.248229891325	0.192620075685	0.145770439732	0.136383618157	0.0860677864338	0.0791273964433	0.044643559489	0.0363350679895	0.0212856183484	0.00872295033841	0.000813596059397	0.0	0.0

Species	0	0

Site	13	13
MCT.f.0444	-0.318713752127	0.0974253163335	0.0580560618069	0.283695935572	0.0220666910768	0.148855198985	0.0405027827827	-0.0967348497363	0.0109561589841	-0.0795442882978	0.0188944859338	-0.0	0.0
MCT.f.0445	-0.282657661726	0.16928700061	0.095987779884	0.267135608985	0.00825903976239	0.103709471821	0.0263965975197	0.0570626057422	0.000803948143014	0.0763259359144	-0.0255390790893	-0.0	0.0
MCT.f.0446	-0.202264174928	0.196790007502	0.203065582098	-0.162850798064	0.0168249562041	-0.124357705061	0.0133838725832	0.190946669129	-0.0908985332671	0.00182760524509	0.0172983792147	-0.0	0.0
MCT.f.0447	-0.12771285282	0.0950617134894	0.269016929449	-0.243125924574	0.0533207078009	-0.195695524507	0.0573707800271	-0.161191248695	0.0958322984678	0.00341956140294	-0.0078018635871	-0.0	0.0
MCT.f.0450	-0.0702962248949	-0.0494701207641	-0.344430164053	0.0445926405522	0.193014190045	-0.182047494037	0.0262943167748	-0.0915006787326	-0.132973504987	0.00384667333367	-0.00357211374082	-0.0	0.0
MCT.f.0451	-0.192900566795	-0.121084293136	-0.300547125002	0.064006693174	-0.0192582100209	-0.137983027738	-0.109287930027	0.0882737422909	0.149725741084	0.0142984440648	0.00596932729577	-0.0	0.0
MCT.f.0453	-0.192299955018	-0.248373338268	0.0472317638672	-0.160992509273	-0.198536692154	0.0675785353247	-0.189861489711	-0.011925760125	-0.0499381925657	-0.0414338885183	-0.0084032765596	-0.0	0.0
MCT.f.0454	-0.0467645616319	-0.365387764266	-0.0184534676791	-0.144498251256	-0.105070974485	0.150606742358	0.116558199944	-0.0503788247247	-0.0379441980615	0.0569198219607	0.00259060611352	-0.0	0.0
MCT.f.0455	0.238347012339	-0.367252994462	0.0960815550481	0.0340675514498	0.186857931894	0.0432981395209	0.129477400855	0.107164852991	0.0515117075548	-0.0253697766941	0.00306842132715	-0.0	0.0
MCT.f.0456	0.423288543597	-0.0652948808671	0.226019835883	0.200142477329	0.0879739049936	-0.0626610844436	-0.162043449431	-0.0135394014346	-0.0308686204364	-0.0139549729562	-0.00964306419966	-0.0	0.0
MCT.f.0457	0.357069235682	0.120066891397	-0.0142841310522	0.160312142736	-0.285461080353	-0.0967560832077	0.0396130669721	-0.0486931869817	-0.00271049051569	0.04394783412	0.0184767728515	-0.0	0.0
MCT.f.0458	0.213151413218	0.25187022369	-0.199092149362	-0.112377764189	-0.138337544836	0.0347365188848	0.119114854392	0.0613562595134	0.010656866623	-0.0754604095322	-0.0217844361101	-0.0	0.0
MCT.f.0459	0.201753545105	0.286362238742	-0.118652470888	-0.230107802442	0.178347080072	0.2507163121	-0.107519002682	-0.0308401792359	0.0258468189772	0.035177459957	0.0104458405501	-0.0	0.0

Biplot	0	0

Site constraints	0	0
