Eigvals	13
0.614521362194	0.419551990544	0.389655350363	0.333947550525	0.24631140443	0.222837456108	0.185275462753	0.16942922789	0.107889803433	0.0978441029688	0.0735495899197	0.064648303116	0.0

Proportion explained	13
0.210059623173	0.143413945319	0.133194484521	0.114152088013	0.0841957399382	0.0761717247579	0.0633320439017	0.0579153825312	0.0368795827901	0.0334456971942	0.0251411913296	0.022098496532	0.0

Species	0	0

Site	13	13
sample1	-0.255109580145	0.0919361697966	0.126326752031	-0.0317252600531	0.0137875939617	0.0726352547862	-0.150011275601	0.0436204162619	-0.243327361761	0.0231669500136	0.0548690471936	-0.00680939333599	-0.0
sample2	-0.377629130688	0.0736905050251	0.0582981373342	0.0177909404133	-0.119935152381	0.133517301092	0.0509874861409	-0.145268909952	0.049648690497	-0.054654015517	-0.121008904793	0.0947795878887	-0.0
sample3	-0.29842398577	-0.194815024933	0.0591027413977	-0.239633401661	0.0591323984894	-0.234762331591	-0.0298269094088	-0.123097727896	0.0761889966341	0.0406317885437	0.0497775130906	-0.0549176585405	-0.0
sample4	-0.167759764604	0.210554157422	-0.0911349131059	0.211523188964	0.0592081328376	0.0436247147124	0.236034060323	-0.000990688489925	0.0334376847468	0.101224803147	0.103875586193	-0.0448027987014	-0.0
sample5	-0.149964366963	-0.277923644819	-0.106287409557	0.364771716517	0.0251532043131	-0.0629495541145	-0.11221365803	0.120492840211	0.0375831405243	-0.0897400313349	-0.0102389429437	-0.0163053003154	-0.0
sample6	0.0162622307414	-0.138303131248	-0.290425288098	-0.206985944824	0.0715348562023	-0.0124884068935	0.0982460655657	0.171847059888	-0.0401066112582	0.0550720305498	-0.027757674474	0.121419108278	-0.0
sample7	0.126675870478	-0.0360634848405	-0.0467513022432	-0.091293390968	-0.347957504405	-0.0466251096168	0.127536039346	0.0546609878824	-0.0584976920986	-0.0767508028573	-0.0142352094332	-0.102302828276	-0.0
sample8	0.055894741714	0.0708063521522	0.186448655895	-0.0997635478539	-0.0889429306434	0.160001712016	-0.139948711252	0.178971752625	0.170475730371	0.079882884989	0.0248953292089	-0.0120548064256	-0.0
sample9	0.0907026636242	0.305920234548	0.00856161608859	-0.0188157266461	0.196745849496	-0.130100869679	-0.0185410389349	0.059222979691	-0.00164822033129	-0.0215959532571	-0.156184584596	-0.0776446608309	-0.0
sample10	0.219936936203	0.254971985883	0.00989280807353	0.0340277769355	-0.0558408840922	-0.183074308979	-0.0668810237168	-0.0462240398169	0.027992169077	-0.101105355026	0.10560983552	0.119930985496	-0.0
sample11	0.322058932484	-0.146383773346	0.10579090554	0.168484175408	-0.0763376407561	-0.0638331559234	-0.027134308028	-0.124451566274	-0.0495263308773	0.187472304504	-0.0629324944954	0.0325355182382	-0.0
sample12	0.196476330753	-0.0131410716323	-0.337285389665	-0.0699616163933	0.0699143657229	0.205629729071	-0.124512303581	-0.175782598257	0.0154304044286	-0.0335983487637	0.0271699763667	-0.0589799584728	-0.0
sample13	0.220879122171	-0.201249274007	0.317462686309	-0.0384189098393	0.193537711255	0.118425025121	0.156265577177	-0.0130005058723	-0.0176505999527	-0.110006254992	0.0261605231634	0.00515220499896	-0.0

Biplot	0	0

Site constraints	0	0
