Eigvals	12
0.599763018516	0.531254395259	0.409190522037	0.339845114004	0.293772454803	0.250092264679	0.213411539163	0.179753807134	0.136512809035	0.119558341937	0.101002739307	0.0

Proportion explained	12
0.188951906728	0.167368657025	0.128913132299	0.10706625834	0.0925513307186	0.0787901367877	0.0672340841262	0.0566304082633	0.0430075792668	0.0376661714326	0.0318203350117	0.0

Species	0	0

Site	12	12
sample1	-0.0777067711651	0.162097361584	0.200705401348	0.379194713123	0.0648422393588	-0.0917028226309	0.199081348472	-0.0900878805796	-0.0611792619777	0.00602992023383	0.0541877158155	0.0
sample2	-0.123987460586	-0.220318838767	0.162427839252	0.230505057142	0.0110940745267	0.281913687925	-0.179338340955	0.10012595385	0.0438796226062	-0.0359543210004	-0.0543534738864	0.0
sample3	0.391048950435	-0.26207160465	-0.0599448146686	0.042940656818	-0.0937916801914	-0.0437885573123	-0.0405494667233	-0.0510891111991	0.123204713336	0.0305762037127	0.185138891995	0.0
sample4	0.370447216518	-0.0957308366719	-0.178704827078	0.09294936185	-0.0420081869101	-0.127172525527	0.0201276268231	0.0387380877213	-0.0900809411915	-0.124294662221	-0.173361441679	0.0
sample5	-0.207033541748	-0.158502967413	-0.252243504824	-0.0408284124412	0.13094303829	-0.00605463313046	0.191628904742	0.251511941639	0.00153018648439	0.0691924732148	0.0388612226583	0.0
sample6	-0.155519553815	-0.0352995782673	0.281865624744	-0.148588567212	0.00102102066742	-0.250614442561	-0.00638704331018	0.0376852010967	0.197906387562	-0.0294937498898	-0.0787817162673	0.0
sample8	-0.227294467643	0.01975648174	-0.0614781446809	0.017799967363	-0.228332501327	-0.163355888061	-0.209483980304	0.00718097162489	-0.149700402311	0.139924722071	0.0127732374436	0.0
sample9	-0.0611825775496	0.00891995016016	-0.0663504791959	-0.110472918254	0.394126879805	-0.0486650179263	-0.170574719322	-0.112435123085	-0.0738768435732	-0.0748659858455	0.0567170094431	0.0
sample10	0.133539198441	0.373068263078	-0.182264492673	0.0254226369364	0.0659291109143	0.108880711618	-0.0261573559109	-0.0703245836742	0.140405613213	0.162201270955	-0.0923739342757	0.0
sample11	-0.327178219994	-0.0378625786668	-0.211552631099	-0.0856232854826	-0.19433893701	0.110784428283	0.101485808454	-0.196094555442	0.0436606794951	-0.134193098648	0.00379343580136	0.0
sample12	0.130328068474	0.423717565395	0.112280144567	-0.143036430594	-0.110225336674	0.0857922966439	-0.0161435962395	0.171113556569	-0.0463462660841	-0.119985009698	0.0944601604802	0.0
sample13	0.154539158632	-0.177773217521	0.255259884308	-0.260262779249	0.000740278549952	0.143982762678	0.136310814273	-0.0863244585217	-0.12940348756	0.110862237116	-0.0470611075288	0.0

Biplot	0	0

Site constraints	0	0
