Eigvals	15
0.652592534715	0.563262829715	0.469456920808	0.363930404333	0.298729724152	0.274509790292	0.235838998682	0.228032751816	0.1971902258	0.159439456835	0.142402092615	0.113771314414	0.0894349074515	0.0667234060247	0.0

Proportion explained	15
0.169270857031	0.146100325774	0.121768747108	0.0943970520104	0.0774851591737	0.0712029405705	0.0611724273643	0.0591476262412	0.0511476254228	0.0413557496713	0.0369365614494	0.0295102485424	0.0231978188954	0.0173068607454	0.0

Species	0	0

Site	15	15
sample1	-0.0380934746648	0.156847303669	0.182649351194	0.0730092255217	0.139953477998	-0.153713914398	0.108795198398	0.182124756511	0.0365712140278	0.0509944360994	-0.215300601513	-0.017542354155	0.0870412448575	0.0350482175827	0.0
sample2	-0.133622839853	0.129383349464	0.213054907585	-0.226039131962	-0.173347063381	-0.0251598514309	-0.00763199552212	0.19206267645	-0.0462875527518	0.09465625889	0.191842594045	-0.068147716825	0.0264776091082	0.00245917355188	0.0
sample3	0.0328600779117	0.30683144442	-0.271903464814	-0.0839895335623	-0.0805477027411	0.0753065896235	0.101128202907	-0.00998354716948	-0.0637461203095	-0.0640790165931	-0.00330094656697	0.096158488261	-0.0269411765056	0.15619998394	0.0
sample4	0.247103183931	0.262659321872	-0.151438490826	0.0547907655679	-0.109035992758	0.186593930109	0.0602253621294	0.0522087763629	0.0974077786478	-0.0439530248755	-0.020252061471	-0.00558138520337	0.0568309175424	-0.156424856814	0.0
sample5	-0.16435104404	0.0913481584286	0.0422342483611	0.167203611724	0.0601007717925	0.0420425840181	-0.247546346577	0.0905273687176	0.209161124902	-0.127834774062	0.0309970335853	-0.0472747940595	-0.0971614619753	0.0415743626733	0.0
sample6	-0.218648006088	-0.17853818006	0.0667347394857	-0.0267653162746	0.102352622591	0.139490141177	-0.0988642081636	-0.0447419012278	-0.0828117257059	-0.135566091336	0.0351515116541	0.0893844980511	0.190748802257	0.00226987181172	0.0
sample7	0.357405795145	-0.00851053371162	0.221458883482	-0.128254377624	0.17741041101	0.198414792643	-0.0458391378201	-0.0662608737402	-0.15240550315	-0.0121404981594	-0.0510049167375	-0.109421899122	-0.0753711552447	0.0184736813188	0.0
sample8	0.234676462363	-0.278476746031	-0.272715938215	-0.0852381693879	0.175421253123	-0.0464135621382	-0.0937519930058	0.176625476552	0.032353274756	0.139336555333	0.0429265088087	0.106978657627	-0.0221208459304	-0.0111373717493	0.0
sample9	0.0997139823751	-0.38914182901	-0.114899378152	-0.0794600966255	-0.117052745264	-0.0565209173585	0.162952714992	-0.0353251973457	0.141768083136	-0.10104460736	-0.00323510966942	-0.154872545783	0.0368121260935	0.0491500681089	0.0
sample10	-0.138254860705	0.140370440697	-0.185213386904	-0.208618463381	-0.043802310626	-0.167756664983	-0.212418866088	-0.212280553132	-0.00760736879656	0.078909518588	-0.101633961109	-0.0673512293655	0.0258660027671	-0.0358701968661	0.0
sample11	-0.136788834571	-0.143696282902	0.179115746538	-0.171201848432	-0.111901217789	-0.0755346278302	0.0748864419306	0.00304055356686	-0.0124425912662	-0.117216236188	-0.0905033807515	0.150609618696	-0.133931847504	-0.0767059529439	0.0
sample12	-0.0335383529842	-0.0544081321634	-0.152156985136	0.30579849424	-0.056394544059	-0.154024556527	-0.00840163299161	0.0648142619557	-0.278528568248	-0.0681199857173	0.0313099676192	-0.0677360119629	-0.0339241596892	-0.0380464493803	0.0
sample13	0.380279956024	0.0413013805889	0.242704356889	0.179700211559	-0.0884895196362	-0.174109655392	-0.0331726165308	-0.18139760894	0.0670491303462	0.0369007178256	0.0950430955929	0.0981893424893	0.0373887763985	0.0302858344098	0.0
sample14	-0.227401927225	-0.182221737184	0.035809425306	0.197827294026	-0.169039132719	0.235289561188	0.0174021209636	-0.063330139047	0.00607199430769	0.221636465449	-0.0758017799413	0.0134654956529	-0.0279743086171	0.0254404637531	0.0
sample15	-0.261340117618	0.106252041923	-0.0354340147951	0.0312373346099	0.294371692459	-0.0239038487007	0.222236755378	-0.148084049514	0.0534468301041	0.0475202821062	0.133762046454	-0.0168581643008	-0.0437405235577	-0.0427168293963	0.0

Biplot	0	0

Site constraints	0	0
