Eigvals	11
0.636233604429	0.496138427083	0.439128262386	0.38118722566	0.299862653558	0.253045438495	0.222453463121	0.194076723634	0.161832049527	0.122220596461	0.0

Proportion explained	11
0.198439860872	0.154744483407	0.136963138518	0.118891456691	0.0935265016476	0.078924315314	0.0693827455276	0.0605321029387	0.0504750600552	0.0381203350287	0.0

Species	0	0

Site	11	11
sample1	-0.128205063725	0.459968403969	-0.0463261279357	0.137680650599	-0.102175237081	-0.202243737913	-0.0715402479747	-0.0687508076517	-0.139727997738	-0.0679201994051	0.0
sample2	-0.0217631125963	0.0561731981536	0.43389351805	0.0114912943193	-0.130383186595	0.0143399374477	0.163701021216	-0.0317585770959	-0.00831715263005	0.188046222208	0.0
sample3	-0.224525515462	-0.153566880896	0.031154901439	0.077712616798	-0.109574778486	0.338143939934	-0.151517637708	-0.117845923286	-0.10404749335	-0.061268546702	0.0
sample4	-0.031089684143	0.135268614099	0.131100018578	-0.247573958736	0.231457945184	0.101452325772	0.188662758484	0.0919488971725	-0.0460189472865	-0.169392595257	0.0
sample5	0.386100930389	-0.0095842562176	0.156517664701	0.17259264284	-0.03551891965	0.016977576691	-0.185391590799	0.260140344474	0.0484534050798	-0.0464004713085	0.0
sample6	-0.0850510152687	0.241230872966	-0.32250592096	0.0156496392412	0.16249145833	0.160509746368	-0.012870919601	0.0911424718336	0.065023956298	0.186108990872	0.0
sample7	0.412944226923	-0.136438963928	-0.121252369218	0.256494117412	0.149870752135	-0.0157370553691	0.149161393146	-0.204976562319	-0.0199896122168	-0.017899720556	0.0
sample8	-0.229991695973	-0.0625485770017	0.147457462556	-0.0322976667596	0.17965066476	-0.132970195012	-0.163190214444	-0.133903298388	0.244923152826	-0.0260017010017	0.0
sample9	-0.0790176636249	-0.336688623328	-0.0577327823583	-0.152784285234	0.120009054813	-0.192165021155	-0.0873432249492	0.0687742971711	-0.215731227633	0.0868797041231	0.0
sample11	-0.301341606244	-0.212185800739	-0.186499057408	0.150708527356	-0.205137140649	-0.0794845386489	0.200132947272	0.132889249298	0.101935887233	-0.0665824867088	0.0
sample12	0.301940199727	0.0183720129233	-0.165807307445	-0.389673577836	-0.260690612761	-0.00882297811478	-0.0298042846431	-0.087660091209	0.073496029417	-0.00556919626367	0.0

Biplot	0	0

Site constraints	0	0
