Eigvals	15
0.875026648336	0.587090342406	0.267849166515	0.200445268473	0.0992513443911	0.0586699309614	0.0281301633423	0.0137413870635	0.00957217594198	0.00436213014393	0.0	0.0	0.0	0.0	0.0

Proportion explained	15
0.408101727029	0.273811755463	0.124921575412	0.0934852217293	0.0462896131598	0.0273629382552	0.0131195641452	0.00640881486643	0.00446434578967	0.00203444414938	0.0	0.0	0.0	0.0	0.0

Species	0	0

Site	15	15
MCT.f.0358	-0.172116072873	-0.416004885147	-0.139955524188	0.25063097052	-0.1218149131	0.0495385288744	-0.00876150195013	0.00600232972718	-0.000211338079623	0.00622582752093	-0.0	0.0	0.0	0.0	0.0
MCT.f.0359	-0.18377191109	-0.334312313476	-0.0764442039006	-0.075626530007	0.0992212481055	-0.100145810226	-0.0184666802414	-0.0293857554691	0.00314622998283	-0.0228921459857	-0.0	0.0	0.0	0.0	0.0
MCT.f.0360	-0.188983618873	-0.195145537849	-0.0167841859573	-0.159454216811	0.0819130146239	-0.0517547682162	0.0245645482897	0.0270011712581	-0.00971375142799	0.0339316561959	-0.0	0.0	0.0	0.0	0.0
MCT.f.0361	-0.24776802762	0.000628215486278	0.0453924967201	-0.103919896419	0.0268013504767	0.11176799727	0.0349667174981	0.0157454776777	-0.0215692283787	-0.0204861763434	-0.0	0.0	0.0	0.0	0.0
MCT.f.0362	-0.243429304179	0.025529673598	0.090871041283	-0.0823511671319	-0.0232100058919	0.0764306123854	0.0121887755256	0.00451685769549	0.0354187560636	-0.00527503972296	-0.0	0.0	0.0	0.0	0.0
MCT.f.0363	-0.209427684129	0.147132802885	0.110061124395	-0.0435857495221	-0.0387970484916	0.0472620542454	-0.043330046336	-0.0506255696856	0.0153962245556	0.031128443973	-0.0	0.0	0.0	0.0	0.0
MCT.f.0364	-0.199023549328	0.180266871607	0.10825773079	-0.000108545984022	-0.0949202899087	-0.0447682990866	-0.0333783692815	-0.00518244029748	-0.0495633003462	-0.0240968946884	-0.0	0.0	0.0	0.0	0.0
MCT.f.0365	-0.171434899563	0.250647822777	0.0342189591077	0.0789672623448	-0.0418743187892	-0.109275751339	-0.00926721595306	0.0562625523538	0.0168170566539	0.00744563722471	-0.0	0.0	0.0	0.0	0.0
MCT.f.0366	-0.076790110973	0.235701370836	-0.0534868244345	0.160416108025	0.0398864994911	-0.0464412360955	0.0806965555449	-0.0290250681337	0.0273093158452	-0.00794186514917	-0.0	0.0	0.0	0.0	0.0
MCT.f.0368	0.108590388941	0.214397675212	-0.196593156871	0.0820163952127	0.116692819259	0.0390567137596	0.00752536652577	-0.0310230129399	-0.0387100908208	0.0117781522142	-0.0	0.0	0.0	0.0	0.0
MCT.f.0369	0.198138133263	0.134419989813	-0.208462701794	-0.0285160198406	0.044995933716	0.0560028283148	-0.052619816027	0.056631870395	0.00740268957151	-0.00522278164643	-0.0	0.0	0.0	0.0	0.0
MCT.f.0370	0.307848339952	0.0234448608871	-0.105961761975	-0.108651352196	-0.0584560531807	-0.0228682344203	-0.0662191171907	-0.0309202819897	0.0305708994583	-0.00941278547352	-0.0	0.0	0.0	0.0	0.0
MCT.f.0371	0.386621636759	-0.0602061229928	0.0288265169166	-0.0732096706102	-0.124312689578	-0.0346729887463	0.0368854742767	-0.00407428803437	-0.0340862886578	0.0140603879249	-0.0	0.0	0.0	0.0	0.0
MCT.f.0372	0.378146930086	-0.0760730782355	0.0529795530845	-0.0600732002964	-0.0361969515457	0.0165994414408	0.076587557311	0.00539689865233	0.0193357811301	-0.00893934031166	-0.0	0.0	0.0	0.0	0.0
MCT.f.0374	0.313399749628	-0.130427345401	0.327080936823	0.163465612715	0.130071404813	0.0132689118405	-0.0413722479919	0.00867925879035	-0.00154295554996	-0.000303075732436	-0.0	0.0	0.0	0.0	0.0

Biplot	0	0

Site constraints	0	0
