Eigvals	12
0.571671128306	0.447014095546	0.365706908392	0.26807266775	0.157531196951	0.120336857256	0.112447101395	0.0952851043588	0.0559633439275	0.0366907969416	0.0172335004758	0.0

Proportion explained	12
0.254307454056	0.198853870585	0.162684432008	0.119251916464	0.0700776296849	0.0535317567787	0.0500220050582	0.0423875041071	0.0248952497511	0.0163218723065	0.00766630920032	0.0

Species	0	0

Site	12	12
sample1	-0.0114508678561	0.126055835397	0.436946042432	-0.0238774338914	0.165704806162	0.0671575298664	-0.0843239484223	0.086388031923	0.00546264673216	0.00867569301453	-0.00366264766361	-0.0
sample2	-0.0906856067265	0.151154480994	0.143219890489	-0.342318907474	-0.136510618476	-0.0271025110523	0.10932499013	-0.100527335202	-0.0239972024695	0.0200066937127	-0.000329117875174	-0.0
sample3	-0.127403580144	-0.566066624865	0.0151262596908	-0.115041762549	0.0794799192783	-0.0273187366956	0.0535971736895	0.0229313169569	0.031182833364	-0.0309004434399	-0.00343665617417	-0.0
sample4	-0.161142889099	0.0484966462997	-0.142153579717	0.010994254142	0.0462581717984	0.106903632277	-0.0234609970273	-0.0180265204833	-0.0899093094002	-0.0447866561986	0.0922959511589	-0.0
sample5	-0.157560393709	-0.0735946405143	0.189187842536	0.297142180922	-0.177430182276	-0.135482442592	0.0256857811939	0.0177190065616	-0.0327106821055	0.0325074673124	0.0205185905975	-0.0
sample8	-0.107360984335	0.158480225901	-0.0908331303155	0.0410460260355	0.0740991442282	-0.129019443983	-0.0320292213542	-0.0313201070308	-0.062461785363	-0.111235095543	-0.0604336787064	-0.0
sample9	-0.119253677324	0.0139024035416	-0.155475876394	-0.101646255152	-0.193444810134	0.0597479384499	-0.176231779966	0.128331033764	0.0527161249567	-0.0019505472787	-0.0188916847166	-0.0
sample11	-0.104490683448	0.146980148037	-0.122925741078	0.0319949306952	0.114864434501	-0.104434747242	-0.029282562072	-0.0877835501996	0.159202168164	0.0368521988807	0.0297364225551	-0.0
sample13	0.407881163187	-0.116925122479	0.0730578548066	0.100017270344	-0.0768219521528	0.107588315333	-0.0790312719966	-0.171949393178	0.0222692513304	-0.0321886986867	-0.0106302047276	-0.0
sample14	0.489697535935	-0.00738580163746	-0.127531205131	-0.0874953588985	0.0509789050087	-0.134917460778	-0.0162994075966	0.0877967137741	-0.0650717213916	0.0545459644342	0.016740375086	-0.0
sample16	-0.172346647153	-0.0191918674667	-0.159368386646	0.0884059638849	0.0788451019206	0.116911014454	0.0309354596078	-0.0439608827831	-0.0634182284454	0.112041046512	-0.0540375428325	-0.0
sample17	0.154116630671	0.138094316792	-0.0592499706717	0.100779091942	-0.0260229198594	0.0999669119636	0.221115783814	0.110401685898	0.0667359046283	-0.0435676227203	-0.00786980670147	-0.0

Biplot	0	0

Site constraints	0	0
