Eigvals	11
352.732693482	124.298600431	72.5964580701	61.8197031167	44.2429462945	32.1948051331	27.5251346743	24.3282320254	21.8165553235	19.6197140681	0.0

Proportion explained	11
0.451541286583	0.159117515887	0.0929324065618	0.0791368330673	0.0566364197625	0.041213315351	0.0352355620952	0.031143133007	0.0279278775164	0.025115650169	0.0

Species	0	0

Site	11	11
sample1	-10.2718944834	0.894977981483	1.81763641337	-0.900955408994	3.78853583174	-1.33755495042	-1.08181968073	-0.714178399104	1.48262249058	0.11348022318	-0.0
sample2	-4.96549075683	-3.5988994667	-2.15722859536	1.00673401958	-0.981636770379	-1.36216572544	0.115689163216	-1.88832258579	-2.25136217072	-1.95945305752	-0.0
sample3	-5.75972938761	-3.57655406048	-1.24556254355	-2.93166744963	-0.583906587838	0.744155284164	2.51380591586	2.65749528864	0.167385913684	0.333485432388	-0.0
sample5	5.72359040859	0.740756436593	-3.55103870193	-4.92600918058	-1.044540828	-0.160266953128	-1.69987353745	-1.27585035257	0.938904521303	0.391911386632	-0.0
sample6	7.66020831072	-0.435083241731	2.36680537057	-0.93377390199	2.56674810697	1.51020281148	-1.14110186361	1.5181178829	-1.21968339862	-2.07742795031	-0.0
sample8	0.707722074775	-6.33737882827	0.911745398983	2.86362563636	-1.08441995947	1.01132124115	-2.37059005402	0.314285366321	0.512979892378	1.78182976401	-0.0
sample9	-1.36737494416	3.00233680926	-1.89982293445	1.92627090869	0.967789525718	4.0592583094	1.36838091382	-1.65938260681	0.179115555292	0.339420463714	-0.0
sample10	5.10305992627	2.12624945844	-1.19397871701	1.07604506109	2.0107838376	-2.18418444996	0.979087673657	0.427786545443	-2.02666523833	2.38670712839	-0.0
sample11	7.08389365449	-1.72447516251	3.61090860212	0.435495059932	-0.849730386152	-1.26643256419	2.56680310149	-1.507907545	1.81220267	-0.458929865032	-0.0
sample12	0.461584079646	3.8762043077	-2.87039452761	3.44618125849	-1.26388172721	-1.31363837402	-0.556155665897	1.98170642014	1.682803094	-1.32762995005	-0.0
sample13	-4.37556888249	5.03186576621	4.21093023489	-1.06194600293	-3.52574104298	0.299305370948	-0.694225966334	0.146249985823	-1.27830332956	0.476606424587	-0.0

Biplot	0	0

Site constraints	0	0
