Eigvals	11
0.613243693452	0.523597551856	0.383117812715	0.340599466043	0.29656823445	0.253163021016	0.181071984877	0.165363640259	0.135863242851	0.0802976452768	0.0

Proportion explained	11
0.206278892986	0.176124311624	0.128870658001	0.114568615311	0.0997576783105	0.0851573171937	0.0609078071083	0.0556239371346	0.0457007868685	0.0270099954618	0.0

Species	0	0

Site	11	11
sample1	-0.00898168623363	0.427070812223	0.047462506069	-0.220066986566	0.061762904816	0.220362649634	-0.131378079185	0.0790392614103	-0.0985625955598	0.0162122152959	0.0
sample2	-0.0317791353104	0.333707484174	0.0533211898991	-0.0701670712688	0.0388574244298	-0.20677266206	0.160097438193	0.0625550417114	0.211318033007	-0.020067535234	0.0
sample5	0.0322969313463	0.0880417128695	-0.140674352017	0.34660218803	0.231054258955	0.0509703333726	0.161941372208	0.0312010669545	-0.133177797687	-0.0366003402146	0.0
sample6	0.161851118513	0.169732024953	-0.172875138257	0.222656278313	-0.196932751813	-0.17889663674	-0.225467440551	-0.0776517073835	-0.00268510095884	0.0327278463881	0.0
sample8	-0.209498037969	0.00746762410725	0.0382380590528	-0.16057426094	-0.187912699044	-0.0698197726684	0.132603808383	-0.219147287761	-0.148176303609	-0.075205710216	0.0
sample9	-0.295369647166	-0.184732532529	0.0583445684694	-0.0479048088204	0.0840816613245	-0.150401834993	-0.00363449317351	0.0717326422881	-0.0733392080485	0.200783542555	0.0
sample10	-0.235357160443	-0.232452382815	0.0932760162221	-0.00333833329872	0.136259480717	-0.0877225632317	-0.185522340735	0.0898127831316	0.0189925043967	-0.169620352016	0.0
sample11	-0.1918740938	-0.0964597345612	-0.0759720338952	0.0572576168612	0.0913462754285	0.244440135901	-0.0332567481783	-0.206321377949	0.185936046896	0.0443062034153	0.0
sample12	-0.0463814956398	-0.17815714665	-0.200053418227	-0.00222428919885	-0.314313233749	0.154827133762	0.0847149786622	0.20753468824	0.0376517525746	-0.0131410447137	0.0
sample13	0.510097289539	-0.231045859151	-0.185426788772	-0.259479479965	0.149211898757	-0.052008831241	0.0163592132558	-0.0362954318662	-0.00455921668521	0.00216626171551	0.0
sample14	0.314995917163	-0.103172002621	0.484359391457	0.137239146854	-0.0934152198223	0.0750220482637	0.0235422911202	-0.00245967877619	0.0066018856754	0.0184389130245	0.0

Biplot	0	0

Site constraints	0	0
