Eigvals	15
612.478396029	179.580074164	145.651009723	102.588512336	74.3345615863	55.6695901854	49.4569913123	35.7274292769	28.2575046985	26.864232362	20.548138525	13.7895376511	11.9505005522	9.28269254033	0.0

Proportion explained	15
0.448314839705	0.131446941941	0.106611938478	0.0750915505946	0.0544105510956	0.0407483815955	0.0362009554561	0.0261513497181	0.0206836008772	0.0196637695358	0.0150405883518	0.0100935059942	0.00874738892698	0.00679463772964	0.0

Species	0	0

Site	15	15
sample1	6.18031717714	0.662199732649	-7.57814914281	-1.57565566308	0.733342280403	-3.87067929034	1.78911399604	-1.30082820151	0.545902269346	-0.466873289494	-0.553885431955	0.514093094628	-0.262116929667	0.169338415189	0.0
sample2	-21.9635580094	1.99139306082	-2.89333969107	-1.06937276566	-0.000263114201057	0.0628978449378	-1.18202179442	-0.414945274542	-0.321091766338	-0.485437310514	-0.365614598528	-0.101264560179	-0.116185140146	0.0997408699157	0.0
sample3	-0.0624220006698	-3.73772171088	-1.9607722763	0.750925462812	-1.24483307559	-1.28835120426	-0.890915291083	1.54867227812	-1.97420398014	1.02079329553	3.14231621119	0.485756830794	0.10218975279	-0.367616720603	0.0
sample4	1.45354642439	-1.42157393823	-4.17008941211	3.56347074271	2.6820706885	2.79646262477	-0.520192219411	2.27544016354	1.18938415791	1.94325491207	-1.24625444768	0.443559377835	0.253378205317	-0.135024756565	0.0
sample5	0.437588215751	-3.52824150458	1.45700477612	2.17584299616	0.983694268541	2.09480515143	-0.466892150224	-3.72535173045	1.09693009398	-0.248870390517	1.05801277665	0.96411114278	-1.25079930324	0.437212175967	0.0
sample6	-0.0118250869362	-4.52613590815	1.07547271659	-0.0236478822337	3.52187534656	-0.541111876221	0.944050114444	-0.518976175151	-0.213331198788	-0.372260488837	0.165342303655	-2.85241050094	0.261217852595	-0.301454076363	0.0
sample7	0.458615164066	-2.28659019086	0.226018172545	2.04739232822	-2.74162758752	1.21982725241	1.41967268402	-1.29435375733	-0.837932985443	-1.53186922691	-0.876510571425	0.59969847042	2.19353869503	-0.799597545105	0.0
sample8	0.498015258405	-2.70543011707	1.10934894414	-0.0394519888633	-1.75575126762	1.04453702679	2.41822501476	2.40835120741	-1.21764122777	-1.77907719913	-0.84008251575	0.0759638123443	-1.25240215385	1.38199260918	0.0
sample9	4.58938461556	6.31042635886	-0.273372812128	-4.52889180917	2.03474929446	3.55274538817	1.32434092447	-0.371637283272	-1.65668352558	0.117124164798	0.68530304709	0.148996549895	-0.107896487784	-0.544301586607	0.0
sample10	5.15420115782	2.19085625741	-1.43947823855	-1.78170906662	-2.64786525311	1.18685806501	-2.77039030277	0.452948219134	2.25325973645	-0.935142046363	0.994610832681	-1.00742683335	0.894359491241	1.12608418697	0.0
sample11	4.28040393947	2.3633082165	1.06818887473	1.70402869315	-2.40404112936	-0.89691723163	-2.20256158805	-1.51873838773	-2.33786675931	2.1974662964	-1.62299661407	-0.774737895731	-0.42069311181	0.448059687952	0.0
sample12	2.72871492199	-1.66432144387	1.72671040576	-2.11941628112	-1.32857370341	-0.617340324196	-2.40865334784	1.04057305432	0.971844464484	-1.14783285768	-0.968187455646	0.191356260677	-1.25920174543	-1.92661880728	0.0
sample13	0.186029548418	-1.4205582108	5.15760944649	-2.85186013252	3.69512937876	-2.13556112415	-1.60920281756	0.522132395325	-0.198912611737	0.123997718443	-0.585132806987	1.40435362457	1.08410528363	0.831752482311	0.0
sample15	-3.96054867337	0.111097717734	3.46408597676	-2.03304415338	-2.70895521245	-0.685510012861	3.40378010555	0.0901052722499	2.12262105081	2.73248544084	0.211841118708	-0.0651508931978	0.0504348960223	-0.173530984005	0.0
sample16	0.0315373473797	7.66129168047	3.03076225984	5.78138951959	1.18104908605	-1.92266228985	0.751646672072	0.806608219911	0.577722282136	-1.16775901864	0.801238152074	-0.0268984805407	-0.169929304704	-0.246035950953	0.0

Biplot	0	0

Site constraints	0	0
