Eigvals	14
377.614667084	268.620446107	206.440395581	143.203658422	86.0367124653	76.8823375426	69.5165296646	56.9550630868	45.3146443239	39.4834392299	38.6792999119	29.5442090436	26.5706772727	0.0

Proportion explained	14
0.257781720414	0.183375929941	0.140928213268	0.0977591408795	0.0587336607696	0.0524843523539	0.0474560237624	0.0388808365475	0.0309344101064	0.0269536905734	0.0264047383348	0.0201685943354	0.0181386887136	0.0

Species	0	0

Site	14	14
sample1	-4.9119003011	3.59015673954	2.13416284715	-4.89754489937	1.19794232105	-2.30510469393	1.67654111937	-2.4865605641	0.743601825734	1.07292425123	-0.996749705981	-0.25420767777	2.93011582886	0.0
sample2	-4.47913645998	2.75972112074	4.62573127822	-1.20198865241	2.37469539393	-3.29654144216	-0.423993472514	-0.471195845865	0.363814507841	-0.950775206749	2.82749015611	0.445718365039	-2.73120998829	0.0
sample3	-2.88325895849	3.78488534612	-0.193135652395	-4.05392373794	-4.91531130077	0.0927177465378	-3.30589485266	1.34376566636	-2.42181025394	-0.610632625751	-1.14576318183	-1.5294568764	-0.661092281051	0.0
sample4	4.4191541338	-7.7726499473	-2.7876646887	-5.22049392104	1.75108906578	-1.06094534221	-0.22752237182	2.93126890413	0.837390934233	-2.61187711446	0.0860421684968	0.613570516838	0.745550665902	0.0
sample5	8.39453748642	-2.43621904152	-2.26082552662	-1.16222679651	0.0346942771441	1.49141789315	-2.91928501036	-3.30712469366	0.52450379416	1.88484585615	2.64103543444	-1.37950599459	0.186505070774	0.0
sample6	11.1847724209	0.467343309741	6.14926522294	1.98654581515	-0.0381431029866	-1.5732203961	2.14508545158	0.845283645643	-3.31637698518	0.70755030744	-0.566698678927	0.46285629914	0.319997326169	0.0
sample7	-0.206381367537	3.2046676466	2.03596862392	-1.65319571641	0.274851094852	3.77412472692	1.39997965149	3.95701694626	2.40623639436	2.95035660221	0.382915677347	0.107036197949	-0.499456148293	0.0
sample9	-1.70128466194	-2.5411554725	3.748302074	-0.793430120253	1.0782580743	5.42578286175	1.10546804631	-3.00764378074	-0.307625447651	-2.11500071212	-1.85039289116	0.376645472242	-1.06738832781	0.0
sample10	-6.70955120211	-1.11200852865	-0.511987832723	3.92107397723	-1.54421859101	1.94798052928	1.19597497807	0.938933267941	-1.68297721163	-1.28043034957	3.41403044276	0.134763390197	2.16868760293	0.0
sample11	2.43029470804	-0.249916780818	3.35689551334	4.63975812048	-4.08710477285	-1.72638093706	-1.12266533922	-0.35834549639	4.12188228235	-1.37627930564	-0.934921749693	0.16159581629	0.4636997872	0.0
sample12	-4.59560431721	-2.34418409146	0.185034061382	3.96442791953	3.8537365415	-0.329985717629	-4.89972194523	0.852904460077	-0.882358880246	1.5062423695	-1.79240049038	1.09204386309	0.565861410658	0.0
sample13	-4.88223071321	-8.20665131838	-3.02216394681	1.79645841852	-0.97427888522	-2.0225713225	3.18416892796	-0.270110043312	-0.258575056467	1.8187267282	-1.01788810781	-2.08863894274	-1.42925256366	0.0
sample14	0.659857686807	2.47631590782	-7.10494584859	-0.395163351584	-2.25189368498	-0.456822953973	1.11276204887	-1.35513504016	-0.402220454287	0.805359494216	-0.225145522952	3.8416986819	-0.8377029953	0.0
sample15	3.28073154559	8.37969511007	-6.35463612513	3.06970294461	3.24568356925	0.0395490479018	1.07910276815	0.38694257382	0.27451455072	-1.80101029465	-0.821553550427	-1.98411911119	-0.154315388083	0.0

Biplot	0	0

Site constraints	0	0
