Eigvals	12
0.456918419995	0.412891366657	0.317336843211	0.261082185336	0.223673303413	0.184251524124	0.142257243949	0.126980654917	0.0967597282798	0.0465829081872	0.030025753385	0.0

Proportion explained	12
0.198767350058	0.179614826676	0.138046969963	0.113575228872	0.0973017235738	0.0801525733952	0.0618843412062	0.0552387629434	0.0420921414872	0.0202643640816	0.0130617177436	0.0

Species	0	0

Site	12	12
sample1	-0.38379582428	0.167538862033	0.0524214082104	-0.220079996098	0.0271410457582	-0.103723244186	-0.0360018815254	-0.0062201438907	-0.102714227827	0.0823116139157	-0.0140278480389	-0.0
sample2	-0.298897349509	-0.0380648605991	0.119027299931	0.0442033948448	-0.0836343228272	0.155194548461	-0.151721768578	0.118050908146	0.0619130423185	-0.0935156489976	0.0117466521601	-0.0
sample3	-0.0530484068304	0.0231064115422	0.240220303745	0.0899499397704	-0.0409470234578	0.0225472672362	0.106513033343	-0.159715186022	0.136593347701	0.0252129260472	-0.0773018141888	-0.0
sample5	-0.218942042662	-0.414501564084	-0.245880696263	0.146417293308	-0.0147196150743	-0.114227393042	0.036359031931	-0.0650556485761	-0.00775994153356	0.00414209810894	0.0151195405693	-0.0
sample6	0.0167120812223	0.282212341497	-0.0730813889414	0.0393981800309	0.0514444074943	-0.00902152791965	-0.0106443974145	-0.151809117273	0.0608398333717	-0.0230423513937	0.117033781279	-0.0
sample7	0.128126837072	-0.140503236697	0.269105110694	0.0745295252623	0.322360826178	-0.0746450178251	0.00737780134494	0.0757010334018	-0.0454660948268	-0.00708399619204	0.024907284282	-0.0
sample8	0.0919125997493	0.17342913572	-0.178217981848	0.103827174618	0.00519247413811	-0.0918608256001	-0.00571577694502	0.199559147233	0.136174971444	0.0744881575914	-0.0200789418183	-0.0
sample9	0.0488029690575	0.123276790036	0.057579353904	0.0797687842883	-0.198378775839	-0.0437814768864	0.220270221047	0.0850033358557	-0.129144152247	-0.0605751046064	0.0114608715895	-0.0
sample11	0.112394607709	0.165021612478	-0.205946229406	0.085386481837	0.122119624573	0.0522924301256	-0.0998409594714	-0.0722945724999	-0.104070778357	-0.0657345490731	-0.0890397439333	-0.0
sample12	0.133944194109	-0.101067217255	-0.0169334837459	0.0301667556255	-0.0459418556605	0.296171575331	-0.000625081197375	-0.00243274824063	-0.0740512476452	0.115214069708	0.0251580191537	-0.0
sample13	0.316406937932	-0.117624984274	0.106080811117	-0.101543187737	-0.214832874101	-0.15724521012	-0.181999522248	-0.0419388803409	-0.0112289025524	0.00339071798279	0.00306234310064	-0.0
sample14	0.106383396431	-0.122823290396	-0.124374507397	-0.37202434575	0.070196088819	0.0682988744239	0.116029299713	0.0211518722065	0.0789141501552	-0.0548079330905	-0.0080401441545	-0.0

Biplot	0	0

Site constraints	0	0
