Eigvals	11
0.546536345613	0.446695418722	0.341784090351	0.258864895429	0.152776137469	0.113373448992	0.105625096603	0.0913354448264	0.0528167338993	0.0229941663538	0.0

Proportion explained	11
0.256252761595	0.209440663111	0.160251221579	0.121373161851	0.071631662645	0.0531570491676	0.0495241037775	0.042824160106	0.0247640143766	0.010781201792	0.0

Species	0	0

Site	11	11
MCT.f.0460	-0.0777831435041	0.110712469952	0.421730180098	-0.096911056855	0.138387348144	-0.112658228403	0.0535663363474	0.0658434729677	0.0102057157173	0.000661319449473	-0.0
MCT.f.0461	-0.141131213338	0.139832343111	0.0571634801533	-0.337977919871	-0.153375498369	0.128521859218	-0.0557403564291	-0.0628860212071	-0.0115243420488	-0.00850386018211	-0.0
MCT.f.0462	-0.129413303422	-0.571291514461	-0.0457732290902	-0.0951739623805	0.0886545155357	0.0501791940476	0.0403664538282	-0.00144705973413	0.0141458796134	0.01780804178	-0.0
MCT.f.0463	-0.149565543876	0.0488083203183	-0.155075476222	0.0380394685243	0.0391174594232	-0.0764727138493	0.0940557875329	-0.0710358745961	-0.125642531545	-0.0812918625475	-0.0
MCT.f.0464	-0.185302766983	-0.0836663788066	0.185046537072	0.303068303282	-0.132580893042	0.0873574648439	-0.0998293439721	0.0684414471513	-0.0119210166212	-0.0321286865477	-0.0
MCT.f.0467	-0.113398622548	0.157179277206	-0.108201371705	0.0741408026717	0.114315976292	0.0209097625599	-0.0893223923371	-0.0104045851209	-0.0912839583313	0.101821894011	-0.0
MCT.f.0468	-0.122823010301	0.0128521381697	-0.209015379232	-0.0418613891557	-0.175039602757	-0.188308101476	0.0146137513302	0.115570545128	0.0550877569456	0.0251440141105	-0.0
MCT.f.0470	-0.104362512483	0.147066501183	-0.136391777235	0.0646874674745	0.14925203818	0.0115793417307	-0.0758021908386	-0.0876406527615	0.151238305668	-0.03444551829	-0.0
MCT.f.0472	0.391973327135	-0.110093557485	0.121871359812	0.0694168589717	-0.1021777715	-0.10393709096	-0.0313515553989	-0.177361100926	0.000859574115474	0.0221880749671	-0.0
MCT.f.0473	0.48180105315	0.00549582336858	-0.103073547802	-0.0792169091813	0.0721792292813	0.0433566948834	-0.088249549567	0.142760648701	-0.0285318443929	-0.0389555544677	-0.0
MCT.f.0475	0.15000573617	0.143104577445	-0.0282807758505	0.10178833652	-0.0387328011878	0.139471817404	0.237693059504	0.0181591803975	0.0373664608792	0.0277021377166	-0.0

Biplot	0	0

Site constraints	0	0
