Eigvals	12
0.630364791792	0.493709891713	0.456873453288	0.353556980635	0.341569141133	0.289550576488	0.269529023146	0.175716035659	0.112557632142	0.104819811441	0.0612330917027	0.0

Proportion explained	12
0.191630503774	0.150087499333	0.138889245013	0.107481101728	0.103836805991	0.0880231947644	0.0819366550286	0.0534175653099	0.0342174500098	0.0318651573399	0.0186148217087	0.0

Species	0	0

Site	12	12
sample2	-0.25660180219	0.172180563621	0.109749249896	0.271877399252	-0.0480737567778	0.108124081294	0.0643977531042	0.0229281782016	0.0610654013193	-0.152914691101	-0.109274168074	0.0
sample3	-0.177846971745	-0.0571729706539	0.0865469424157	0.270341849609	-0.119219846152	-0.132113113658	0.0572206003138	-0.071279601215	-0.0772593656788	0.214515180245	-0.0104079002049	0.0
sample4	0.133728877576	0.0179062146793	-0.350572795383	0.12195460877	0.385154169035	0.0653371194102	0.166122128766	0.0444251340593	-0.0254192424581	0.029109131535	0.00231412215742	0.0
sample5	0.0568037059714	-0.289859411791	-0.125895357126	0.0917593075163	-0.0540671513263	-0.359629476836	-0.0704215655321	0.0571864416029	0.0360663662986	-0.127382697378	0.0385478083005	0.0
sample6	0.356923973735	-0.159087203148	-0.117652182817	0.0432469171617	-0.247390427837	0.236834987091	-0.127495902364	0.153138808655	0.0328013574892	0.0564206995504	-0.0359652152884	0.0
sample7	0.206720716201	0.0411777860802	0.339700868933	0.0525608754186	0.269234584942	0.0104799765313	-0.303189348659	-0.0525270255411	-0.0412999358583	-0.00518356946702	0.00417293212268	0.0
sample8	0.334844851757	0.50423032603	-0.0513768421108	-0.0896496304614	-0.147955091422	-0.155288147214	0.0673119744887	-0.0670243523239	0.0181200002276	-0.000763306376096	0.0127285921431	0.0
sample11	-0.349227294831	0.167238980261	-0.0179924251289	-0.0208301142239	-0.0321664965641	0.107695163324	-0.0778478561649	0.133252030598	0.0119128533778	0.00154013703914	0.17439785613	0.0
sample12	-0.167155778139	-0.105009644348	-0.233652144144	-0.122093075504	-0.0283753570243	0.102977582376	-0.121513567374	-0.300019744308	0.0959803491101	0.000535426392632	-0.00543633446855	0.0
sample13	-0.0391317859516	-0.111219022919	0.248621141061	-0.230909514026	0.100094425958	-0.053162172517	0.164685323958	0.0825406040893	0.198853315957	0.0797345434501	-0.0278072295476	0.0
sample14	0.141772986945	-0.207598637172	0.203992375623	-0.0788903119423	-0.0795829555508	0.132087964052	0.25248134172	-0.100250847338	-0.138074060959	-0.0936569908235	0.0622281490028	0.0
sample15	-0.240831479328	0.0272130193598	-0.0914688312186	-0.30936831157	0.00234790272054	-0.0633439638548	-0.0717508822565	0.0976303735196	-0.172747038825	-0.00195386306657	-0.105498612273	0.0

Biplot	0	0

Site constraints	0	0
