Eigvals	15
1.07582437337	0.770669254879	0.455271741936	0.177506402505	0.148822408922	0.087794699379	0.033601099432	0.0223896905972	0.0183026443118	0.00778046173016	0.00319091116862	0.0	0.0	0.0	0.0

Proportion explained	15
0.384064743713	0.275125659158	0.162530083176	0.0633690337129	0.0531289695196	0.0313423357482	0.0119954501508	0.00799302469237	0.0065339664827	0.00277759187682	0.00113914176934	0.0	0.0	0.0	0.0

Species	0	0

Site	15	15
MCT.f.0052	-0.389190741662	0.399119146235	0.350664375784	-0.156610484516	0.123731346597	-0.0559568684922	0.0286373619282	-0.00500769921458	0.00585006994478	-0.00390394086612	0.00197769650186	-0.0	0.0	0.0	0.0
MCT.f.0053	-0.430258352591	0.191059406751	0.0325785670876	0.0593497008977	-0.125343354291	0.134872810862	-0.082444268114	0.00585957313707	0.00459406259958	0.018921995086	-0.00599150530209	-0.0	0.0	0.0	0.0
MCT.f.0054	-0.379963713005	0.0366287911373	-0.0931543284784	0.105546489189	-0.146370851282	-0.0133040838502	0.0398019977082	-0.019530760803	-0.031661644659	-0.0315321644396	0.00637169664256	-0.0	0.0	0.0	0.0
MCT.f.0055	-0.295604432738	-0.13733695624	-0.156670739813	0.114919833016	0.0186940571793	-0.0438335619945	0.0699918181339	0.0639759316599	0.0203641982188	0.0192800177399	-0.00317529140672	-0.0	0.0	0.0	0.0
MCT.f.0056	-0.198782718875	-0.222571856592	-0.131623618111	0.0445697513065	0.114924810027	-0.0795559601453	0.0125846156526	-0.0523357117468	0.00179357932607	0.0135235391482	0.0158452146709	-0.0	0.0	0.0	0.0
MCT.f.0057	-0.12213884622	-0.251346548843	-0.10255705586	-0.012946320765	0.128512842764	-0.0117086252695	-0.0672102451661	-0.0313615263558	0.0398733047072	-0.0205903983185	-0.0301268877918	-0.0	0.0	0.0	0.0
MCT.f.0058	0.0136863177851	-0.281791669371	0.0107347496093	-0.0836458825808	0.0621554230159	0.0552436642313	-0.0444546931986	0.0178495731845	-0.0506111139469	-0.0078084070281	0.029465052883	-0.0	0.0	0.0	0.0
MCT.f.0059	0.0874997196254	-0.280175053613	0.0781615554773	-0.122033094794	0.0179914757915	0.0901219439411	0.0131448335697	0.0551490048992	-0.0115250354277	-0.0153610930273	-0.00598288792348	-0.0	0.0	0.0	0.0
MCT.f.0060	0.156266684833	-0.251437859616	0.167671664325	-0.0920158328773	-0.113537206658	0.0175942918246	0.0580005335946	-0.0101502979608	0.016105482001	0.0431639411491	-0.0109623253933	-0.0	0.0	0.0	0.0
MCT.f.0061	0.253291502006	-0.129358306	0.194445041251	0.0246675714524	-0.13986715296	-0.0205675794622	0.00586661162041	-0.0714225389437	0.0214664307936	-0.0209359433828	0.0054558479705	-0.0	0.0	0.0	0.0
MCT.f.0063	0.305118660362	0.0301910151208	0.258398352595	0.194082065939	-0.00354105699903	-0.12322011793	-0.0559964195221	0.060195993911	5.08562906472e-06	-0.00603586171388	0.000141895200324	-0.0	0.0	0.0	0.0
MCT.f.0065	0.327607510471	0.220566870004	0.0110553777488	0.163559943859	0.15022598422	0.108949970185	0.0300475066371	-0.0383642336819	-0.047699264	0.0206914316496	-0.00811728356274	-0.0	0.0	0.0	0.0
MCT.f.0066	0.280142545721	0.255988275872	-0.162388835906	-0.0134750877841	0.0181022429	0.0807257144766	0.051239812224	0.0213613032546	0.0529170334103	-0.0380409798873	0.00515087096172	-0.0	0.0	0.0	0.0
MCT.f.0067	0.215691442425	0.227658275344	-0.218633666201	-0.0824870939254	-0.0286288849001	-0.0327954566293	-0.0503527992054	-0.000376681004978	0.0463453945531	0.0303529099174	0.019915795719	-0.0	0.0	0.0	0.0
MCT.f.0068	0.176634421864	0.192806469812	-0.238681439509	-0.143481558417	-0.0770496754043	-0.106566141747	-0.00885666586247	0.00415806966539	-0.06781758315	-0.0017250460265	-0.0199678891697	-0.0	0.0	0.0	0.0

Biplot	0	0

Site constraints	0	0
