Eigvals	9
292.246279439	124.991259792	111.123708334	59.3435842959	42.0975023515	29.9797144229	22.4070895483	15.272449689	0.0

Proportion explained	9
0.419014157224	0.179208808006	0.159325918826	0.0850850933266	0.0603581660747	0.0429840366038	0.0321266288178	0.0218971911207	0.0

Species	0	0

Site	9	9
sample1	-10.3017558306	4.58094810922	0.934238301461	-2.59930582455	-1.12919720997	2.34456758566	0.433985167343	-0.464031315784	-0.0
sample2	-3.80538591979	-3.80982936014	-6.40277924412	-2.82809638627	-0.650446851116	-2.34555956446	0.366481620916	0.552125607471	-0.0
sample4	-7.28754373376	1.24468637374	0.397034685642	5.42815676797	0.377921987315	-1.7449322345	-1.42047600254	0.167341442717	-0.0
sample5	-0.70150649608	-4.0600142604	2.08408643129	1.48403482103	2.58174594509	0.669493008179	3.32720874185	-0.424336329348	-0.0
sample6	1.32505676297	-1.52713352823	4.39988907999	-3.17459439418	3.33347948592	-0.539001371531	-2.32977763799	0.256137465639	-0.0
sample9	2.75050234865	-5.34018262143	1.93673992706	0.979790147058	-3.62107762351	2.09860296663	-0.879905116271	1.18525934723	-0.0
sample11	6.21219021776	5.54644288495	2.66371837855	-0.564874721892	-1.4286934337	-2.11288531972	1.50809373578	1.47570598452	-0.0
sample12	5.45325880136	0.236199472924	-0.136686584334	0.024245960266	-1.62684011605	-0.766460270012	-0.418254267964	-3.26086493311	-0.0
sample14	6.35518384948	3.12888292937	-5.87624097554	1.25064363057	2.16310781602	2.39617519974	-0.587356241127	0.512662730669	-0.0

Biplot	0	0

Site constraints	0	0
