Eigvals	13
0.628561548116	0.542018324581	0.504140210417	0.418111876465	0.387821893352	0.297385986951	0.255163075555	0.227011457696	0.178998355553	0.166381581222	0.11885110445	0.0412144756071	0.0

Proportion explained	13
0.166919362471	0.143937142604	0.133878317519	0.111032830548	0.102989092134	0.078973140337	0.0677605208678	0.0602846418236	0.0475343925854	0.0441839109435	0.0315618265915	0.0109448215748	0.0

Species	0	0

Site	13	13
sample1	-0.0977229562199	0.246850975793	-0.0749862754996	-0.072579693211	-0.262359800469	0.126151086989	0.191399286116	-0.242076548001	-0.0314109871821	0.103245713711	0.0818284356052	0.0232184823026	-0.0
sample2	-0.2379768866	-0.261341294882	-0.0024169385073	0.135736207365	-0.161848239145	-0.0576798153745	-0.121450461761	-0.0811500499381	-0.0389634720713	-0.0102280346473	0.0381447299508	-0.140063432245	-0.0
sample3	-0.255917727776	-0.245502927261	0.166607469026	0.110876506323	-0.0818190263311	-0.153530175185	-0.100276811999	-0.0769815692313	-0.0236233365207	-0.00316595585097	-0.0517393184349	0.133970548888	-0.0
sample4	-0.284945556347	0.118426160473	-0.0419035294411	-0.151123884476	0.103377272709	0.130697683945	-0.0564251105759	0.208888139471	-0.270809767217	-0.00399524690227	0.0314107471276	0.00936118931633	-0.0
sample5	0.0115160771504	0.112588979479	0.204800113126	-0.279580842018	-0.204113158194	-0.0644210842325	-0.0545952396932	0.168042978974	0.148051515347	0.139366995801	-0.117552184155	-0.0260118781416	-0.0
sample6	-0.133570097415	-0.0912127614281	-0.432222706547	-0.217456556178	0.0145901291648	-0.00724617907268	-0.000801881945816	0.0258241520365	0.179543111146	-0.181368641775	0.0225937510188	0.0202257572968	-0.0
sample8	0.0389762918795	-0.196507536252	0.327502116373	-0.241118768199	0.32127064731	0.102445592409	0.121703295605	-0.153963652097	0.0206427238101	-0.0508029253793	-0.0101171031855	-0.0248304158107	-0.0
sample9	-0.0373288167325	0.19144419707	0.0980296354373	0.197393181503	0.199059154098	0.0550700693201	-0.158010873183	0.0489007913963	0.174558809781	0.0875273982209	0.188818486035	0.0128170885719	-0.0
sample10	0.410209529656	-0.222785946068	0.0815220544496	0.121725673161	-0.225683380687	0.263939485554	0.0117805283413	0.125605787895	-0.0148884754434	-0.0945246500373	0.0357680941037	0.0238863442323	-0.0
sample11	-0.0485571803927	0.176088952933	-0.132728565424	0.275373284514	0.132732892491	0.180928254613	-0.011751224728	-0.0548001985553	0.0333966089165	0.00408089505026	-0.235185687211	-0.0140852419642	-0.0
sample12	-0.0256417915351	0.139149683592	0.103995977343	0.19852193908	0.0128640021522	-0.248420446493	0.315823752656	0.142066495593	-0.00207436561218	-0.109538537656	0.017717285126	-0.0182244740059	-0.0
sample13	0.380898314593	0.282561955016	-0.00106054902544	-0.0816046338894	0.00371188385228	-0.194617048399	-0.20711599376	-0.133316526982	-0.10949118785	-0.120510586027	-0.00563107119709	-0.00533912613191	-0.0
sample14	0.280060799739	-0.249760438465	-0.297138801311	0.00383758602541	0.148217623049	-0.133317424073	0.0697207349266	0.0229601994399	-0.0649311771043	0.239913575492	0.00394383521606	0.00507515769182	-0.0

Biplot	0	0

Site constraints	0	0
