Eigvals	15
0.743757828195	0.340394180246	0.325625422384	0.22963260751	0.126450350955	0.0491510256371	0.0199889383753	0.0184074986187	0.0127449936907	0.00442536513561	0.0	0.0	0.0	0.0	0.0

Proportion explained	15
0.39760851694	0.181972706776	0.174077416551	0.122760227929	0.0675996064898	0.0262758463424	0.0106859677186	0.00984053941872	0.00681339792023	0.00236577391428	0.0	0.0	0.0	0.0	0.0

Species	0	0

Site	15	15
MCT.f.0122	-0.172120483692	0.148308876891	0.236106741426	-0.0806475132935	0.157939111146	-0.0518071061862	0.0332363531677	0.0282553829394	-0.022801397612	-0.0311066251992	-0.0	0.0	0.0	0.0	0.0
MCT.f.0123	-0.185664297002	0.122014995578	0.193358818752	-0.100552293463	0.0882603864795	-0.010369891971	-0.0296085296498	-0.0305534239035	0.0250936210885	0.040491375999	-0.0	0.0	0.0	0.0	0.0
MCT.f.0124	-0.2289558608	0.233082325711	-0.0216805591167	0.0245875279159	-0.0927764072444	0.0494206907752	-0.0350448060117	0.0240876597198	-0.0219797064847	0.0119773587571	-0.0	0.0	0.0	0.0	0.0
MCT.f.0125	-0.236753920995	0.188094996731	-0.0883139787985	0.0827786513074	-0.092414946417	0.0336136559279	0.0143416777722	-0.0298816804794	0.0365900166484	-0.0250359963692	-0.0	0.0	0.0	0.0	0.0
MCT.f.0126	-0.236660253229	0.0687048698968	-0.268420080572	0.117756576778	-0.0153552025783	-0.0491826122966	0.0225159284918	0.0057925939365	-0.0216322347849	0.00908432821151	-0.0	0.0	0.0	0.0	0.0
MCT.f.0127	-0.154326084996	-0.214866140405	-0.174593451059	0.04193147733	0.131893357862	-0.0510253358814	0.00688648992593	-0.0233190912284	0.047013341347	-0.00314528363501	-0.0	0.0	0.0	0.0	0.0
MCT.f.0128	-0.138154251096	-0.235084729823	-0.116222453572	-0.00604507200607	0.0782341754835	0.0274061269168	-0.0216395152048	0.0288880617163	-0.0542744760356	0.00841040624968	-0.0	0.0	0.0	0.0	0.0
MCT.f.0129	-0.0941975034017	-0.197371909105	0.07709292678	-0.0685032392532	-0.0116289346384	0.122693734377	-0.0408434431213	0.0180625408268	0.0311902169645	-0.0166242753585	-0.0	0.0	0.0	0.0	0.0
MCT.f.0130	-0.0450590075176	-0.156644502813	0.132824142867	-0.0392361782743	-0.107101283387	0.0363934358287	0.0521395137941	-0.0447197698754	-0.0410430892003	-0.00136298860169	-0.0	0.0	0.0	0.0	0.0
MCT.f.0131	0.084422537426	-0.121393355415	0.189648074572	0.147530942144	-0.0940620650398	-0.034208761967	0.0487536378757	0.0454148085642	0.0291587480437	0.0185518581537	-0.0	0.0	0.0	0.0	0.0
MCT.f.0132	0.236933365568	-0.0409769720393	0.144618656755	0.239781949285	-0.0136037369386	-0.0369842632386	-0.0364446916829	-0.0409978556443	-0.0148815098431	-0.00693560122138	-0.0	0.0	0.0	0.0	0.0
MCT.f.0133	0.406706001769	0.117529824188	-0.0608663552197	0.0966323321245	0.0630536888535	0.0298028479841	-0.0112862894858	0.0635204620336	0.00884610600098	-0.00176874207272	-0.0	0.0	0.0	0.0	0.0
MCT.f.0134	0.39413303876	0.0999460305763	-0.0808944716944	-0.0218376618769	0.0807833493077	0.0376352296903	-0.00456876141237	-0.0597403687281	-0.0140957944117	0.000368267432999	-0.0	0.0	0.0	0.0	0.0
MCT.f.0135	0.252005612298	0.0383494710542	-0.127362449025	-0.230067440281	-0.0288514564194	0.0205839871434	0.0612370430141	0.00658181769194	0.0119491995791	0.00871656946465	-0.0	0.0	0.0	0.0	0.0
MCT.f.0136	0.117691106908	-0.0496937810254	-0.0352955620944	-0.204110058436	-0.14437003647	-0.123971737102	-0.0596746074727	0.00860886243041	0.000866958699953	-0.011620651811	-0.0	0.0	0.0	0.0	0.0

Biplot	0	0

Site constraints	0	0
