Eigvals	9
191.050852831	81.2525671945	73.0751095019	47.6060432293	36.1574895982	29.7243395385	23.5844473985	21.5739046692	0.0

Proportion explained	9
0.379050535375	0.161207493394	0.144983175782	0.0944517959786	0.0717375274012	0.058973967657	0.046792240288	0.0428032641247	0.0

Species	0	0

Site	9	9
MCT.f.0566	2.91363546116	-2.54195125006	1.89419139684	0.055200566669	-1.11885800186	2.7809253708	-1.49260390555	-2.65405494988	-0.0
MCT.f.0567	-0.643128013211	-4.35264186439	2.70350655972	0.337576176144	3.48138726322	-2.13115281171	-1.07176356433	0.558110570692	-0.0
MCT.f.0568	7.87614045116	4.2884301793	-1.06035393244	0.467649572285	-0.6283109319	-2.11567613821	-1.91721634746	0.105376873378	-0.0
MCT.f.0570	2.74744782668	-3.66026669118	-5.47094445192	-2.4891243849	-0.417995983236	-0.647872651152	1.70021329228	-0.263851674059	-0.0
MCT.f.0573	0.16546851855	3.36025180226	1.81498044429	1.23402492615	1.74088179486	-0.254968721816	3.19962538676	-1.81458380355	-0.0
MCT.f.0574	-4.54045615491	0.221732662055	3.66737199192	-2.64346415043	-3.52891109903	-1.60670198012	0.424054869808	0.479345633772	-0.0
MCT.f.0575	0.931774368877	2.25211299235	0.625082575108	-2.67717657724	1.69085290201	3.03817571385	-0.00839040455084	2.44197732846	-0.0
MCT.f.0577	-9.54181925639	2.15928833434	-3.71136642089	0.728783860127	0.641514759712	0.124465461487	-1.61617895338	-0.839199795425	-0.0
MCT.f.0578	0.0909367980902	-1.72695616468	-0.462468162623	4.9865300112	-1.86056070379	0.812805756869	0.782259626426	1.98687981661	-0.0

Biplot	0	0

Site constraints	0	0
