Eigvals	14
0.847929323265	0.558616159355	0.304931611565	0.172060954201	0.0552865616339	0.0374552205293	0.0153237799279	0.0144668829679	0.00654558283389	0.0	0.0	0.0	0.0	0.0

Proportion explained	14
0.421307040751	0.277557238034	0.151510074455	0.0854911953793	0.0274699990155	0.0186102163104	0.00761386143561	0.00718809868332	0.0032522759363	0.0	0.0	0.0	0.0	0.0

Species	0	0

Site	14	14
MCT.f.0344	-0.272966344405	0.194924472481	0.183183695645	-0.236406668945	0.0790148478974	-0.0529334966851	-0.00548246613262	0.0375191990196	-0.00582968662869	-0.0	0.0	0.0	0.0	0.0
MCT.f.0345	-0.295824540603	0.155923647734	0.120685932503	-0.042971783021	-0.0523125140482	0.0966557789099	-0.0138882043314	-0.0346582215563	-0.0173802117859	-0.0	0.0	0.0	0.0	0.0
MCT.f.0346	-0.317410343173	0.123487931209	0.0729710868629	0.0587516099782	-0.0213927241089	-0.00869137336109	0.0448831398411	-0.0458149576721	0.0357912686894	-0.0	0.0	0.0	0.0	0.0
MCT.f.0347	-0.292119893134	0.00916126332508	-0.0224985351717	0.186482265365	-0.0289520116901	0.00148424478151	0.00937562368218	0.0708022323245	-0.0022831414991	-0.0	0.0	0.0	0.0	0.0
MCT.f.0348	-0.261797601179	-0.0877846975425	-0.0820023145068	0.145438788036	-0.0298654633193	-0.0413487392052	-0.0506972478857	-0.0162608175988	-0.0207481748113	-0.0	0.0	0.0	0.0	0.0
MCT.f.0349	-0.153696797293	-0.264262442807	-0.209740537197	-0.0137741507302	0.0819555609521	-0.0592208430853	0.0433482490218	-0.0155548455861	0.00415023737249	-0.0	0.0	0.0	0.0	0.0
MCT.f.0350	-0.0672127984818	-0.318584071518	-0.1655966903	-0.132351145485	0.0164812888918	0.080418892393	-0.0383524899966	0.0138408477929	0.0056089671375	-0.0	0.0	0.0	0.0	0.0
MCT.f.0351	0.178703506465	-0.299916812029	0.101945505324	-0.07903062165	-0.0514640810867	-0.0361155044126	-0.00448576604579	-0.0238905205223	-0.0114500857693	-0.0	0.0	0.0	0.0	0.0
MCT.f.0352	0.23416632284	-0.214400374418	0.163001340292	-0.000177889923854	-0.0330776136674	0.0486107872238	0.0538625810077	0.00680998156525	0.0025989076524	-0.0	0.0	0.0	0.0	0.0
MCT.f.0353	0.27718041391	-0.0509371219745	0.194824539749	0.092906216764	0.0294916485924	-0.00735629919217	-0.046646731755	0.0225311615601	0.0437407584301	-0.0	0.0	0.0	0.0	0.0
MCT.f.0354	0.289901673131	0.0620815720129	0.130827389303	0.0847443527401	0.0346969641398	-0.0415485679618	0.00334893513224	-0.0139895507444	-0.0435985022424	-0.0	0.0	0.0	0.0	0.0
MCT.f.0355	0.245076656544	0.227672463069	-0.144466202033	0.0639886813449	0.10701683383	0.0795050014998	0.0208108772845	0.00604659756893	-0.0107506999212	-0.0	0.0	0.0	0.0	0.0
MCT.f.0356	0.203969493118	0.250321823987	-0.14848675812	-0.0254236791875	0.00904751017449	-0.0272162527771	-0.0345664836465	-0.0401857728159	0.0193915163766	-0.0	0.0	0.0	0.0	0.0
MCT.f.0357	0.232030252261	0.212312346471	-0.19464845235	-0.102175975285	-0.140640246557	-0.0322436281276	0.0184899838241	0.0328046666645	0.000758846999253	-0.0	0.0	0.0	0.0	0.0

Biplot	0	0

Site constraints	0	0
