Eigvals	11
0.657539902394	0.484639187275	0.40093255665	0.273238519889	0.122740761082	0.0616733640836	0.0420869059833	0.0224500722857	7.35799132376e-05	0.0	0.0

Proportion explained	11
0.318363469244	0.234649505575	0.194120963919	0.132294880974	0.0594278375709	0.0298606154214	0.0203773692666	0.0108697325769	3.56254523258e-05	0.0	0.0

Species	0	0

Site	11	11
MCT.f.0564	-0.3042418342	0.074769389389	0.233811927007	-0.0234582836837	0.111611998686	-0.0810838696667	0.126718616905	-0.0028124195181	-0.00141173739402	0.0	0.0
MCT.f.0565	-0.296223638716	0.0542955203189	0.22963122219	-0.0444895603184	0.0214313987025	0.0578040023497	-0.0721731601543	0.0566200907476	0.00468494576882	0.0	0.0
MCT.f.0566	-0.341784973289	0.0803870538922	0.0197656144595	0.101441324256	-0.041966553337	0.00759983799167	-0.0954236994239	-0.0832736238541	-0.0031948815966	0.0	0.0
MCT.f.0567	-0.207165566348	0.0105745240463	-0.292710432357	0.18395765907	-0.0999144578923	0.0598417005659	0.0450105722192	0.0710745513657	-0.00168990503583	0.0	0.0
MCT.f.0568	-0.055563614076	0.0147109998404	-0.390508655486	-0.0154536671502	0.0523204705543	-0.0605497557306	0.023084362718	-0.0461077330295	0.00447317893131	0.0	0.0
MCT.f.0570	0.0527844888913	-0.0302119659775	-0.159006674764	-0.392330722526	0.0844309999503	0.00639101570946	-0.0431329052917	0.0287893793138	-0.00307338636114	0.0	0.0
MCT.f.0573	0.189791841189	0.134981013092	0.108761980329	-0.167627501031	-0.184816900602	0.0916227120122	0.0671308204632	-0.0496824147	0.00142795576614	0.0	0.0
MCT.f.0574	0.309803294217	0.284079043586	0.0617839309961	0.0692524471298	-0.0765998433568	-0.075022416188	-0.0187232716827	0.0390187053973	-0.00164209017661	0.0	0.0
MCT.f.0575	0.370011606599	0.191190372342	0.0297149728471	0.168838742354	0.155251460606	0.0059066074687	-0.0304185565891	-0.0080708333518	0.000762027300145	0.0	0.0
MCT.f.0577	0.178607690393	-0.38510360176	0.062754613327	0.103696500433	0.0983268193457	0.116780326744	0.026448324096	-0.0133635786331	-0.00110277964075	0.0	0.0
MCT.f.0578	0.10398070534	-0.429672348769	0.0960015014511	0.0161730614665	-0.120075392656	-0.129290161256	-0.0285211032592	0.00780787626222	0.000766672438568	0.0	0.0

Biplot	0	0

Site constraints	0	0
