Eigvals	10
152.180236649	98.9051719612	62.7006418942	58.4925210457	47.2142947835	40.0156267372	28.7416366294	24.345557285	16.1961417942	0.0

Proportion explained	10
0.28778855566	0.187039902242	0.118573394069	0.110615402626	0.0892871111349	0.0756736858616	0.0543534053764	0.0460399649919	0.030628578039	0.0

Species	0	0

Site	10	10
sample1	-2.84819540204	-0.0139640938004	5.24798249225	-1.3329682878	-1.171595484	-2.76958680722	0.042302634833	-0.000185096085958	-1.59074301689	-0.0
sample2	8.35995496152	-0.819757127045	1.51345326699	-4.30353981724	0.240787402689	1.09038960862	-0.0190954184352	-0.189624962497	0.885052808098	-0.0
sample5	-3.81995061206	-1.25594362714	-3.67921402554	-2.43140818547	-3.50179581987	-0.705553670973	-0.459537090328	-2.05162034289	0.551844962778	-0.0
sample6	-2.13294952683	1.17748270016	-2.80832912271	-1.91977699556	2.21012254077	-2.11277567358	1.6439853049	2.90583686958	0.430006486608	-0.0
sample7	0.0484558521177	-7.91873450406	-0.78703824549	1.67725392799	1.43631060062	0.456534353995	-1.70758445558	0.747331340857	-0.749803437104	-0.0
sample8	3.41140597382	3.09151127808	-2.22964299584	1.52689788647	2.6923235002	-1.13290522895	0.066647754386	-2.35734823389	-1.77137821984	-0.0
sample11	-5.03175598336	1.38153875826	0.880088432378	-0.930227722415	1.10969073094	4.82923940036	1.13172791132	-0.171908097425	-0.725670839061	-0.0
sample12	2.11089823484	-1.50185644027	0.781536991569	3.91613219163	-1.88550604675	-0.0977333412242	3.54967614515	-0.291484882848	0.973898528875	-0.0
sample13	2.56051161368	3.84444283451	-0.853136949907	2.04188474497	-3.20140587293	1.01918728443	-2.14699020815	2.19342912237	-0.617813467502	-0.0
sample14	-2.65837511168	2.01528022131	1.9343001563	1.75575225743	2.07106844832	-0.576795925449	-2.10113257809	-0.78442571718	2.61460619404	-0.0

Biplot	0	0

Site constraints	0	0
