Eigvals	11
0.767365776381	0.411478598851	0.23094986498	0.0588047072133	0.0273754844344	0.0139438359723	0.00391692547493	0.000492683712577	0.0	0.0	0.0

Proportion explained	11
0.506736875169	0.271723584499	0.1525098154	0.0388322159987	0.0180776467566	0.00920793718713	0.00258657687966	0.000325348109913	0.0	0.0	0.0

Species	0	0

Site	11	11
MCT.f.0158	-0.119687320215	0.356757550216	0.108924682618	-0.0943673475558	0.0337053029698	0.0201738428512	-0.000607091264672	0.00635624437078	-0.0	0.0	0.0
MCT.f.0159	-0.222706949719	0.279129437275	0.0506701155163	0.0253537611881	0.00890573979698	-0.0343304500072	-0.0254204721044	-0.00881633670819	-0.0	0.0	0.0
MCT.f.0160	-0.249366213397	0.137228563789	-0.0567869852849	0.0872247889628	-0.0808179910518	-0.0128872233166	0.0370760288247	-0.00190877973345	-0.0	0.0	0.0
MCT.f.0161	-0.328327556597	-0.0965090696984	-0.0902383368654	0.0136928068047	-0.0149012716132	0.0553349826037	-0.0176269987681	0.00768631880258	-0.0	0.0	0.0
MCT.f.0162	-0.309358393925	-0.248378865298	-0.0102000355426	0.0373455672464	0.097422691371	-0.00369184427574	0.0175993518128	0.00188263285269	-0.0	0.0	0.0
MCT.f.0163	-0.178340812955	-0.321723308502	0.0503326046465	-0.0739695345163	-0.0442465955548	-0.0331897892178	-0.0187125526745	-0.006286153781	-0.0	0.0	0.0
MCT.f.0166	0.230795084466	-0.0838455473256	0.250351402464	-0.0799224484125	0.000160434664396	0.0236754698528	0.0248018960719	-0.00513061697004	-0.0	0.0	0.0
MCT.f.0167	0.297015764214	-0.0712355643428	0.145025813221	0.0636051511626	-0.0628472061158	-0.000816582092296	-0.0133704753602	0.0102487779137	-0.0	0.0	0.0
MCT.f.0168	0.351262366617	0.0102181180704	0.035607150467	0.120979595292	0.0630930882297	-0.0209137117932	-0.00713589128517	-0.000830095124154	-0.0	0.0	0.0
MCT.f.0169	0.289974715507	0.0184399216684	-0.225106504241	-0.00237208210187	-0.00390724155544	0.0624597033946	-0.00440619915927	-0.00971256138759	-0.0	0.0	0.0
MCT.f.0170	0.238739316004	0.0199187641477	-0.258579906999	-0.0975702580697	0.00343304885922	-0.0558143979993	0.00780240390672	0.00651056976466	-0.0	0.0	0.0

Biplot	0	0

Site constraints	0	0
