Eigvals	15
242.720663816	132.473440654	113.193075661	99.7119258255	57.6752521035	42.4764160879	40.6216203169	33.4602399897	29.7179390425	23.684105058	20.8705762034	17.5060517786	15.0434615984	11.9652783641	0.0

Proportion explained	15
0.275468325548	0.150346642527	0.128464987388	0.113164972493	0.0654567471625	0.0482072973559	0.046102254146	0.0379746665879	0.0337274576382	0.0268795439986	0.023686416268	0.0198679531219	0.0170731124075	0.0135796233573	0.0

Species	0	0

Site	15	15
sample9	-2.35751160579	1.6710660495	2.74784468081	-2.39738520335	0.928681240309	1.45863311671	0.237646959094	-2.16871496407	2.23790289334	-2.59522115701	0.233177459686	1.10449963247	0.367136142844	0.534323201867	-0.0
sample2	2.23943983766	-0.863861108192	3.25012800013	-0.341490190212	0.792611456668	1.71623985503	-1.87457699047	-1.02582296536	-1.4683454244	0.518416492798	-3.04743511825	-0.00646032332403	-0.982860878461	-0.50443032637	-0.0
sample3	2.21344167932	2.50184168431	2.59051544277	3.33858286657	-0.226251092287	0.713133943496	0.348649080926	-0.162608954908	-1.83891654852	-0.723877499408	0.843312522936	-2.07307985673	0.428215728116	1.73131273087	-0.0
sample4	6.14811284575	1.2096780611	-3.96667166226	0.030626181234	0.295996462633	0.785817531223	-0.939703234752	-1.97005026363	-2.03170605057	0.454099420638	1.63350029606	1.75850278467	0.413665703066	-0.350678834567	-0.0
sample6	-2.82990398275	2.59094549192	-0.0931660387871	0.00576375747445	1.75234656781	-0.769376465948	0.360909652258	-0.985170602004	0.79707203163	1.1081009594	1.47536433295	-0.884622862444	-2.7512917257	-0.544683469417	-0.0
sample7	-5.87178653888	2.23038261784	-0.82361182594	-4.21272096454	0.785587615922	-0.0122821425497	-0.607987075996	1.77234557829	-0.78891532041	1.86705675433	-0.290158219664	0.908768328487	0.385183401959	1.64761968464	-0.0
sample8	-4.20750611482	-0.40434155704	1.9020993247	1.13442755308	2.26919274194	-4.26376535263	-0.617403296122	-0.804773761314	-1.03732395074	-0.30837123176	-0.116646434282	-0.0996163670212	1.47763436822	-0.988699017864	-0.0
sample10	5.57697971251	-1.77389953712	0.714139854977	-0.715228154392	3.81360533695	1.57531254258	-0.49418353054	2.39182288046	1.78470188016	0.637564377032	0.738488945266	-0.791802724628	0.974128370497	-0.645876206385	-0.0
sample11	4.59329810503	-0.96205827735	-2.11648664338	-5.41743859384	-2.20798762832	-1.57027897799	1.90951726326	-1.41359506854	0.542079471407	0.362984053818	-0.762741685343	-1.66441585277	0.422735677872	0.00142480614479	-0.0
sample12	3.67238991595	-0.366077116751	4.40513476551	-0.88572334381	-2.10114749766	-1.27855763084	2.05952900813	2.59312525075	-0.973681373903	-0.853507430385	0.57641824414	1.49333452778	-0.911082868706	-0.436127418417	-0.0
sample13	-0.512850931822	0.266206216075	2.59339231296	3.47094365082	-3.66125015835	0.168016854063	-0.681619973848	-0.817020075968	2.25013324232	2.45962207756	0.201988537062	0.509943041305	0.809625718786	-0.0988041909885	-0.0
sample14	1.16939580232	-4.05995652592	-2.91296272657	0.890350288821	-1.28387579985	-1.79870001327	-3.68963297034	0.945690481721	1.01636870678	-1.46578177542	0.048349266487	-0.0508783419875	-0.921049431556	0.925776144798	-0.0
sample15	-5.13853634843	3.72053244642	-2.69571026397	-0.312027543319	-2.54800690782	1.93374270205	-0.90864391757	1.52749182895	-0.556190886559	-1.2400486725	-0.0185376148419	-0.918274640708	0.455060268431	-1.64783952612	-0.0
sample16	1.15364883236	2.51267766946	-4.50117120169	4.35541449242	1.35208902081	-0.557767316604	2.71038232794	0.646987547516	1.00184844994	-0.349226407761	-2.02733008785	0.737608641955	-0.129500538396	0.354988081398	-0.0
sample17	-5.84861120842	-8.27313611425	-1.09347401926	1.05590520304	0.0384086412552	1.89983135468	2.18711669802	-0.529706911906	-0.935027120481	0.128190038678	0.512249555642	-0.0235059870546	-0.0375999369787	0.0216943404055	-0.0

Biplot	0	0

Site constraints	0	0
