Eigvals	13
0.514046126279	0.368365809234	0.311790239938	0.18812474824	0.172920597942	0.125819643103	0.10679134521	0.0570522788643	0.0448137703539	0.022148253629	0.00391829554111	0.0	0.0

Proportion explained	13
0.268320551255	0.192278692406	0.16274751385	0.0981969001845	0.0902606746582	0.0656750323958	0.0557426875748	0.0297800102611	0.0233917832476	0.0115608917552	0.00204526241095	0.0	0.0

Species	0	0

Site	13	13
sample1	-0.0443661842602	0.0416976792008	0.0839262852415	-0.221029580125	0.114566583454	-0.0904108517751	0.155633877379	-0.117988338942	0.0277777441145	-0.00835009873377	0.000400084860508	0.0	0.0
sample2	-0.114750039153	-0.0429644185568	0.136900156023	-0.060655437441	-0.0557521637509	0.00457783969383	0.00113762781307	0.0969239118733	0.0936350728183	0.0234107850623	-0.0359511124614	0.0	0.0
sample3	-0.116885346319	-0.0367492803074	0.102264163903	-0.0445996283685	0.00510416709475	0.0338466360161	-0.00203515910732	0.0809324042529	0.0423191146953	0.0135704965988	0.0501041076954	0.0	0.0
sample4	-0.155764652408	-0.0232166315274	0.0907383429821	-0.0554014702573	-0.032822439268	0.0412378553364	-0.00562387424177	0.0572957011595	-0.0189108554999	-0.0587348283741	-0.00396056870155	0.0	0.0
sample5	-0.157189481484	-0.134824005116	-0.0607201473245	0.283198754024	0.130984517067	0.0943425311847	0.140805601479	-0.0180103803472	0.00834816737655	-0.0177746667811	-0.00406051725784	0.0	0.0
sample6	-0.0380813634798	-0.0525587383985	0.0509223619558	0.0352188843698	0.139479605405	0.0234113205221	-0.244087379916	-0.0964374739674	0.0502139664519	-0.00846847338561	-0.00146463123782	0.0	0.0
sample7	-0.306617010321	0.249439438224	-0.387847671868	-0.0101528146911	-0.0968622636336	-0.0502870250928	-0.0257952239291	-0.00856606333129	0.0148023810524	0.00235205510515	0.000730775816483	0.0	0.0
sample8	0.373934835065	0.293209290835	0.0909353645136	0.136850289629	-0.111601999975	0.0208807161312	0.0351418229951	-0.0328264795607	0.0656553584608	0.0265232113015	0.00394164322553	0.0	0.0
sample9	-0.123539372158	-0.0461929941271	0.0732754946261	-0.000174254522429	-0.00510544872876	0.018168237166	-0.0102093344178	-0.019210713431	-0.105872829308	0.11328983782	-0.00390973817251	0.0	0.0
sample10	-0.0035680975304	-0.0513017499382	0.116016695676	-0.00941837376463	-0.241162964467	0.0774721794296	-0.012480768374	-0.0688784916858	-0.0759891338908	-0.0531065182529	-0.000591184092826	0.0	0.0
sample11	0.142259267837	0.264697497632	0.0577519100519	0.0232517311151	0.175328939101	-0.0833460389633	-0.0287761200172	0.0837228424014	-0.0946907967378	-0.033235510838	-0.00544825805423	0.0	0.0
sample12	0.179557910141	-0.309865135773	-0.0836514909995	0.0769104624414	-0.0741785223238	-0.251157780128	-0.00998629301971	0.0152265695475	0.000159278714629	-0.00422331521654	0.00322725848194	0.0	0.0
sample13	0.365009534071	-0.151370952147	-0.270511464781	-0.15399856241	0.052021990024	0.161264380479	0.00627522335731	0.0278165120304	-0.00744746824804	0.00474702569431	-0.00301786010165	0.0	0.0

Biplot	0	0

Site constraints	0	0
