Eigvals	15
511.026404617	300.507052219	203.918235018	134.826598622	119.328466708	74.7675853232	67.7926305276	60.1712790386	45.6939488386	40.7938027924	38.6951604891	24.2106653171	21.576023644	16.3136498001	0.0

Proportion explained	15
0.307917440035	0.181069630445	0.122870325948	0.0812393659532	0.0719010126678	0.0450509861376	0.0408482478727	0.036256025203	0.0275327529544	0.0245801845299	0.0233156538525	0.0145880643713	0.013000568868	0.00982974116148	0.0

Species	0	0

Site	15	15
MCT.f.0292	-5.35745517226	7.44089318633	0.198498488086	-0.220168568858	1.34890056827	2.82435177005	-2.46050530334	4.3385738851	-1.47744909395	0.24543060804	0.133952264893	-0.29433318222	0.0765755553624	1.36814453225	-0.0
MCT.f.0293	-4.53219573883	2.70794567357	-0.593244534313	1.3702014768	5.68412272942	-2.68306080539	3.53749182722	0.11918686823	1.42183875812	0.183221517231	-2.79329745242	0.833656131006	0.483626198369	0.494105271579	-0.0
MCT.f.0294	-5.52040784962	-5.7274470684	0.55358629243	3.71576937901	0.645154983864	-1.27328727433	2.71567273949	1.04638313355	-2.97845730856	-0.0461912917821	2.74546968114	-1.15823247011	1.06292439077	-0.43708368197	-0.0
MCT.f.0295	-5.91838623472	5.28245272888	-2.92942329665	0.365611107232	-0.990402618728	-1.97541191847	-0.329171632268	-1.43675204818	-0.18280706374	-0.0722391086773	2.3563681485	2.041262785	-2.48479155866	-0.698715253707	-0.0
MCT.f.0296	-6.89107273185	-7.64375721682	-6.95955650493	-6.92443387084	0.309462507595	0.666147655875	-0.641843842548	-0.0330436935643	0.344267604569	-0.909711654804	-0.548376110179	-0.456581891255	0.00611174570254	0.10946266263	-0.0
MCT.f.0297	1.31173918685	3.1878632071	-2.55814679864	3.41209761293	2.654608986	2.5133435181	-1.85783610174	-4.18455150768	1.20280245337	-2.22627138427	0.947692444189	-1.27658966843	1.00131315419	0.18465034416	-0.0
MCT.f.0298	-2.3479782114	-0.153381686936	0.751525307389	1.86128691883	-3.18186554001	-4.05582096743	-4.51166385238	0.582959626045	0.0871901390038	-0.304242488037	-1.74735084295	0.218762390542	1.62638887527	-1.12318672073	-0.0
MCT.f.0299	-5.24980679563	-4.01230391122	0.70859546448	3.91588312895	-3.14905246705	3.79268028951	0.722891266304	0.507271335058	3.22068958502	2.59148929186	-0.530814115815	0.17764638521	-0.40251551288	-0.485185367935	-0.0
MCT.f.0300	9.97865904541	2.3429272043	-6.06929843441	-0.519645012376	-1.58311009539	0.105182120841	0.733717997389	-1.34861474732	-1.94611889391	3.54660355265	-0.242222732973	0.547556799318	1.11586004502	0.501489675801	-0.0
MCT.f.0301	8.80369458796	-4.98049309275	-1.19055840764	3.43491438078	-1.49472681773	1.17474358244	0.497003437015	1.37075536201	-1.37661319017	-3.10817871746	-1.69376432217	1.40530458625	-1.29342717108	0.58629198886	-0.0
MCT.f.0302	-1.40766010775	5.01264424225	2.96334014374	-1.90641588448	-4.23828105853	-0.237975292666	2.33188519937	-1.5179327951	-1.19512480936	-0.526572518371	-1.98686152131	-2.66532259369	-1.22854529765	-0.205054258424	-0.0
MCT.f.0303	9.71461710665	1.01345970961	-0.784000425119	-1.22389197736	-0.43946511367	-2.65257281095	0.682948604506	2.87876121517	3.53517207981	-0.442536151162	2.20262270639	-1.38554717065	-0.234456332695	0.292919883777	-0.0
MCT.f.0304	6.31152195291	-1.42855639098	3.36035419897	-1.83952174636	5.3627629045	1.41243777951	-1.41606372937	0.425781752692	-0.927168682028	1.15365454877	-0.412865582292	-0.321576975082	-1.01330036851	-2.4238498548	-0.0
MCT.f.0305	0.797899597508	2.3045074876	5.59579589138	-4.33027117433	-1.9694653824	1.91493259342	2.03557301533	-0.421066789214	0.395082826285	-1.46589076272	1.03178701128	2.13593200788	2.03650750811	-0.440637074273	-0.0
MCT.f.0306	0.30683136476	-5.34675407253	6.95253261523	-1.11141576992	1.04135641387	-1.52569024051	-2.04009962497	-2.32771159679	-0.123304404464	1.38143455874	0.537660423722	0.198062866216	-0.752271231325	2.27664785278	-0.0

Biplot	0	0

Site constraints	0	0
