Eigvals	11
144.600880425	116.168588012	74.4471950216	66.2111330214	44.0539309556	31.1498594307	28.3049301418	25.6317233414	17.6914294112	11.463366129	0.0

Proportion explained	11
0.258343629175	0.207546555284	0.13300720222	0.118292671153	0.0787066604925	0.0556522734163	0.0505695287256	0.0457935830722	0.0316074706182	0.0204804258427	0.0

Species	0	0

Site	11	11
sample1	-2.3457924293	6.3375082913	0.648243291009	-0.403339804486	-0.971556425897	-1.3192697858	1.27542778711	-2.85381128273	-0.439734380684	0.78498022919	-0.0
sample2	-7.74186789599	1.70792039612	0.273376243509	-0.841294392509	1.32712474144	-1.45707371958	-1.55733221567	2.1446696523	-0.654555816769	-0.83143350872	-0.0
sample4	-2.51332116293	-0.0688577488304	2.05515865015	-3.37547701204	-1.54159233951	3.87250048656	0.913161984029	0.70697194283	0.867899068029	0.332481941422	-0.0
sample5	4.21919412504	-1.05909125312	2.88361417979	-2.84205501383	1.03593863756	-1.16629666901	-3.11775852206	-1.03584433445	1.19662236833	0.3102379322	-0.0
sample6	5.07680854448	-0.313985515936	2.59056617872	-1.39564843282	1.86668149432	-0.620307228084	2.52727301573	1.06623895715	-1.89410230439	-0.727675057083	-0.0
sample9	1.64298119018	2.01031553448	1.14672185823	4.37263274626	0.535059825699	-0.502911360647	0.743589925036	2.15282583595	1.86766161785	1.25347437526	-0.0
sample10	1.9321909916	2.08198346945	0.343608420789	3.98503878066	-0.681016678944	2.12302254955	-1.47544598208	-1.006163092	-0.384976161431	-1.92875264252	-0.0
sample11	-2.31401293736	-5.81647865163	0.748417927895	2.47620066597	-0.0213411198585	0.549044256342	-0.700170224361	-0.87614906411	-1.9563055868	1.54198935105	-0.0
sample12	-2.32906599684	-5.41870034725	-0.754076440725	0.331895144739	-0.686403559513	-1.62116976782	1.92211898125	-1.22703028529	1.81577228375	-1.26149648281	-0.0
sample13	3.30363454039	-0.00174069462811	-3.78838162903	-1.24403001072	-4.48241024948	-1.12147652138	-0.62319160217	1.41994440073	-0.682868161314	0.161218586511	-0.0
sample15	1.06925103072	0.541126520034	-6.14724868034	-1.06392267123	3.61951567418	1.26393775988	0.0923268531881	-0.49165273037	0.264587073433	0.364975275506	-0.0

Biplot	0	0

Site constraints	0	0
