Eigvals	10
0.515968780502	0.469684616428	0.429053818697	0.398657388083	0.332288730549	0.313849737536	0.296817215845	0.245873522194	0.174956649342	0.0

Proportion explained	10
0.162399857083	0.147832034543	0.135043594633	0.125476395659	0.10458703005	0.09878340405	0.093422461309	0.0773880637235	0.0550671589496	0.0

Species	0	0

Site	10	10
sample1	0.262843325238	0.120266492804	0.211720534799	0.129340176977	0.0969108323094	-0.186132543687	-0.0693554135686	0.0933775358331	-0.264062052697	-0.0
sample3	-0.0196113499742	0.280083006401	-0.004308435312	0.148822958465	0.150194303189	-0.254320811196	0.00564698798532	-0.00172674921423	0.265382415271	-0.0
sample5	0.354180157609	-0.00407886482373	0.0167424372207	-0.10556741497	-0.406063540112	-0.0259796164098	0.169494961363	0.00911125841408	0.0756830818597	-0.0
sample6	0.248746383274	-0.284133733878	-0.350629745744	-0.206830464782	0.25338375745	-0.0492613995079	-0.0106088235985	-0.0565582309999	-0.00135931126686	-0.0
sample7	-0.167806208461	0.101645801177	-0.218385010936	-0.0328226570283	-0.215062542828	0.00796715541945	-0.409327012246	0.0118508256919	-0.0299283608868	-0.0
sample8	-0.0990197342951	0.399375559706	0.0143760735756	-0.304942457222	0.114628768208	0.247572770089	0.129091594361	0.00642416340235	-0.0537598531029	-0.0
sample10	0.150334600504	-0.119304704083	0.236624186405	0.209997900453	0.0708666847743	0.308189816987	-0.126201256576	-0.209150018312	0.0787650974768	-0.0
sample11	-0.269583597016	-0.304533600627	0.34671943259	-0.255215173593	0.0134937063203	-0.0939134206878	-0.0353803595821	0.126778646182	0.0589863735724	-0.0
sample12	-0.129789291031	-0.120129812292	-0.176003580011	0.296701454102	0.00314676794017	0.17329671325	0.144484912008	0.304626792361	-0.00489907165836	-0.0
sample13	-0.330294285847	-0.0691901443854	-0.0768558925882	0.120515677598	-0.0814987372503	-0.127418664258	0.202154409852	-0.28473422336	-0.124808318569	-0.0

Biplot	0	0

Site constraints	0	0
