Eigvals	14
0.765130588538	0.588577826068	0.493322334404	0.429448490467	0.367070078174	0.316928499087	0.287722891885	0.230906168562	0.185576599392	0.18052481857	0.139585573323	0.0959039453337	0.0862396720618	0.0

Proportion explained	14
0.183619406611	0.141249497518	0.11838966533	0.103060939101	0.0880910931394	0.0760578962756	0.0690490061011	0.0554138787408	0.0445354891984	0.0433231405996	0.0334983603178	0.0230154509538	0.0206961761136	0.0

Species	0	0

Site	14	14
sample1	-0.29379966732	0.0863713363996	0.0956389176797	0.147547844555	0.0844477989713	0.0728545190033	-0.142630635753	0.0269920948713	-0.131516864295	0.146059357144	-0.00796224429522	0.143739539498	-0.130191277679	0.0
sample2	-0.329451113297	-0.00181926453111	-0.12745846602	0.246989936932	0.147766883943	-0.0542375820585	0.054277325072	0.0287467878429	0.217376384073	-0.109595834127	0.163318305584	-0.0290857953647	-0.026388692332	0.0
sample3	-0.328569200832	-0.206087105062	0.00271220999362	-0.151028352886	-0.253379389643	0.0993225750811	-0.169243957729	0.172046735332	-0.00739296565764	0.083991740082	0.0358692257188	-0.120306445522	0.0499280412954	0.0
sample4	-0.306946576055	-0.0384340680935	-0.0945117599724	0.0287853672794	-0.116697910118	-0.0945377407873	0.124389466908	-0.240360205164	-0.171652802283	-0.130784413405	-0.103998611683	-0.078748498506	-0.0393346137969	0.0
sample5	0.0939299505158	0.0703307385391	0.508315772521	0.190573092574	-0.189191224591	0.00973483537534	0.132953272801	-0.027853066847	-0.0144755152489	-0.0221741024988	0.0733694077621	0.0287670356804	0.0864446453121	0.0
sample6	0.21254442279	0.298844328979	-0.218007410679	-0.172159970473	-0.151795181034	-0.00708345806619	0.0925619155965	0.157394689854	-0.126475504953	-0.115136539743	0.141224174837	0.0486019655038	-0.0467105697402	0.0
sample7	-0.114552244632	-0.0531042012992	0.170666390786	-0.442466103387	0.0610796436259	-0.0201353445303	-0.0636086146091	-0.105275046044	0.146516471149	-0.109497494583	-0.0260608899461	0.112125476444	-0.00367720760397	0.0
sample8	-0.154563351392	0.20467522535	-0.16718649221	0.0339181124959	0.169147987216	0.0858126582296	0.0760886927097	0.0882219052652	-0.0286137218934	0.0140921759625	-0.137007084552	0.0555062195637	0.194732578695	0.0
sample9	0.148568332706	0.221713403882	0.000707031025122	0.0252920680902	-0.0355459005405	-0.433603555552	-0.15572345612	0.0161552092981	0.0635459861553	0.106097943504	-0.0640810957982	-0.0424430366078	0.00518218486489	0.0
sample10	0.188103897966	0.268511566114	0.0185039352121	0.00828370555125	-0.0548493225633	0.262885223374	0.0736438086614	-0.020106001201	0.166098545645	0.0537561071264	-0.133738406098	-0.0956872633346	-0.103345401508	0.0
sample11	0.336579054054	-0.0546831398317	-0.0480657640159	0.13384440574	0.0958740997466	0.138092854914	-0.344704682197	-0.117819392418	-0.0629533918638	-0.140709544554	0.0348367731875	-0.030672450951	0.0427558859664	0.0
sample12	0.190566433322	-0.230860612922	-0.269724903058	0.00302210401919	-0.12389149643	0.0287194753058	0.0994655560543	-0.20113597999	0.0550555075014	0.211380884321	0.0835494256211	0.0747555970979	0.0382126034495	0.0
sample13	0.123575484092	-0.108394036852	0.142787000218	-0.167964123486	0.374484711524	-0.0205588485009	0.134603083081	0.0174265359648	-0.119198533234	0.102121056403	0.0799391403024	-0.120390791724	-0.0153130465493	0.0
sample14	0.234014578082	-0.457064170673	-0.0143764614805	0.115361912995	-0.0074507001064	-0.0672656117883	0.0879282255247	0.205565733237	0.0136864049045	-0.0896013356319	-0.139258120641	0.0538384482232	-0.0522951303736	0.0

Biplot	0	0

Site constraints	0	0
