Eigvals	11
0.579425959577	0.477300017435	0.42037698367	0.357227951564	0.275211877438	0.234450777487	0.18509017105	0.176218243093	0.144709691817	0.114355481952	0.0

Proportion explained	11
0.195463628243	0.161012449695	0.141810026113	0.120507323444	0.0928400103766	0.0790896556403	0.0624383422725	0.0594454849465	0.0488163861782	0.0385766930914	0.0

Species	0	0

Site	11	11
sample1	-0.17537069074	-0.054250710751	-0.0462304044102	0.273402187717	-0.224825316843	0.0250003582875	0.166078891638	0.137148279011	-0.138354117385	0.0836214783693	-0.0
sample2	-0.0834952709026	-0.261097046889	0.0135571661456	-0.339814401011	-0.114693484302	-0.217132357065	0.147097725271	-0.00336935847371	0.096037170111	0.010421175589	-0.0
sample3	-0.0963164975418	-0.28086153048	-0.152153417764	0.0882332900492	0.0427931712699	0.0334892159455	-0.0783288505183	0.00622212782501	-0.052369370821	-0.25912982835	-0.0
sample4	0.0231207122892	-0.344218678303	-0.115686166759	-0.044143917652	0.128419329715	0.173340387951	-0.149598251345	-0.0224032433739	0.00181027451621	0.188515654376	-0.0
sample5	-0.245762013108	0.181277609252	0.198677323156	-0.109547903961	0.296252245434	0.00230539458685	0.0113004666577	0.22384419812	-0.0244931919593	-0.0068392310656	-0.0
sample7	0.459125574796	-0.00258512082772	0.113817621219	0.120590779622	0.00541043682283	0.141806390193	0.120357295194	0.0816088818144	0.192987120265	-0.0406424296593	-0.0
sample9	0.203262005951	0.322647593488	-0.344090261964	-0.266195300091	-0.0759846412748	0.0981819657259	0.00326504408819	0.0125001278962	-0.103857203223	-0.0154851928181	-0.0
sample10	-0.0644876206233	0.133883443378	0.221386613634	-0.0079184331215	-0.276605189547	-0.0259246824725	-0.281353810213	0.0393155385126	0.0660156061496	-0.0041427105549	-0.0
sample12	-0.222607418848	0.108006340303	0.224523563982	-0.0283549935332	0.00435265131337	0.188107112435	0.110550605357	-0.282693679591	-0.0203649591311	-0.0201945920706	-0.0
sample14	0.370668020365	-0.00820005219518	0.172007731292	0.0869353584435	0.106118887373	-0.239976938031	-0.0327743401437	-0.0980226314353	-0.181974575472	0.0228686167761	-0.0
sample15	-0.168136801637	0.205398153025	-0.285809768533	0.226813333539	0.108761910039	-0.179196847556	-0.0165947759865	-0.0941502403061	0.16456324695	0.0410070594086	-0.0

Biplot	0	0

Site constraints	0	0
