Eigvals	10
303.894643166	174.768769836	124.438870044	85.7918178881	56.3914505805	34.269247337	30.4877252051	24.8546598611	19.6605751492	0.0

Proportion explained	10
0.355616270453	0.204513700779	0.145617857569	0.100393234954	0.06598904519	0.0401017332924	0.0356766115357	0.0290848214733	0.0230067247539	0.0

Species	0	0

Site	10	10
sample1	-4.7326900985	5.51514861944	1.4723575308	-3.0355746998	0.871016659318	3.05603619052	1.92342000355	-1.2647463585	-1.04685246608	-0.0
sample3	-10.9697146119	2.02969504874	-5.75211220695	2.87261251139	1.25222813488	-1.12250706319	-1.23694975446	0.261776744334	-0.130178703823	-0.0
sample5	-0.897235285671	2.30351977498	2.43328550874	-4.44760709887	-0.6766447786	-4.10920636177	0.00333612869309	-1.04742827437	0.928437272965	-0.0
sample6	-4.69548066467	-11.2021192411	2.07521532853	-0.911933736813	1.32502096114	0.235180228845	0.870621334339	-0.160999421056	-0.356835596695	-0.0
sample7	-2.57616992018	1.32983776182	5.00454575768	0.17411993109	-1.79935075694	1.56031806713	-2.19463487944	2.66663710454	1.35860788264	-0.0
sample8	2.87494281511	1.71005667784	3.45580364179	6.49696169582	0.495471140592	-0.802268683026	2.44412610251	-0.634247357344	0.803376760219	-0.0
sample10	6.61494948319	1.17020456063	-0.906029330217	-0.867215132921	2.25810795532	-1.1115539913	0.479483787425	2.83032190956	-2.33152276873	-0.0
sample11	7.17377882266	-0.592496121782	-3.81956452076	-1.36015835416	3.23060650019	1.42572372769	-0.807685382005	-0.636245951167	2.45984668122	-0.0
sample12	4.65537595474	-0.650846509105	1.07636533409	1.60887123319	-1.4002465437	0.381412325732	-3.16263128411	-2.44010498898	-1.88189100049	-0.0
sample13	2.55224350527	-1.61300057141	-5.0398670437	-0.530076348927	-5.55620927219	0.486865559366	1.6809139435	0.425036592984	0.197011938768	-0.0

Biplot	0	0

Site constraints	0	0
