Eigvals	16
0.62583189421	0.483930905064	0.440365476662	0.399558432651	0.382033239475	0.325375838243	0.287284663223	0.255662292786	0.215883004409	0.183765830729	0.165987119635	0.131697180366	0.10593233675	0.0821482174896	0.043979977567	0.0

Proportion explained	16
0.151553827735	0.117190545417	0.10664057586	0.0967585871416	0.0925146198203	0.0787942484145	0.0695699448425	0.06191215155	0.0522790480379	0.0445014313132	0.0401960711305	0.0318922892408	0.0256529768838	0.0198933242574	0.010650358356	0.0

Species	0	0

Site	16	16
sample1	-0.243694513483	0.114274017023	-0.136651179353	-0.175556361982	0.0848100469952	-0.146373348712	0.0954652433194	0.186632266066	-0.24071677596	0.0860599271425	0.132281475874	0.00583251717693	-0.0261793035019	0.0353736823037	0.0179832659	0.0
sample2	-0.208616892502	0.0897955040677	-0.356624765205	0.0511422454638	0.18693567062	0.229065179057	0.00397022286999	0.104943340848	0.174772366541	0.0197653383861	-0.0798210382785	-0.0429866308451	0.0698086248961	0.0201736242648	-0.02399178666	0.0
sample3	0.0526603436845	-0.107150618534	0.191392588038	-0.317635349223	0.297520919151	-0.00101926447332	-0.0329311492179	0.00736702283841	0.13505655258	-0.134138017832	-0.00754748895087	0.0611213640038	-0.0660216828392	0.0547604982778	0.0465126987341	0.0
sample4	-0.269007610859	-0.224912720688	0.00728496826984	0.307721038711	0.122369414536	-0.0900220130193	-0.0708542353326	-0.100126263279	-0.063785393832	-0.202055435126	0.109769996409	-0.0754159801122	0.00321083630984	-0.0109595507909	-0.00690771061637	0.0
sample5	-0.272601483534	0.0444309718671	-0.0381305378663	-0.301974654077	-0.346755598103	0.072001074541	0.0309583716621	-0.207090949221	0.0395990945527	-0.0816483215904	0.0309148391683	-0.0526930575307	0.0304650510046	-0.00448266156689	-0.00941568552488	0.0
sample6	-0.188930595462	-0.326199665987	0.21677849967	0.0958509269296	-0.0218119123883	0.138054559925	0.220756783911	-0.0248613805301	0.026432899631	0.218260841468	-0.0313132131669	0.0180053077706	-0.0236733651602	-0.0113166233075	0.0306202523882	0.0
sample7	0.137138349684	0.131550968882	0.283005620435	-0.0668527144068	0.0859062411442	-0.035577525701	0.0133039600245	0.0943917884376	0.0508437959223	0.0388186287856	0.0772681883603	-0.147530402408	0.120056426221	-0.118917289699	-0.0630309556924	0.0
sample8	-0.0341011557686	0.358747430482	0.146087929905	0.131325479048	-0.00588314357827	0.178589651584	0.0794699827062	0.0102585963473	-0.124138390248	-0.113527334998	-0.130800940649	0.0289108660095	-0.120636662483	-0.0700589218135	0.0204303690836	0.0
sample9	0.0974466947706	0.197720582338	0.0503042225228	0.174805520671	-0.112893733942	0.0494148074611	-0.0123790587603	0.00668100773685	0.154093883423	0.028440558847	0.243749028484	0.16138995084	-0.0132016917307	0.0598238482738	-0.0103287144603	0.0
sample10	0.137932874957	0.156039572707	0.109397080682	0.0832020583367	0.040647874255	-0.0407074414241	-0.0292629021312	-0.14962048907	-0.096657501206	0.0589094658124	-0.0961227571078	-0.06738830517	0.122505580017	0.179738823768	0.0332108036432	0.0
sample11	0.154406632579	0.00184251443007	-0.171801914121	-0.0596731345797	0.182724160248	0.00247848900637	-0.145064540328	-0.286549341139	-0.0797798762257	0.152625053364	0.0163790926726	0.0610441400241	-0.0525284961293	-0.0918026005503	-0.0343522324188	0.0
sample12	0.267455532455	-0.0572401642686	-0.117843733497	0.0349170078893	-0.127111038725	-0.0547249965112	-0.0188145328509	0.0605010926866	0.0786339346881	0.0401007303045	0.0124924412111	-0.20426761946	-0.188214408446	0.045194097863	0.00400356264193	0.0
sample13	-0.128985179854	0.0740463256939	-0.0294879115384	0.0695688577298	-0.0666943300335	-0.415457092924	0.0441828749126	0.00893339065043	0.149007592161	0.0215672883186	-0.162367575347	0.0824412931871	0.000163619211897	-0.0395513871691	-0.00788392106731	0.0
sample14	0.278070502322	-0.210765400211	-0.074989151654	-0.0310197881514	-0.0618501680102	0.0316868308579	0.172192196115	0.0588215706075	-0.108185442182	-0.112104299623	-0.0597798135393	0.0903374739409	0.0255972073976	0.0429349094515	-0.122715806254	0.0
sample15	0.304799143086	-0.106868311056	-0.181580848798	0.0158050808731	-0.0915619780617	0.0108620088965	0.0483988902292	0.0474374790434	-0.0282284743192	-0.0653715334267	0.0196872113673	0.0265195122923	0.106702977049	-0.0917053673636	0.1336616125	0.0
sample16	-0.0839726420758	-0.135311006747	0.10285913251	-0.0116262132318	-0.166352424107	0.0717290814365	-0.399392107129	0.182280867977	-0.0669482655262	0.0442971101678	-0.0747894465077	0.0546795702803	0.0119452881841	0.000794918057689	-0.00779575219715	0.0

Biplot	0	0

Site constraints	0	0
