Eigvals	12
0.591413746162	0.520865382728	0.455051570499	0.384060185112	0.332857190052	0.295041740589	0.253678021353	0.222117457437	0.145453461912	0.126893290694	0.102781807268	0.0

Proportion explained	12
0.172413083081	0.151846329391	0.132659825274	0.111963918718	0.0970368624926	0.0860126374518	0.073953995921	0.0647532389826	0.0424036133348	0.0369928220521	0.029963673301	0.0

Species	0	0

Site	12	12
sample1	0.229133988784	-0.209027459812	-0.0536642397832	-0.0146535550584	0.295153703145	0.0299052698383	-0.225015999478	-0.0363052452817	-0.0960328006165	-0.149017387024	0.054064771851	0.0
sample2	-0.206904151276	0.268518243814	0.0389312432383	0.12983266982	0.206523827155	-0.3166574841	-0.0306526259585	-0.177440094243	0.0413456864929	0.0335143204641	-0.0502630110686	0.0
sample3	0.280853055115	0.151540384406	-0.121326559339	-0.256813646644	-0.00295891305421	0.0256896833374	-0.116089639084	0.102368843179	0.0499487822664	0.0930945792458	-0.188882831739	0.0
sample4	-0.155705501482	-0.0593594951071	0.296233657806	-0.0109052273151	-0.0396748828864	0.184969903517	-0.0110888109676	-0.0472400746469	0.226751426949	-0.141885710203	-0.0576997180701	0.0
sample5	-0.0670467959375	0.030213015433	0.317066736692	0.157235968696	0.188474288895	0.113211106379	0.0560138511266	0.242071973124	-0.0858474714271	0.134112770732	0.0183008725494	0.0
sample6	0.108811166369	0.103878684401	0.237903984742	-0.0287213727507	-0.342020350393	-0.222001752812	-0.092442957278	0.0879687273045	-0.104484111772	-0.0922047008736	0.0457285282952	0.0
sample8	0.122328738966	0.348689879289	-0.0406835987165	-0.135026472571	-0.0277005190275	0.187538002963	0.0190394331096	-0.144209045596	0.0286433037333	0.0699661205265	0.188591554257	0.0
sample9	0.0598150282868	-0.484840603792	0.0912767009092	-0.0915773222474	-0.0834945701457	-0.0929748341481	0.0312241045152	-0.157899518138	0.0269597510656	0.174680694641	0.0275212239223	0.0
sample10	0.395474134927	-0.0132509033952	-0.137779587115	0.261426063581	-0.0172862342474	-0.0259067061833	0.308945997702	-0.000172272733277	0.032619942136	-0.0687088374262	-0.0291462945526	0.0
sample11	-0.24012767996	0.000292478430653	-0.154405176917	0.193801631495	-0.172188230557	0.217334059209	-0.061995602873	-0.138512085583	-0.177185643758	0.00950894135315	-0.102257633067	0.0
sample12	-0.31513478075	-0.0494683213184	-0.122507425543	-0.349197283811	0.0727795015599	-0.0446934006349	0.24642947225	0.0673340054851	-0.0868523861635	-0.0866191544874	0.00315719437484	0.0
sample14	-0.211497203043	-0.0871859023492	-0.351045735974	0.144598546806	-0.0776076204438	-0.056413847365	-0.124367223064	0.202034787129	0.144133521094	0.0235583630519	0.0908853432478	0.0

Biplot	0	0

Site constraints	0	0
