Eigvals	13
0.813031920119	0.563173724103	0.374212601286	0.26288589823	0.111275329599	0.0374860611299	0.025618797635	0.010839218635	0.00671401138352	0.0	0.0	0.0	0.0

Proportion explained	13
0.368682238179	0.255380070509	0.169692647955	0.119209786168	0.050459565677	0.0169986498388	0.0116172507103	0.00491521585756	0.00304457510558	0.0	0.0	0.0	0.0

Species	0	0

Site	13	13
MCT.f.0225	-0.126039569775	0.226858444436	0.28944659941	-0.153937886467	0.155350190596	0.0138524173894	0.0221578042892	-0.0106807035061	0.0187407012498	0.0	0.0	0.0	0.0
MCT.f.0226	-0.250397498284	0.263507697021	0.229235834088	0.0103784099069	-0.0443549335307	0.00471600505434	-0.0622363613381	-0.0124583545581	-0.0348802469037	0.0	0.0	0.0	0.0
MCT.f.0227	-0.315708624662	0.113950141724	0.0255692769535	0.114306695442	-0.0845573820808	-0.0208566686267	0.0621786578731	0.0639589751964	0.0214852557714	0.0	0.0	0.0	0.0
MCT.f.0228	-0.330994721548	-0.0117558775857	-0.104694678372	0.140490557954	-0.0426924233023	-0.029257553531	0.0398105428561	-0.0577925505026	0.00433298956913	0.0	0.0	0.0	0.0
MCT.f.0229	-0.29650968048	-0.152280213858	-0.178988190431	0.10989006741	-0.00962096145835	0.0376561101344	-0.0844328215006	0.0118917152412	-0.00154546669702	0.0	0.0	0.0	0.0
MCT.f.0230	-0.129536349322	-0.328813714087	-0.0882039693386	-0.0469109312361	0.146342277991	0.0438965880898	0.0529372609775	0.00434192579101	-0.0173511910579	0.0	0.0	0.0	0.0
MCT.f.0231	-0.00105433420198	-0.345890965671	0.0491867614622	-0.111284848013	0.0221954476992	-0.0918651573257	-0.024089386038	-0.0161255954213	0.00949461432458	0.0	0.0	0.0	0.0
MCT.f.0232	0.182421572826	-0.27413125619	0.203969251173	-0.0916894273313	-0.0831114191781	0.057816377875	-0.0297692163996	0.0274163651882	0.0105897776154	0.0	0.0	0.0	0.0
MCT.f.0233	0.345541009464	-0.0586705079184	0.110247684767	0.0797037572741	-0.0793139236772	-0.0444400376575	0.0487353839559	0.00277798911164	-0.0469478196023	0.0	0.0	0.0	0.0
MCT.f.0234	0.355158683326	0.0332868974759	0.0460019181569	0.13960305464	-0.0457798249702	-0.0140795027363	-0.0145795682017	-0.0258558825798	0.0438000366873	0.0	0.0	0.0	0.0
MCT.f.0235	0.302593494825	0.135278712104	-0.0980884672244	0.158076788883	0.0644922330469	0.102408777846	0.0102905593592	-0.00933483225939	-0.00350851124438	0.0	0.0	0.0	0.0
MCT.f.0236	0.219312105548	0.218538010331	-0.213879373448	-0.00167206742162	0.132333234322	-0.086503409483	-0.0378096967763	0.032895339022	-0.0049614840274	0.0	0.0	0.0	0.0
MCT.f.0238	0.0452139122852	0.180122632218	-0.269802647197	-0.346954171042	-0.131282515457	0.0266560529712	0.0168068409432	-0.0110343907232	0.000751344315067	0.0	0.0	0.0	0.0

Biplot	0	0

Site constraints	0	0
