Eigvals	15
0.695356949859	0.529847873366	0.437384538279	0.409625946403	0.377014341173	0.318567529971	0.261538553294	0.246061312159	0.199461421675	0.192997074436	0.134968009338	0.127668349107	0.107506170462	0.10029847391	0.0

Proportion explained	15
0.168029753924	0.128035259872	0.105691927509	0.0989841936421	0.0911037518012	0.0769803532993	0.0631995678775	0.0594595649626	0.0481989194303	0.0466368401613	0.032614388051	0.0308504593055	0.0259783631584	0.0242366570054	0.0

Species	0	0

Site	15	15
MCT.f.0307	-0.0581889054352	0.148901635605	-0.188680667562	0.164673177662	-0.179762329672	-0.253146082912	0.0676928739285	-0.232708744539	-0.161069904183	-0.0045550327204	-0.0267958871112	-0.0154948918324	0.089387853865	0.0169164217895	0.0
MCT.f.0308	0.161727025411	0.278936510976	-0.126508082501	-0.0174157703473	0.0867567869826	-0.212083781987	-0.235672514048	0.170804932743	0.0445451158719	-0.0519970242464	0.0834390902545	-0.0962375490384	-0.0646184935156	0.0571201499456	0.0
MCT.f.0310	-0.0869824720457	-0.191398163846	-0.0237257948661	0.0582247436225	0.370922955391	-0.202175705397	0.198061393908	0.0026495080747	0.0577301784032	-0.107056296473	-0.0959149123996	-0.00679918362451	-0.0671384139697	-0.0374008361024	0.0
MCT.f.0311	0.216089116967	0.00657423413862	0.177253421586	0.102262058185	0.189697229391	0.0641399316298	-0.14963265014	-0.176746247504	0.0256170999576	0.247107253392	-0.105554698692	-0.00549363134832	-0.0101565110695	0.0667212261163	0.0
MCT.f.0312	0.235601494936	-0.000314715718037	-0.131297382206	-0.0847794467001	-0.198520322906	0.139981812824	0.141474648294	0.0114978541232	-0.0252436243098	-0.0638009586062	-0.095233425303	0.0468219688086	-0.164886393688	0.138731327986	0.0
MCT.f.0313	0.249131378278	-0.159254515965	0.205138252077	0.131361944486	-0.0829520394193	-0.0211326773648	0.20095149018	0.0802237342394	0.100112874064	0.0164301938044	0.155361336694	-0.0782758432165	0.109133414004	0.0828281435641	0.0
MCT.f.0314	0.153796298059	-0.1347038583	0.0560978027538	0.177357703452	-0.143982177764	-0.0810539111804	-0.072068577728	0.257012909559	-0.0962775148379	0.0659200574431	-0.0836875058274	0.142131193963	0.0118059197127	-0.117117575138	0.0
MCT.f.0315	-0.0197634065272	0.128831305532	0.0889887647074	0.060142719421	0.14703797578	0.260072203029	0.0443963138241	0.0479562490868	-0.28193075426	-0.0635516890358	0.0381132244214	-0.125706779658	-0.00815010093156	-0.0578650504636	0.0
MCT.f.0316	-0.339497295345	-0.112967975513	-0.0684269039248	0.221185530117	0.06218864733	0.106029973045	-0.103457078399	-0.0585616090771	0.011153788121	-0.0363746058061	0.174722028192	0.164378059085	-0.053512293049	0.0641268157565	0.0
MCT.f.0318	-0.276491174551	-0.204004691534	-0.295674825262	0.0623859816861	-0.109760722147	0.147332040445	-0.059330294599	0.0668691482223	0.129244023015	0.0779147462948	-0.0808085847852	-0.167266121994	0.0390910055853	-0.0261160146811	0.0
MCT.f.0319	0.0383190388892	-0.0269783311505	-0.224370589507	-0.392291804376	0.159052260483	0.0237171168096	0.0526054381069	0.0564518122579	-0.0653608809071	0.11073638318	0.0478921805584	0.103498726567	0.128745561712	0.0257782926352	0.0
MCT.f.0320	0.0824018706216	-0.371080154937	0.158010848951	-0.254191674662	-0.114670181295	-0.0600028773774	-0.194453963021	-0.153401582877	-0.043454978683	-0.145138199935	0.0270430166544	-0.0437109657399	-0.0155271884117	-0.046143558895	0.0
MCT.f.0321	0.27078373781	0.249501569089	-0.0849721610359	0.0237840677931	-0.00710333136509	0.149831438076	0.0267872202101	-0.131637368456	0.196236096036	-0.094258631156	0.0271896900906	0.0597029773268	0.0247455551497	-0.164728284347	0.0
MCT.f.0322	-0.32152347242	0.231227661	0.272770870091	-0.076220448025	-0.0417753018378	0.0356313581419	-0.040221986481	0.0674791991348	0.0733939652169	-0.140364319139	-0.138474070949	0.045358689398	0.111838790579	0.0791963173513	0.0
MCT.f.0323	-0.305403234647	0.156729490624	0.1853964467	-0.176478782313	-0.137129448952	-0.0971408377813	0.122867685964	-0.00788979498766	0.0353045164948	0.188988123003	0.0727085182023	-0.0229066486968	-0.130758705972	-0.0820473755172	0.0

Biplot	0	0

Site constraints	0	0
