Eigvals	16
1.23843817611	0.682050838178	0.411270656397	0.260262150689	0.12301308312	0.0531507527219	0.0358272779075	0.0265652280514	0.0186019957795	0.0158663632749	0.000773448471489	0.0	0.0	0.0	0.0	0.0

Proportion explained	16
0.432140953993	0.237995004973	0.143508894697	0.0908159456456	0.0429242186799	0.0185464381103	0.0125015800971	0.00926967790126	0.00649098546651	0.00553641311637	0.000269887319998	0.0	0.0	0.0	0.0	0.0

Species	0	0

Site	16	16
MCT.f.0392	-0.291652258678	-0.367964422842	-0.134594562376	0.351732848211	-0.079385312322	0.0611980766197	-0.011605514784	-0.00162915815106	0.00233418247458	0.0114135253919	0.00016667942026	0.0	0.0	0.0	0.0	0.0
MCT.f.0393	-0.335030742014	-0.212014947067	-0.0476592359153	-0.063294273871	-0.0236888989428	-0.0935801937152	0.0625173269396	0.0268670641664	-0.026534787048	-0.0663916790154	0.00117181801566	0.0	0.0	0.0	0.0	0.0
MCT.f.0394	-0.343880552096	-0.169557004353	-0.0633815360529	-0.0947942465218	0.0891191159525	-0.0813093706405	-0.0116695279962	0.0148833759796	0.0139483581211	0.024987223166	-0.00663012867176	0.0	0.0	0.0	0.0	0.0
MCT.f.0395	-0.350948856177	-0.0203148643714	-0.00461554720066	-0.114041232089	0.0831635758796	0.0198307198048	-0.00586012060939	-0.00741872328132	0.0443493631737	0.0657465059735	0.00300809901081	0.0	0.0	0.0	0.0	0.0
MCT.f.0396	-0.317949196205	0.0440694093285	0.065263758979	-0.115669458011	0.0621527904299	0.105777456986	-0.0265358224574	-0.0261711431548	-0.0440589727632	-0.0237120092972	0.0100342484158	0.0	0.0	0.0	0.0	0.0
MCT.f.0397	-0.224793889933	0.12621584089	0.195438417122	-0.102648328931	-0.0882969402282	0.0585140140086	0.0526091283905	-0.0356855630632	-0.00271502707106	-0.00289421726166	-0.0105702899826	0.0	0.0	0.0	0.0	0.0
MCT.f.0398	-0.125042259042	0.230994452998	0.191596787949	0.0278781078211	-0.0571811191805	0.0173214141329	-0.0717873803724	0.0551840729719	0.0251272128154	-0.0325595815438	0.000916901255921	0.0	0.0	0.0	0.0	0.0
MCT.f.0399	-0.0617247107765	0.325024999456	0.0514397815049	0.100813551719	-0.0567584061662	-0.108582575889	-0.00959641749739	-0.00684636504737	0.0180216713375	0.0176585763731	0.00368790622496	0.0	0.0	0.0	0.0	0.0
MCT.f.0400	0.00773894686471	0.325938117275	-0.00722216371515	0.156449675613	-0.0121665710282	-0.0287814115356	-0.0256794284531	-0.0324552932362	-0.035160649606	0.00457804848102	-0.00386115809191	0.0	0.0	0.0	0.0	0.0
MCT.f.0402	0.172574944873	0.259990441403	-0.206628528946	0.0550251618621	0.0655896039732	0.0174037143682	0.10447851514	0.00981935087254	-0.0238164845933	0.0180717095789	0.0090785781124	0.0	0.0	0.0	0.0	0.0
MCT.f.0403	0.233306781822	0.135518795067	-0.237110583896	-0.0207940156857	0.0423789432106	0.0715117965534	0.0160877212258	0.0590503418533	0.0477292804701	-0.027990877476	-0.0114320062931	0.0	0.0	0.0	0.0	0.0
MCT.f.0404	0.250923638418	-0.0402062347318	-0.311190034406	-0.1116267982	0.0199851358959	-0.0219480174973	-0.0993003440678	-0.0442967627417	-0.0239439600514	-0.0157790075784	-0.00031740003129	0.0	0.0	0.0	0.0	0.0
MCT.f.0405	0.323054193442	-0.148092535478	-0.0345004616546	-0.128295861351	-0.197919534664	-0.000901115302962	0.0280157646442	-0.0613529325705	0.0266995680612	0.00940488866023	0.000698000747373	0.0	0.0	0.0	0.0	0.0
MCT.f.0406	0.34692541175	-0.164793987889	0.10127292944	-0.0873000048758	-0.0885747014392	0.00251703055279	-0.0170258443222	0.0923858250427	-0.027236476754	0.034286199147	0.00790869834429	0.0	0.0	0.0	0.0	0.0
MCT.f.0407	0.358401156416	-0.159487936865	0.229478943258	0.0579035466676	0.108606173442	-0.00582255089227	0.00554341737721	-0.00220237630754	-0.0552633701616	0.0203413159427	-0.0117680826439	0.0	0.0	0.0	0.0	0.0
MCT.f.0408	0.358097391336	-0.165320122819	0.21241203591	0.088661327641	0.132976145187	-0.0131489875538	0.00980852684303	-0.0401317133327	0.0605200915951	-0.0371606205417	0.00790813616699	0.0	0.0	0.0	0.0	0.0

Biplot	0	0

Site constraints	0	0
