Eigvals	9
0.56613769143	0.319672689796	0.132245806073	0.0415696051198	0.0151535048702	0.00698037283089	0.000813160296985	0.0	0.0

Proportion explained	9
0.522955754591	0.295289777107	0.122158807571	0.0383988993182	0.0139976770564	0.00644794755121	0.000751136804969	0.0	0.0

Species	0	0

Site	9	9
MCT.f.0329	-0.335980530556	0.123173144518	0.152215529726	-0.105135589407	0.0359867690275	0.00153837544217	-0.00291731006946	-0.0	0.0
MCT.f.0330	-0.350796433797	0.116462420319	0.0486588182996	0.0453110459631	-0.0454816570423	-0.0244402613085	0.00861062371712	-0.0	0.0
MCT.f.0331	-0.31857925136	-0.0260106694433	-0.162486530506	0.0880457926418	0.0139699899101	0.0388932914322	-0.00735545170108	-0.0	0.0
MCT.f.0334	-0.0183849517929	-0.280835077005	-0.122529758113	-0.0269376789783	-0.0218776549469	-0.0463427092625	0.00260649089652	-0.0	0.0
MCT.f.0335	0.0966608474219	-0.278912639335	0.0133089200152	-0.0279531085924	0.0643293322688	0.00495469669965	-9.3040958823e-05	-0.0	0.0
MCT.f.0336	0.180227909226	-0.142014133674	0.094322386429	-0.0296435330289	-0.0631356514339	0.0482106614193	0.00770267039322	-0.0	0.0
MCT.f.0337	0.241452168668	0.025219857451	0.141811801473	0.0670058294048	-0.0180988142436	-0.0181924145134	-0.0192220181829	-0.0	0.0
MCT.f.0338	0.268926948547	0.178306689077	0.0232892078132	0.0776543977459	0.0493690148851	-0.00617633553567	0.0149225795694	-0.0	0.0
MCT.f.0340	0.236473293642	0.284610408093	-0.188590375137	-0.0883471557488	-0.0150613284248	0.0015546956268	-0.00425454366401	-0.0	0.0

Biplot	0	0

Site constraints	0	0
