Eigvals	17
1.26553675801	0.820760207613	0.389443582479	0.162228870634	0.119635683996	0.0580675309182	0.0350842813926	0.0221731354034	0.010416439546	0.0076448137449	0.00364473363398	0.0	0.0	0.0	0.0	0.0	0.0

Proportion explained	17
0.437200650331	0.283545218472	0.134539740904	0.0560446524327	0.0413301300929	0.0200603910711	0.0121204465569	0.00766007716243	0.00359853170191	0.00264102762703	0.00125913364821	0.0	0.0	0.0	0.0	0.0	0.0

Species	0	0

Site	17	17
MCT.f.0290	-0.339851937004	0.312731664039	0.286937475864	-0.15939268736	0.0192138681299	-0.0287017881389	0.0398997791069	-0.00659127056611	-0.0420277194567	0.0150521566195	-0.00678073082186	-0.0	0.0	0.0	0.0	0.0	0.0
MCT.f.0291	-0.376311952219	0.309397089137	0.191116205275	-0.0145051388822	0.0222799951306	-0.0115598288069	-0.0466442280393	0.0105321493761	0.0506901318998	-0.0163779004047	0.005017905991	-0.0	0.0	0.0	0.0	0.0	0.0
MCT.f.0292	-0.351428951882	0.147222305682	-0.105486040665	0.136866185142	-0.0660948662767	0.0828033277453	0.0273443537473	-0.0126250014398	0.0185077712115	0.00690719856083	0.0256784359934	-0.0	0.0	0.0	0.0	0.0	0.0
MCT.f.0293	-0.360098132817	0.112478910299	-0.140773898338	0.139339063166	-0.0455785741704	0.0658179168439	0.00653329440204	-0.00290865104041	-0.0239545809502	0.00176691989552	-0.0280189809694	-0.0	0.0	0.0	0.0	0.0	0.0
MCT.f.0294	-0.280234945594	-0.0636862043971	-0.224126158788	0.0638015988284	0.0851827936177	-0.122823747438	-0.0583766734608	0.0380783421833	-0.012703797346	-0.0117972745355	-0.00258486187734	-0.0	0.0	0.0	0.0	0.0	0.0
MCT.f.0295	-0.155782761609	-0.206518358344	-0.132828587522	-0.0207240487896	0.150036372672	-0.0487631989583	0.0135100779986	-0.0613230254375	-0.00161394227197	0.0284299707843	0.00271712592545	-0.0	0.0	0.0	0.0	0.0	0.0
MCT.f.0296	-0.052663142209	-0.257060714446	-0.0386890660262	-0.0912161514807	0.0816837784153	0.0748943431801	0.0465135216335	0.0535331329404	-0.00957962058773	-0.0124004931998	0.0136239491616	-0.0	0.0	0.0	0.0	0.0	0.0
MCT.f.0297	-0.0497733605119	-0.296108640568	-0.0424205179052	-0.0932356506776	-0.0142271055453	0.0324062794043	0.0719419820854	0.00133438641963	0.0290070851075	-0.00838842074514	-0.0173338008786	-0.0	0.0	0.0	0.0	0.0	0.0
MCT.f.0298	-0.0532390138433	-0.289055363556	0.02622245545	-0.093149434151	-0.0709456913649	0.0410151984363	-0.0614949814446	-0.0590493476697	-0.0214879987166	-0.0337109487979	0.00489916559884	-0.0	0.0	0.0	0.0	0.0	0.0
MCT.f.0299	-0.0199733372102	-0.292212635527	0.120093129137	-0.0500346014945	-0.0713469184619	-0.0351363619943	-0.0476519961154	0.0269236322406	0.028687440672	0.0221188616372	0.00991915475058	-0.0	0.0	0.0	0.0	0.0	0.0
MCT.f.0300	0.145837254057	-0.223352357645	0.154853217019	0.0939652435717	-0.106274714196	0.00262220384285	-0.0267199562445	0.0517477138411	-0.0138985308801	0.0280847034016	-0.0166060559258	-0.0	0.0	0.0	0.0	0.0	0.0
MCT.f.0301	0.228968866285	-0.088489868112	0.164133235336	0.157624566728	-0.0622257391158	-0.0700016906387	0.042249728902	-0.0536427927686	-0.0160235341884	-0.00255471872001	0.0174644896296	-0.0	0.0	0.0	0.0	0.0	0.0
MCT.f.0302	0.336288260285	0.0531122658816	0.134729948208	0.0913238738462	0.0815470173225	-0.00994045355294	0.0118504516008	-0.00621704835507	0.0136509479119	-0.0470399822703	-0.0186541050357	-0.0	0.0	0.0	0.0	0.0	0.0
MCT.f.0303	0.366907059518	0.117032889478	0.0341920715607	0.0615695715333	0.114646611562	0.0049905340178	0.0446575121869	0.0287343247278	0.00795561918647	0.01634896775	0.00730039470845	-0.0	0.0	0.0	0.0	0.0	0.0
MCT.f.0304	0.378123243937	0.201174938893	-0.0437080322133	-0.029155123962	0.0589587141513	0.0797965317421	-0.0738527834793	0.01585470947	-0.0335159881752	0.000844026825072	0.0138296969066	-0.0	0.0	0.0	0.0	0.0	0.0
MCT.f.0305	0.360560055603	0.204702440504	-0.131356714885	-0.0811152018244	-0.0126529750205	0.0253054281828	-0.0361351222925	-0.0481966871637	0.0306673583564	0.0280959001001	-0.0170357149699	-0.0	0.0	0.0	0.0	0.0	0.0
MCT.f.0306	0.222672795215	0.258631638681	-0.252888721507	-0.111962064194	-0.164202566851	-0.0827246938675	0.0463750394129	0.0238154332419	-0.00436064177274	-0.0153789669008	0.00656393181294	-0.0	0.0	0.0	0.0	0.0	0.0

Biplot	0	0

Site constraints	0	0
