Eigvals	15
0.873675518355	0.738951486572	0.609967072904	0.410202038603	0.323801012708	0.156448235386	0.112017935349	0.0577527127133	0.0261342230776	0.0213391606112	0.0	0.0	0.0	0.0	0.0

Proportion explained	15
0.262342221469	0.221888069967	0.18315737773	0.123173090922	0.0972290915827	0.0469773694624	0.0336360964528	0.0173416498812	0.00784743305096	0.00640759948219	0.0	0.0	0.0	0.0	0.0

Species	0	0

Site	15	15
MCT.f.0598	-0.154243765712	0.0165195093647	0.296595975303	-0.204633723909	0.220967197125	-0.125768328994	0.0258007168103	-0.0687099789181	0.0811863703849	-0.0295733706229	0.0	0.0	0.0	0.0	0.0
MCT.f.0599	-0.29866689109	-0.0211197582533	0.289194419325	-0.1393717538	0.103947953189	0.0614739186025	-0.0469962915957	0.0958263657676	-0.0308836384786	0.0409923645688	0.0	0.0	0.0	0.0	0.0
MCT.f.0600	-0.379853491577	-0.0584316676773	0.198673155106	0.0691919750239	-0.0184225074795	0.0800848101456	0.0236192913375	-0.05140263585	-0.0801867218508	-0.0248452001455	0.0	0.0	0.0	0.0	0.0
MCT.f.0601	-0.380586410642	-0.0731773736527	-0.0593718923864	0.25814325498	-0.156714827707	0.145665864314	-0.0193524956451	0.0199734189887	0.0740035722635	-0.00189859195944	0.0	0.0	0.0	0.0	0.0
MCT.f.0602	-0.241193881405	0.10445146802	-0.223387337765	0.211850397557	-0.0472929960225	-0.172914336846	0.0594472045337	-0.0825325945228	-0.0142544967721	-0.00712306207147	0.0	0.0	0.0	0.0	0.0
MCT.f.0603	-0.126529980238	0.250066481085	-0.259599190608	0.0406118825765	0.087870332618	-0.133618320746	-0.030886098077	0.117202592853	0.0164188754903	0.0338293402749	0.0	0.0	0.0	0.0	0.0
MCT.f.0604	0.0368895265244	0.371534113825	-0.188472470479	-0.132430788603	0.0872161178513	0.0209059080215	-0.0582015153067	-0.0377342769389	-0.059350671316	0.000330985638366	0.0	0.0	0.0	0.0	0.0
MCT.f.0605	0.186185527654	0.340392678412	-0.125525357251	-0.124487840361	-0.0189343216493	0.189429637908	-0.00519253096021	0.000138832185856	0.041827825394	-0.0439603944933	0.0	0.0	0.0	0.0	0.0
MCT.f.0606	0.257419426931	0.235215274567	0.171574182175	-0.0184752048119	-0.171016909788	0.0383089982908	0.0975348837915	-0.0592576105442	-0.00242047122939	0.0468607576858	0.0	0.0	0.0	0.0	0.0
MCT.f.0607	0.287741742457	0.0525825040176	0.240534480818	0.103400347168	-0.13117134174	-0.0787136954216	0.0483124741338	0.0880833122254	-0.00607477129739	-0.0201928990779	0.0	0.0	0.0	0.0	0.0
MCT.f.0608	0.315005504648	-0.0611062737268	0.226025114976	0.179201113421	-0.0641996945501	-0.07184915841	-0.0767301813465	-0.00572396057734	-0.000835630862368	0.00997932362107	0.0	0.0	0.0	0.0	0.0
MCT.f.0609	0.253823369163	-0.229311866629	-0.0809896091849	0.159055250435	0.199623422779	0.0246912521036	-0.0803968209319	0.017519433143	-0.0226955298085	-0.0722745681166	0.0	0.0	0.0	0.0	0.0
MCT.f.0610	0.214100954897	-0.289205473359	-0.130818024545	0.0761298810652	0.20620416966	0.0812507705503	-0.0166188825333	-0.0625091058264	0.0145044881747	0.0832307269315	0.0	0.0	0.0	0.0	0.0
MCT.f.0611	0.0491320095177	-0.331099224862	-0.208282935042	-0.170749920663	-0.000750365566249	0.011581579964	0.230436437177	0.0526054091751	-0.012893937377	-0.0133076948332	0.0	0.0	0.0	0.0	0.0
MCT.f.0612	-0.0192236411276	-0.307310391131	-0.14615051044	-0.307434870078	-0.297326228721	-0.0705288994815	-0.150776191387	-0.0234792011606	0.0016547372848	-0.00204771740022	0.0	0.0	0.0	0.0	0.0

Biplot	0	0

Site constraints	0	0
