Eigvals	10
0.749083166566	0.50212296172	0.330097340746	0.239042477822	0.137476969685	0.12826779984	0.045370800776	0.0	0.0	0.0

Proportion explained	10
0.351441093605	0.235576836682	0.154869012689	0.112149563057	0.0644989217859	0.0601783324764	0.0212862397049	0.0	0.0	0.0

Species	0	0

Site	10	10
MCT.f.0209	-0.0683883394701	0.454918848	0.116171152308	-0.0776290789798	0.187953861588	-0.0958635792332	0.0357962037648	0.0	0.0	0.0
MCT.f.0211	-0.0702390681807	0.404376635252	-0.0233497060954	0.0359620174185	-0.151250159578	0.143174736299	-0.0755778600425	0.0	0.0	0.0
MCT.f.0213	-0.242624974575	-0.00527494905293	-0.267396127084	0.170873743901	-0.0899322650713	0.0199640208441	0.0751992113908	0.0	0.0	0.0
MCT.f.0214	-0.383153174444	-0.134689867724	-0.133741704453	0.0187032734792	0.0572274077548	-0.110481901444	0.040697837723	0.0	0.0	0.0
MCT.f.0215	-0.351945192363	-0.243836094838	0.0600446948869	-0.0348266752636	0.080510100265	0.0422621228359	-0.135490610065	0.0	0.0	0.0
MCT.f.0216	-0.117982560181	-0.168254510049	0.385145460942	-0.0889357773616	-0.0709143249981	0.0803311277277	0.0769590420353	0.0	0.0	0.0
MCT.f.0218	0.291641570442	-0.0601708827353	0.180816552458	0.258767493791	-0.0678840693562	-0.0675104564584	0.0120700358531	0.0	0.0	0.0
MCT.f.0219	0.384005423342	-0.0848405375464	-0.0378327863126	0.133297158053	0.0840049879805	-0.0810175504006	-0.0639120304296	0.0	0.0	0.0
MCT.f.0220	0.340310231995	-0.110601737403	-0.166765364722	-0.103924045874	0.133960252294	0.213767840615	0.0485021640326	0.0	0.0	0.0
MCT.f.0221	0.218376083435	-0.0516269039039	-0.113092171928	-0.312288109163	-0.163675790879	-0.144626360784	-0.0142439942626	0.0	0.0	0.0

Biplot	0	0

Site constraints	0	0
