Eigvals	6
0.511917599379	0.49736359501	0.356551291018	0.252830699003	0.184263370985	0.0

Proportion explained	6
0.283937023306	0.275864590003	0.19776251559	0.140233498833	0.102202372267	0.0

Species	0	0

Site	6	6
sample2	0.139618204548	-0.337914483658	-0.171549347853	-0.186693484253	-0.25223353655	-0.0
sample4	-0.630467839122	-0.0107018802119	0.120911169247	0.0188234788878	-0.0512008395683	-0.0
sample7	0.251597613895	-0.175338500274	0.466902196628	0.0331314429506	0.0769285361199	-0.0
sample8	0.166905374112	0.387358690899	-0.060256333459	0.281688020695	-0.168020334408	-0.0
sample11	0.0121017808475	-0.24230074156	-0.295271439573	0.177900501764	0.252244013272	-0.0
sample12	0.0602448657194	0.378896914806	-0.0607362449902	-0.324849960044	0.142282161134	-0.0

Biplot	0	0

Site constraints	0	0
