Eigvals	14
0.718976877342	0.424604038565	0.340025518674	0.230186939102	0.174267555276	0.0944734346325	0.0547070309419	0.0263000238765	0.00758529284003	0.0	0.0	0.0	0.0	0.0

Proportion explained	14
0.347142873218	0.205011135369	0.164174174775	0.1111409253	0.0841414261759	0.0456145121973	0.026414140016	0.0126984137347	0.00366239921432	0.0	0.0	0.0	0.0	0.0

Species	0	0

Site	14	14
MCT.f.0139	-0.104101920101	0.00848711655973	0.303018233749	-0.0510574866582	0.271422750012	-0.0794657024705	0.0711757643656	-0.0142777636077	-0.00357482452521	0.0	0.0	0.0	0.0	0.0
MCT.f.0141	-0.203608558383	0.116343490835	0.176460460961	-0.254148341431	-0.0215372025465	0.0993682415532	-0.107827550587	-0.00204850599657	0.00970720838553	0.0	0.0	0.0	0.0	0.0
MCT.f.0142	-0.331449460437	0.197049446692	-0.114400291064	-0.142663787418	-0.110554348434	-0.00451408334924	0.0946185843929	0.0595377111181	-0.0106711036123	0.0	0.0	0.0	0.0	0.0
MCT.f.0143	-0.291215592068	0.131137846071	-0.220347190929	0.0475758552453	-0.0156320885643	-0.0614546993908	-0.0239024725647	-0.0844323431124	0.0259931816547	0.0	0.0	0.0	0.0	0.0
MCT.f.0144	-0.292185049827	-0.0238912333498	-0.110996245258	0.204903127252	0.0504516028957	-0.00707323951996	0.0290524534635	0.0304060512084	-0.0177913621868	0.0	0.0	0.0	0.0	0.0
MCT.f.0145	-0.19463670559	-0.186376404144	-0.000870219401911	0.154548840032	0.0742711778212	0.063802979699	-0.0888945275086	-0.0149067795294	-0.0165281488764	0.0	0.0	0.0	0.0	0.0
MCT.f.0146	-0.0376378153061	-0.284402468562	0.118799355395	0.0801586251224	-0.106019277332	0.122568880998	0.0343720648388	0.0368208726862	0.0217275564983	0.0	0.0	0.0	0.0	0.0
MCT.f.0147	0.0747179214573	-0.285123304221	0.0394823373441	-0.102837159625	-0.141911976293	-0.0321976893836	0.0508272451602	-0.0591795525267	-0.0241353305894	0.0	0.0	0.0	0.0	0.0
MCT.f.0148	0.167177742117	-0.191933173172	-0.103766049626	-0.097728675389	-0.00368000823161	-0.101446664698	0.000250899794737	-0.0140575516651	0.0358832524536	0.0	0.0	0.0	0.0	0.0
MCT.f.0149	0.241810028985	-0.0918236546634	-0.186233675344	-0.12115322406	0.06226771772	-0.0644623668342	-0.0584447218589	0.0484852114409	-0.0393689170956	0.0	0.0	0.0	0.0	0.0
MCT.f.0150	0.295006419459	0.0571091889519	-0.197054318864	-0.0149050308548	0.158956159218	0.110868074817	0.0223901334391	0.027713185804	0.0311833231777	0.0	0.0	0.0	0.0	0.0
MCT.f.0151	0.287062905104	0.25000401275	0.00586138294976	0.0557826650315	-0.0305453683277	0.0870948486208	-0.00424334411723	-0.0561737660098	-0.0319796229318	0.0	0.0	0.0	0.0	0.0
MCT.f.0152	0.266030993017	0.166176498712	0.122052938733	0.101130376443	-0.0770245076057	0.00804293853323	0.0673071109662	-0.0109978074378	0.00656474420041	0.0	0.0	0.0	0.0	0.0
MCT.f.0153	0.123029091573	0.137242637542	0.167993281355	0.14039421631	-0.110464630331	-0.141131518576	-0.0866816397845	0.0531110376279	0.0129900434474	0.0	0.0	0.0	0.0	0.0

Biplot	0	0

Site constraints	0	0
