Eigvals	12
0.928284350903	0.481650213829	0.336636622954	0.215565671225	0.0909807342933	0.0194481099477	0.0117181222978	0.0101291390311	0.0075307700892	0.0022493943652	0.0	0.0

Proportion explained	12
0.441159291958	0.228900193241	0.159983709824	0.1024457633	0.0432378250086	0.00924254987828	0.00556893858111	0.00481378771359	0.00357893483523	0.0010690056603	0.0	0.0

Species	0	0

Site	12	12
MCT.f.0562	-0.286307089941	0.415471411165	0.218358471203	-0.244436268442	0.0560972710611	-0.000949965925793	-0.00949681876931	0.00185716095628	-0.00531403294805	-0.00194081690901	-0.0	0.0
MCT.f.0564	-0.312655232423	0.123268838259	0.0287074016483	0.146255572942	-0.0846539745712	-0.019203330709	0.0486088012474	-0.0222567434953	0.00716376327965	0.0171936302308	-0.0	0.0
MCT.f.0565	-0.311479585421	0.0474335550337	-0.00909161949902	0.183181888844	-0.0899769317337	-0.0161146749053	-0.00793850399546	-0.00133050285859	0.00865220724344	-0.0281300100638	-0.0	0.0
MCT.f.0566	-0.296413218936	-0.0501766842951	-0.09294602782	0.104194344914	0.0472795167068	0.0447220411801	-0.0339961198756	0.0629682760598	0.00646710044453	0.0162675895701	-0.0	0.0
MCT.f.0567	-0.237806326458	-0.200156210715	-0.131166547365	0.00831674879818	0.118348361561	-0.0078114005836	-0.0030132833672	-0.0398716170642	-0.0540453020079	0.00314009679085	-0.0	0.0
MCT.f.0568	-0.128987395589	-0.26760087458	-0.0725827038812	-0.13601048611	0.0578867475852	-0.00346613246479	-0.0183392433686	-0.0239162907092	0.0515305728864	-0.0111565725539	-0.0	0.0
MCT.f.0570	0.0256840745999	-0.286514037915	0.0159948941858	-0.206128164473	-0.0881034520028	-0.0118898969368	0.0543962014607	0.0393546709665	-0.0105521836208	-0.000539669019948	-0.0	0.0
MCT.f.0573	0.238203547989	-0.150446231972	0.251959956948	0.00296777191132	-0.13920204529	-0.00440552960998	-0.0593636541655	-0.0122864964999	-0.0191901318968	0.00649002430535	-0.0	0.0
MCT.f.0574	0.309523433952	-0.0503687733565	0.21334335089	0.0969779096673	0.090722553696	0.0260845005881	0.0224027755537	-0.0217480327365	0.0289519662989	0.0131048886495	-0.0	0.0
MCT.f.0575	0.364890734896	0.0570543795449	0.0918454825797	0.113648317869	0.0898654824605	0.0218774796474	0.0219606542868	0.0240711525316	-0.0197167529415	-0.0221895626031	-0.0	0.0
MCT.f.0577	0.351628152817	0.155065234864	-0.19834036104	0.011609849414	0.0334621251401	-0.101052654676	-0.0152906409667	0.0156353061542	0.00710918707226	0.00727924839673	-0.0	0.0
MCT.f.0578	0.283718904515	0.206969393967	-0.316082297849	-0.0805774853346	-0.091725654613	0.0722095643955	6.9831959585e-05	-0.0224768833047	-0.00105639381009	0.000481153206415	-0.0	0.0

Biplot	0	0

Site constraints	0	0
