Eigvals	15
0.78660274274	0.65618675168	0.437324957543	0.298971346698	0.242380277565	0.191938667659	0.0460573794126	0.0251826670442	0.0155506692764	0.00890112526923	0.0	0.0	0.0	0.0	0.0

Proportion explained	15
0.290356108796	0.242216078725	0.161428337396	0.110358319584	0.0894690425278	0.0708496953301	0.0170010104732	0.00929559587676	0.00574016790805	0.00328564338344	0.0	0.0	0.0	0.0	0.0

Species	0	0

Site	15	15
MCT.f.0428	-0.144003536667	0.328902809185	0.318234564226	-0.183663973924	0.132802532236	-0.165896735461	0.0711955742128	0.0193366097688	0.0060875877221	0.0126223637038	0.0	0.0	0.0	0.0	0.0
MCT.f.0429	-0.305866339009	0.268344677394	0.062178208824	-0.10992159948	-0.0470923743597	0.0884150198937	-0.10357918959	-0.0291015134613	0.0294709344954	-0.00163489338417	0.0	0.0	0.0	0.0	0.0
MCT.f.0430	-0.349951527677	0.148887541047	-0.0937280541647	-0.0376502472402	-0.113584146973	0.100311380486	0.00565500458672	-0.00103534110475	-0.0671969814469	-0.0345354451409	0.0	0.0	0.0	0.0	0.0
MCT.f.0431	-0.281973871643	-0.0315163572075	-0.237056169034	0.0400130970849	-0.152590257446	0.0484565295228	0.0316221564182	0.0338409951155	0.0568606510084	0.0373369892196	0.0	0.0	0.0	0.0	0.0
MCT.f.0432	-0.264784959101	-0.159921276641	-0.210258695554	0.0798353543902	0.087881439857	-0.125871181377	0.0726032242257	-0.00516250081553	-0.0357885601767	0.0075493947862	0.0	0.0	0.0	0.0	0.0
MCT.f.0433	-0.158415228972	-0.2519208508	-0.0793802557613	0.083530178601	0.171761405462	-0.153938149913	-0.0433947619744	-0.0263865911438	0.0413412353805	-0.0272237714444	0.0	0.0	0.0	0.0	0.0
MCT.f.0434	-0.0701392408297	-0.218405377407	0.194881097038	0.13366962518	0.167448907774	0.0825120810758	-0.0846163337536	0.0195923138737	-0.0373972585432	0.015789832305	0.0	0.0	0.0	0.0	0.0
MCT.f.0435	0.0320269726114	-0.200840429003	0.252379282485	0.06146779984	-0.0154289638637	0.153017819581	0.0428501318669	0.0227363338374	0.0407609378821	-0.0274645966546	0.0	0.0	0.0	0.0	0.0
MCT.f.0436	0.0808026652342	-0.225328534909	0.179849018981	0.00665537448163	-0.0938720808666	0.0973523534419	0.0573998582773	-0.0292576672781	-0.0214406191065	0.0368644347839	0.0	0.0	0.0	0.0	0.0
MCT.f.0437	0.183343925328	-0.177413876725	0.0879070070912	-0.0745619238738	-0.248304287148	-0.137575372553	0.0119239984639	-0.0383539750561	0.00176149551016	-0.0352617182283	0.0	0.0	0.0	0.0	0.0
MCT.f.0438	0.241930774024	-0.16207755958	-0.0880073229348	-0.235689244585	-0.0479945086512	-0.0627370239638	-0.0651090066572	0.0653481493241	-0.0146305176372	0.0195450996038	0.0	0.0	0.0	0.0	0.0
MCT.f.0439	0.26699146414	-0.00608490289088	-0.179640468157	-0.202607372077	0.0973160552536	0.0361639016714	-0.017823290844	-0.0623549979677	-0.00196976196705	0.010215361816	0.0	0.0	0.0	0.0	0.0
MCT.f.0440	0.283934033861	0.148680033413	-0.1758226137	-0.0208578892642	0.139237291821	0.128304276333	0.0486904140133	0.0633747483686	0.00708689325192	-0.032349543419	0.0	0.0	0.0	0.0	0.0
MCT.f.0441	0.258184471928	0.26746081836	-0.0577260504773	0.17156581984	0.0512131221617	0.0567337756232	0.0204758170575	-0.0717830404484	0.00471683998361	0.0139321956049	0.0	0.0	0.0	0.0	0.0
MCT.f.0442	0.227920396772	0.271233285764	0.0261904511378	0.288215001026	-0.128794135258	-0.145248674361	-0.0478935963033	0.0392064769876	-0.00966287635658	0.00461429644829	0.0	0.0	0.0	0.0	0.0

Biplot	0	0

Site constraints	0	0
