Eigvals	11
372.999163355	152.632577983	92.5622076825	77.3427367657	58.6662175065	38.2189715576	36.2268825449	29.1812135596	23.8245485895	20.9091949736	0.0

Proportion explained	11
0.413266296169	0.169110031267	0.102554762831	0.0856922735998	0.0649995302966	0.0423449014656	0.0401377564401	0.0323314721057	0.026396528252	0.023166447573	0.0

Species	0	0

Site	11	11
MCT.f.0241	-12.0664667995	4.00796616073	2.41255016264	-3.82137612999	2.29804255451	1.11130599236	-0.510844613356	0.740853368546	0.0361738936546	-0.529522084302	-0.0
MCT.f.0242	-3.35541399849	-5.00914671534	-2.7637199734	2.19309073374	1.08938339647	3.15950317788	2.04050391552	1.20351779341	1.32702107682	1.0215060823	-0.0
MCT.f.0243	-3.26941767315	3.24374654052	-3.79127431533	-1.36162076913	-5.30063202187	-0.599367317265	0.197289815056	-0.991695508392	1.61246638707	-0.0103350250898	-0.0
MCT.f.0244	-7.11560727818	-1.67372346149	2.17326715778	5.42706527583	-0.887445072086	-0.188865864994	-1.79544941267	-2.15374860928	-1.17939070252	-0.227310022743	-0.0
MCT.f.0245	-2.65675881181	-2.10612296249	-2.03183441828	0.175868676542	2.24365068782	-4.76868875157	2.07774541631	0.447509378003	-0.264704759193	-0.363674236017	-0.0
MCT.f.0247	4.62187107645	4.4430435817	-2.735456146	2.68043414261	0.495235056155	0.00346845149101	-2.52526006822	3.15368050659	-0.652633817268	-0.453591592812	-0.0
MCT.f.0249	7.29548028065	4.77422453211	-1.56427975967	0.297194423717	2.81462613669	1.41280744028	1.5366838479	-2.95928200706	-0.297698869751	-0.833403385677	-0.0
MCT.f.0250	4.58982936052	1.89109410217	6.2029656088	1.15135959562	-2.41569098713	-0.048298902349	2.85023801862	1.44999301306	-0.0272796972723	-0.101745685277	-0.0
MCT.f.0252	4.72342386673	-0.378884927598	2.21343900302	-1.0492502607	1.42063272293	-1.11937350985	-2.11923257328	-0.737757750992	1.9128970043	2.95555167395	-0.0
MCT.f.0254	2.26748526766	-2.98111385365	-1.19052119584	-3.43323824242	-1.4764636379	0.714492762323	-0.058782833516	-0.0749766534762	-3.55549608278	1.35611571649	-0.0
MCT.f.0255	4.96557470913	-6.21108299667	1.07486387627	-2.2595274458	-0.281338835586	0.323016521686	-1.69289151236	-0.0780935304185	1.08864556693	-2.81359144082	-0.0

Biplot	0	0

Site constraints	0	0
