Eigvals	12
0.771367897677	0.57085585622	0.301437427847	0.184833603827	0.074045590423	0.0338453123118	0.018100752064	0.00822685992366	0.00338941698634	0.0	0.0	0.0

Proportion explained	12
0.392333468083	0.290348948304	0.153317232715	0.0940101461649	0.0376610996833	0.0172144171382	0.00920641221078	0.00418434899222	0.00172392670869	0.0	0.0	0.0

Species	0	0

Site	12	12
MCT.f.0055	-0.300865570406	0.192838186908	0.233490938562	-0.0960157261535	0.147599834057	-0.0425388155287	0.00308997568349	-0.0140458687751	0.00348429969262	0.0	0.0	0.0
MCT.f.0056	-0.329719862784	0.157349959311	0.122658032943	-0.00851399399055	-0.0193439656623	0.0887495753361	-0.00176335536411	0.0235422091864	-0.00186402567228	0.0	0.0	0.0
MCT.f.0057	-0.300891492752	0.122965224993	0.0327243923201	0.101672856738	-0.112277186904	-0.0486292221486	0.00555689370222	0.0246330967	-0.00604046976698	0.0	0.0	0.0
MCT.f.0058	-0.236342545022	-0.00396353598487	-0.147667144472	0.1084374212	-0.0514088109112	0.0108103339192	-0.0216988818852	-0.0722260215468	0.00108752390878	0.0	0.0	0.0
MCT.f.0059	-0.138025657459	-0.104181360881	-0.251366632624	0.0858318690928	0.0106887197532	0.026907192657	-0.00858137679	0.0370692218357	0.0124024676001	0.0	0.0	0.0
MCT.f.0060	-0.0807148983075	-0.272122486664	-0.169711024085	-0.0312392426337	0.0687302737824	-0.096337427146	0.0382076264188	0.00830831122748	-0.0129205535766	0.0	0.0	0.0
MCT.f.0061	0.0169248860413	-0.394637470879	-0.0129453869025	-0.147692533168	0.0554528141057	0.084481677587	-0.0149649047371	-0.00422895740445	0.000578647452369	0.0	0.0	0.0
MCT.f.0063	0.19136686265	-0.36457623353	0.314890584909	0.0314636397006	-0.105981984225	-0.0335966259438	-0.0139196917072	-0.000644090287297	0.00417395485362	0.0	0.0	0.0
MCT.f.0065	0.381045966339	0.0839679487455	0.0704212895504	0.258938828968	0.082618143676	0.0402922441581	0.0566977385189	-0.00450387888531	-0.00309606407619	0.0	0.0	0.0
MCT.f.0066	0.323744265286	0.185441710656	-0.0504942911405	0.0231526814678	0.0489001590623	-0.0390596670412	-0.0942267438127	0.01065342938	0.0135918019476	0.0	0.0	0.0
MCT.f.0067	0.260908389241	0.199862641224	-0.06406040275	-0.135044955679	-0.0472471157372	0.0148986023338	-0.00744373030719	-0.00110850544796	-0.0427010768739	0.0	0.0	0.0
MCT.f.0068	0.212569657172	0.197055416102	-0.0779403563105	-0.190990845542	-0.0777308809959	-0.00597786818294	0.0590464502801	-0.00744894598252	0.0313034945108	0.0	0.0	0.0

Biplot	0	0

Site constraints	0	0
