Eigvals	15
0.73429945924	0.402730944551	0.369857982608	0.351454030505	0.30166275307	0.267252054945	0.262292000789	0.224886032925	0.211984610566	0.181148608888	0.156665629617	0.123406820175	0.109811437518	0.0997348634381	0.0

Proportion explained	15
0.193379840126	0.106060333684	0.0974031461497	0.0925564132936	0.0794437395078	0.0703815847994	0.0690753405038	0.0592243730351	0.0558267469553	0.0477059986698	0.0412583368096	0.032499535245	0.0289191527571	0.0262654584638	0.0

Species	0	0

Site	15	15
sample1	-0.164787877271	0.162914502344	-0.0259511924046	-0.00960621053644	-0.0555659459592	0.0131275399741	-0.141949942567	0.205834061592	-0.104506495747	-0.0637385994175	0.192922608862	0.0145578972069	-0.0964697174748	-0.12404612448	-0.0
sample2	-0.0587246883578	-0.310355197051	0.307665791515	-0.124542486939	-0.131669044439	0.0552845300588	-0.035682049827	-0.128915143109	0.0475815127115	0.00837577327248	0.136886431425	-0.0729124881627	0.068588807609	-0.0500847815578	-0.0
sample3	-0.155634673998	-0.109171714865	-0.0469659353342	0.0272510384375	0.094812193163	-0.261204837045	-0.0774081728925	0.0873513625399	0.127370941463	-0.136457042867	0.0674204160946	-0.0430204150063	0.00053331007176	0.172244772736	-0.0
sample4	-0.159749758914	-0.0828323947499	-0.0837725578027	0.021026022358	0.00375820471065	-0.0681827137119	-0.046230105397	-0.0396980995249	0.0458899705604	-0.195878769994	-0.181562529905	0.0988156600518	0.0952416759664	-0.153036904128	-0.0
sample5	-0.120480155896	-0.116699940745	-0.0545766619753	0.159959959132	-0.0639327281758	0.107575256187	0.326896721911	0.0594409716826	-0.216441346294	-0.0911283273256	0.0229379580242	-0.00799415727564	0.0360435404639	0.0602309004802	-0.0
sample6	0.375460792129	0.0977556217985	-0.146156908614	0.0449556762429	0.0376292702483	0.0226623457772	-0.092357320505	0.0375037010759	-0.0499838233476	-0.000589629214939	-0.0274887419963	-0.231455386263	0.127569660258	-0.0312809975252	-0.0
sample7	0.324971181435	-0.149563510716	-0.170502696976	-0.221286551805	0.270306719409	-0.0470197912306	0.0811787578871	-0.117405960391	-0.0699618287696	0.0107384552717	0.0795053035677	0.0736904027351	-0.0798483259	-0.0360096558983	-0.0
sample8	-0.112259864627	-0.259890324821	-0.00813575029396	0.136738339987	0.0856041963282	0.0980998056955	-0.233058818378	0.0814193736011	-0.120533926435	0.18915170036	-0.117898642323	0.0414243311053	-0.0331183742503	0.0441623812966	-0.0
sample9	-0.190460832115	0.216133001548	-0.171019805514	0.0191073968051	0.0110851462109	0.125932308653	-0.0510837577099	-0.143660652897	0.0646509476289	0.0956321242145	0.124994220729	0.115628750897	0.151539053679	0.062335643796	-0.0
sample10	-0.209831197464	0.119532397134	0.15549757491	0.182404737245	0.239708872081	-0.0787143987329	0.183636038656	0.00230007289435	0.133294285172	0.146815255698	-0.0142535618332	-0.0680656764883	-0.0312993875954	-0.0920918197995	-0.0
sample11	-0.151099758375	0.0493172999895	-0.168457374408	0.0210248542435	-0.154303129331	0.107912817151	-0.0217320926562	-0.217435893262	0.0729514180397	-0.0443869947024	-0.0670110568974	-0.106164159759	-0.18820356548	0.0226636244708	-0.0
sample12	-0.0220548314022	0.0232506069928	-0.102921782155	-0.232214640561	-0.269665730991	-0.21868444799	0.111141299907	0.0938997163858	-0.00180435580274	0.193158526571	-0.0717453232077	0.0147995909986	0.0147836454934	-0.00590892931807	-0.0
sample13	0.24572037425	0.216993258287	0.270758165311	0.141591338073	-0.0643160889762	-0.178559000571	-0.0682797464368	-0.159819401627	-0.170766303294	-0.027813568413	-0.0318495240481	0.0717324120546	-0.0240773405571	0.0438585115778	-0.0
sample14	0.460889884746	-0.044390727481	0.032222089422	0.159175612068	-0.120222814024	0.128857139069	0.0485203117331	0.134653544616	0.234978773211	-0.0140436158926	0.0100835274683	0.104008730665	-0.0389290978835	0.00973977746621	-0.0
sample16	-0.0619585941402	0.187007122334	0.21231704432	-0.32558508475	0.116770879745	0.192913446716	0.0164088762752	0.104532346424	0.00728023090397	-0.0698352875612	-0.12294108596	-0.00504549275894	-0.00235388440036	0.0772236008833	-0.0

Biplot	0	0

Site constraints	0	0
