Eigvals	11
0.462608994122	0.414274741631	0.282759785182	0.233688349879	0.214453372225	0.169112961651	0.141050378114	0.0963557677371	0.0670713124579	0.0402777447164	0.0

Proportion explained	11
0.218041736902	0.195260328631	0.133273316063	0.110144451035	0.101078419051	0.0797080998413	0.0664813478021	0.0454154139346	0.031612756454	0.0189841302872	0.0

Species	0	0

Site	11	11
sample1	-0.299233745682	0.307069877061	-0.151855683731	0.167832872603	-0.123390334288	0.0526490718301	0.0366853279414	0.0201474753977	0.100919011718	0.0363743593442	0.0
sample2	-0.282134735953	0.0389528843418	-0.139848398455	-0.139764263497	0.0021124748086	0.0524639222452	-0.130446482275	-0.111365799486	-0.14224787851	-0.0231168048758	0.0
sample4	-0.102537078738	-0.0673679921455	-0.0377441753648	-0.255258348164	0.00984273464069	-0.218146061261	-0.00944254122186	0.137224060462	0.0304624052499	0.0634042447766	0.0
sample5	-0.341368391193	-0.314580080456	0.277524521881	0.108230710356	0.011708494459	0.0185093739413	0.103238260744	0.00794518327278	-0.00787564874647	-0.0253792628636	0.0
sample6	0.118643751116	0.251903212857	0.085524874006	0.0293475279985	-0.0102883046203	-0.0374615149994	-0.0084746579638	0.142782186689	-0.0521478857726	-0.1322921241	0.0
sample7	0.108842014672	-0.189986867141	-0.259916067214	0.232072787993	0.241731474241	-0.0908511011556	-0.0224966865017	0.00424383737226	-0.00415281562065	-0.00815139542069	0.0
sample8	0.131847287252	0.111669946625	0.176811963467	0.0165666704548	-0.0277246817544	-0.197038643169	-0.0693893071046	-0.19107581165	0.0729352982284	-0.012944352014	0.0
sample10	0.136439978911	0.106961964785	-0.0465405551748	-0.163061423987	0.124958103017	0.0890816365923	0.277381641129	-0.0722456616707	-0.00356551785392	0.00295596894689	0.0
sample11	0.178691211263	0.129035300774	0.196602549734	0.1007121654	0.0552760215339	0.0911220781439	-0.0686590471581	0.044531531027	-0.0912007431407	0.123457615768	0.0
sample12	0.101124487468	-0.136605608362	0.0193250737321	-0.128079088249	0.0586592474559	0.225232098856	-0.15171400209	0.0226553871768	0.133828527517	-0.0275632950158	0.0
sample13	0.249685220885	-0.23705263834	-0.119884102881	0.0314003890917	-0.342885229493	0.0144391389757	0.0433174945009	-0.00484238859057	-0.0369547530692	0.00325504545339	0.0

Biplot	0	0

Site constraints	0	0
