Eigvals	15
0.685425833972	0.607176931445	0.517142845945	0.373284809943	0.255887773176	0.145404007092	0.101501017134	0.0632707249097	0.0352291949874	0.0173829219103	0.0	0.0	0.0	0.0	0.0

Proportion explained	15
0.24464587618	0.216716856919	0.184581406748	0.133234822597	0.091332840651	0.0518983804694	0.0362282891001	0.0225829275245	0.0125741938042	0.00620440600652	0.0	0.0	0.0	0.0	0.0

Species	0	0

Site	15	15
MCT.f.0547	-0.27717551377	0.283017713154	0.0323253331756	-0.105717336673	0.200515821204	-0.107866914149	0.00752217896213	-0.105204113799	0.0351345262498	-0.0587430537267	-0.0	0.0	0.0	0.0	0.0
MCT.f.0548	-0.271617864987	0.309363195057	-0.0141503708454	-0.137563091797	0.060825734115	-0.00278734053934	-0.0267397509252	0.0368569250556	-0.0390043850859	0.0850266588081	-0.0	0.0	0.0	0.0	0.0
MCT.f.0549	-0.223188288573	0.257828034823	0.0720377198336	0.157460950301	-0.0469057162479	0.11438786726	0.0102336356409	0.140055513723	0.0213384790332	-0.0261434705252	-0.0	0.0	0.0	0.0	0.0
MCT.f.0550	0.0379806955201	0.105616052381	0.233180185726	0.217991248586	-0.126170175115	0.106322910772	0.0148614561026	-0.0699225366522	-0.0566087044162	-0.0135975728276	-0.0	0.0	0.0	0.0	0.0
MCT.f.0551	0.191495302926	0.035175827946	0.308580305524	0.143061723571	-0.0658566254207	-0.0324746913623	0.0564829843876	-0.0197629476505	0.0676167570569	0.0106361662245	-0.0	0.0	0.0	0.0	0.0
MCT.f.0552	0.285599682818	-0.0209042338392	0.263788828971	-0.0466002641352	0.0680427593792	-0.151750994248	0.0151253408176	-0.00720569231647	-0.0749103962838	0.0238900769239	-0.0	0.0	0.0	0.0	0.0
MCT.f.0553	0.343639037857	-0.0243308739722	0.0574157036842	-0.153847690717	0.101668694343	-0.0329145932752	-0.0713388380402	0.113826806224	0.06762242337	-0.0130175444971	-0.0	0.0	0.0	0.0	0.0
MCT.f.0554	0.304297766139	0.0713970570342	-0.195569295936	-0.139913427933	0.0817980042895	0.161135526831	-0.0236890355185	-0.00425734979479	-0.0802666298309	-0.0397124100668	-0.0	0.0	0.0	0.0	0.0
MCT.f.0555	0.224659308964	0.111791683473	-0.262537691887	-0.0077982933786	-0.038418178415	0.102914850643	0.0305561402043	-0.0958493547568	0.0784326812615	0.0378544001928	-0.0	0.0	0.0	0.0	0.0
MCT.f.0556	0.0640723059409	0.0441346015801	-0.397815055621	0.201511653639	-0.0628543883929	-0.166029627393	0.114779104621	0.0390103893367	-0.0275385972462	-0.00342129568832	-0.0	0.0	0.0	0.0	0.0
MCT.f.0557	-0.0669010121896	-0.172257256667	-0.143305847025	0.230064864663	0.0123730173339	-0.0653649838367	-0.186010415806	-0.0170930483809	0.0109452680785	0.0099658299663	-0.0	0.0	0.0	0.0	0.0
MCT.f.0558	-0.172826182905	-0.322823005935	-0.00045889919996	0.0944532664917	0.109243988768	0.00360688840855	-0.0184734274508	0.0136348200133	-0.0196128011036	-0.0220081953227	-0.0	0.0	0.0	0.0	0.0
MCT.f.0559	-0.158451831975	-0.323924464829	0.0474323978542	-0.00821619322918	0.112710645851	0.110714211109	-0.0101967638195	-0.0300974065614	0.00957699184271	0.0314521555686	-0.0	0.0	0.0	0.0	0.0
MCT.f.0560	-0.16283619432	-0.30039329273	0.00228577438278	-0.18097767216	-0.0379020825276	0.0170977545713	0.182019630586	0.0231487692411	0.0100296408527	-0.00271591833012	-0.0	0.0	0.0	0.0	0.0
MCT.f.0561	-0.118747211446	-0.0536910374755	-0.00320908863753	-0.263909737229	-0.369071499164	-0.0569908647909	-0.0951322397622	-0.0171407736814	-0.00275525377879	-0.0194658266995	-0.0	0.0	0.0	0.0	0.0

Biplot	0	0

Site constraints	0	0
