Eigvals	12
0.819879919096	0.628151272025	0.397257878737	0.271494940713	0.100316358465	0.0777321027781	0.0318401773188	0.0193575956809	0.0020719744722	0.0	0.0	0.0

Proportion explained	12
0.349167047483	0.267514449271	0.16918253195	0.115623135349	0.0427223132115	0.0331042243986	0.013559962193	0.00824393227938	0.000882403864356	0.0	0.0	0.0

Species	0	0

Site	12	12
MCT.f.0157	-0.105420158939	0.371840765043	0.112570452372	-0.195788358206	0.00636403046087	-0.13370388459	0.0140275734661	-0.055632566887	0.0118427776842	0.0	0.0	0.0
MCT.f.0158	-0.0832134860079	0.381850686888	0.0233798582941	-0.0639304894437	0.0309997150448	0.00901774912798	-0.0296297865453	0.0660456106271	-0.0284809956233	0.0	0.0	0.0
MCT.f.0159	0.0999661005977	0.312392149534	-0.165350681279	0.0923316655394	0.0837491971918	0.124590090291	-0.0157475417678	-0.029601994378	0.0110425231554	0.0	0.0	0.0
MCT.f.0160	0.271243492339	0.0656590288304	-0.351785952696	0.026230259642	-0.0481439383866	-0.00420682971265	0.0556390781359	0.042179933726	0.0128741861942	0.0	0.0	0.0
MCT.f.0161	0.418323525763	-0.135089237792	-0.0742012552102	0.0383623047129	-0.0893931474705	-0.00866372524601	-0.00526121341368	-0.0741154857457	-0.0241315103076	0.0	0.0	0.0
MCT.f.0162	0.414254782014	-0.148946354883	0.158069771511	-0.0404267233448	-0.0411447669219	-0.0899044082476	-0.0696217779462	0.0516749427028	0.0120699513709	0.0	0.0	0.0
MCT.f.0163	0.236852587124	-0.14151672663	0.346815934486	-0.030638437674	0.145211326114	0.096075683549	0.0562970296741	-0.000559001892044	0.00158952050126	0.0	0.0	0.0
MCT.f.0166	-0.283998531153	-0.156421811986	-0.00287168751984	-0.268873257281	-0.125773878314	0.082247081411	0.0215861888522	-0.00533492783728	0.000722560478008	0.0	0.0	0.0
MCT.f.0167	-0.244872545656	-0.274913951862	-0.131350449166	-0.100533542944	0.0440558685555	0.0579409658303	-0.0876918700824	-0.00128497010122	0.00452583334331	0.0	0.0	0.0
MCT.f.0168	-0.22250941066	-0.276789900297	-0.146814022509	0.02854469256	0.116005279475	-0.112054467041	0.077705388888	0.0133789847138	-0.00786509974655	0.0	0.0	0.0
MCT.f.0169	-0.258482812113	-0.0493051721103	0.024798404691	0.265514390172	0.0404307080707	-0.0550519194263	-0.0588207836241	-0.0239853762033	0.00176729445972	0.0	0.0	0.0
MCT.f.0170	-0.242143543309	0.0512405252653	0.206739627025	0.249207496267	-0.16236039382	0.0337136640545	0.0415177143633	0.0172348512748	0.00404295849056	0.0	0.0	0.0

Biplot	0	0

Site constraints	0	0
