Eigvals	14
0.607754485956	0.563961263216	0.487758332866	0.412687300778	0.330507861837	0.29143432106	0.270544523215	0.175510987621	0.0939699819018	0.0530895233592	0.0198207090276	0.0	0.0	0.0

Proportion explained	14
0.183776010052	0.170533584158	0.147490939771	0.124790564757	0.0999407121508	0.0881254486051	0.081808681247	0.0530719390325	0.0284151392341	0.016053490355	0.00599349063752	0.0	0.0	0.0

Species	0	0

Site	14	14
MCT.f.0308	-0.0622353583257	0.0356110980827	0.000154432929893	0.121582136182	0.309044602484	-0.350122416732	0.202945684793	-0.0554014299736	0.00445083694171	0.00611972045538	-4.77937722942e-05	0.0	0.0	0.0
MCT.f.0310	0.132883105723	-0.159811724972	0.229871702703	0.354040983775	-0.199244948012	-0.0608439932916	0.0239829959036	0.167195987865	0.0263610704992	0.0353651490697	0.0432744428494	0.0	0.0	0.0
MCT.f.0311	0.22529985935	0.0436959681106	0.246516464954	0.209157789315	0.0686357497642	0.172996334353	-0.0214003827544	-0.0895917539433	-0.0785408356028	-0.0308827763361	-0.0617520561712	0.0	0.0	0.0
MCT.f.0312	0.225304722409	0.143658283538	0.129176352646	-0.061698622525	0.151195243282	0.146699495467	-0.0456754312091	-0.18251837262	0.0437691410867	-0.00303850458072	0.0598170028042	0.0	0.0	0.0
MCT.f.0313	0.246119607431	0.131318787311	-0.0845677080312	-0.167674663427	-0.182345705052	-0.0461701801034	0.0816695490309	-0.0339121028368	0.186493441189	0.0103897240915	0.00437321882444	0.0	0.0	0.0
MCT.f.0314	0.223911036754	0.167358423207	-0.211172865807	-0.0497414226356	-0.21801295771	-0.0902342213823	0.12068614456	0.00419025059206	-0.104776943588	-0.0444476265002	-0.0476259075442	0.0	0.0	0.0
MCT.f.0315	-0.0180196413212	0.194927304192	-0.269922040287	0.0529460323645	-0.0121994737805	-0.0408100036493	-0.191683554288	0.026154813188	-0.125980165314	-0.0242246476279	0.0684640107194	0.0	0.0	0.0
MCT.f.0316	-0.187253920534	0.100688851071	-0.204672591097	0.207715412431	0.0542314630954	-0.000599964537193	-0.275090436152	0.000292211211514	0.116727191219	0.0354875422772	-0.0515362121016	0.0	0.0	0.0
MCT.f.0318	-0.0138294897108	-0.0899871891641	-0.259445063384	-0.0176876860783	0.15944997635	0.284177292054	0.217748587951	0.134527750668	-0.0193892981061	0.0773753080322	0.00492186347515	0.0	0.0	0.0
MCT.f.0319	-0.124315851224	-0.448847717021	-0.146735005688	0.014351346225	-0.00615107581181	0.0570995512594	0.020061526218	-0.0444569136251	0.0533555014939	-0.13686821022	0.00175475063851	0.0	0.0	0.0
MCT.f.0320	0.0524425916018	-0.410197518263	0.0472172162192	-0.212420709477	-0.0484906932463	-0.106465225036	-0.131024483106	-0.0977594697013	-0.0762023766867	0.0712270589199	-0.000564884475758	0.0	0.0	0.0
MCT.f.0321	0.0679266933846	0.00636359463128	0.16257773951	-0.280204227803	0.115520637028	-0.0502406104663	-0.12438792521	0.183491162108	-0.00335885692786	0.0360440927132	-0.0286297105384	0.0	0.0	0.0
MCT.f.0322	-0.282874050899	0.179201257364	0.244925349049	-0.155184101687	0.0145020609081	0.0297855192287	0.0127795504792	0.131591359236	0.00605809455127	-0.103699667683	0.00878517108491	0.0	0.0	0.0
MCT.f.0323	-0.485359304638	0.106020581912	0.116076016283	-0.0151822666596	-0.2061348793	0.0547284228366	0.109388173784	-0.143803492169	-0.0289668007558	0.071152837389	-0.00123389579264	0.0	0.0	0.0

Biplot	0	0

Site constraints	0	0
