Eigvals	9
109.288509673	75.2474050948	67.7837208075	49.0839277378	42.1399225427	27.86748189	19.7003771293	13.5982964482	0.0

Proportion explained	9
0.270041774433	0.18592936123	0.167487289371	0.121281834496	0.10412384149	0.068857963944	0.0486778053146	0.0336001297219	0.0

Species	0	0

Site	9	9
MCT.f.0329	-2.15852584877	1.64978074796	1.76938352858	-6.06904033153	-0.283753006088	0.442599697478	0.0640294369891	0.242838214423	0.0
MCT.f.0330	2.53297566024	3.83797353756	2.86402106474	1.41719725684	-0.250684593255	-2.92819346129	-1.75136357299	0.322064660869	0.0
MCT.f.0331	3.48821099063	3.33877561221	1.48269138638	1.64464055513	-1.34241556121	2.72154818724	2.0424727535	-0.541499716866	0.0
MCT.f.0334	2.31099288754	0.282439024097	-4.85976298846	-0.0414344584743	-0.138997628522	1.78673315384	-2.00445751174	1.52730779385	0.0
MCT.f.0335	2.27370817425	-0.504539777449	-4.38284080281	-1.04639431093	0.452566432172	-2.08813770923	1.01307885708	-2.0830140982	0.0
MCT.f.0336	-5.9681031712	0.878890401656	-1.62716149441	1.78556307925	-0.0756273987411	-1.29962890477	1.97422949539	1.60784580883	0.0
MCT.f.0337	-5.82428626405	-0.344573362801	0.698655709706	1.76014472561	0.41984870593	1.45454847665	-1.81085517785	-1.88045964988	0.0
MCT.f.0338	2.11977576738	-3.2158013565	2.21200688014	0.316528156077	5.02797570549	0.360828165722	0.485982243536	0.515417141699	0.0
MCT.f.0340	1.22525180398	-5.92294482673	1.84300671613	0.232795328036	-3.80891265578	-0.450297605634	-0.0131165239234	0.289499845274	0.0

Biplot	0	0

Site constraints	0	0
