Eigvals	12
0.767076706566	0.432026495612	0.248555881185	0.0785962116321	0.0255015878539	0.0185390680767	0.00942922712981	0.00294484164262	0.0	0.0	0.0	0.0

Proportion explained	12
0.484672545141	0.272973197341	0.157048454884	0.0496605171349	0.0161130163183	0.0117137924178	0.00595779727451	0.00186067948844	0.0	0.0	0.0	0.0

Species	0	0

Site	12	12
MCT.f.0311	-0.287640286714	0.143570931111	0.196397326569	-0.151817630375	0.00723129572754	-0.0405266696566	0.0183518068111	0.0187256993021	0.0	0.0	0.0	0.0
MCT.f.0312	-0.303759788483	0.150936219045	0.123964102516	-0.0153619144695	0.00204012337097	0.0401069335756	-0.0471419723312	-0.0292530245116	0.0	0.0	0.0	0.0
MCT.f.0313	-0.31275223187	0.0756123902708	-0.0209776706386	0.105765321052	-0.0513044061394	0.0400556469472	0.0124953856776	0.0118009784166	0.0	0.0	0.0	0.0
MCT.f.0314	-0.300727450908	-0.0261137260926	-0.0544855101073	0.081821216087	0.0266079606817	-0.0549194634856	0.00575008606153	0.00597180344439	0.0	0.0	0.0	0.0
MCT.f.0315	-0.196668235363	-0.163531996801	-0.156078074887	0.0117828190975	0.0467679240219	0.0300322228187	0.0277342294256	-0.0114946534158	0.0	0.0	0.0	0.0
MCT.f.0316	-0.0475514084305	-0.272449239438	-0.198932873321	-0.0155270560834	-0.0548761903495	-0.0263849306381	-0.0287852481065	0.00963686115186	0.0	0.0	0.0	0.0
MCT.f.0318	0.154506790094	-0.309682363604	0.0444677183777	-0.0712958833716	0.056621873072	-0.0195670861677	-0.00531985662727	-0.0140745141524	0.0	0.0	0.0	0.0
MCT.f.0319	0.229021972573	-0.187120839772	0.115423776685	-0.0647598613737	-0.0404054541951	0.0740559910091	0.00857530033802	0.0147083066673	0.0	0.0	0.0	0.0
MCT.f.0320	0.289115925245	-0.0247813547183	0.195678536401	0.0927971263723	-0.0686110232179	-0.0529834401561	0.00890272789638	-0.0168893055471	0.0	0.0	0.0	0.0
MCT.f.0321	0.26729486271	0.0806818044217	0.101975968323	0.116626917437	0.0809637723658	0.0182173631578	0.00929062925628	0.0130467476507	0.0	0.0	0.0	0.0
MCT.f.0322	0.285397310545	0.241528651054	-0.135445755713	-0.0175582062408	0.0173874794992	-0.00794299557792	-0.0537483832487	0.0141791851282	0.0	0.0	0.0	0.0
MCT.f.0323	0.223762540602	0.291349524524	-0.211987544204	-0.0724728481318	-0.0224233548372	-0.000143571826532	0.0438952948472	-0.0163580841344	0.0	0.0	0.0	0.0

Biplot	0	0

Site constraints	0	0
