Eigvals	7
190.090639501	91.9604050035	66.6187906896	51.9894734975	32.9056950347	27.2122476141	0.0

Proportion explained	7
0.412543455537	0.199576703789	0.144579165954	0.112829948411	0.0714134539822	0.0590572723262	0.0

Species	0	0

Site	7	7
MCT.f.0464	-2.13444951453	0.782824959822	-4.63907212337	-0.466688319149	2.80263322374	-2.66284115037	-0.0
MCT.f.0467	-2.45914333099	5.91789931866	-0.935072892877	1.49374962405	-3.5587208554	-0.312192482444	-0.0
MCT.f.0468	-5.09100361341	1.6680238309	0.71945038077	-0.37122835153	2.33346413541	3.74227927589	-0.0
MCT.f.0470	-2.46604175101	-0.377345097276	6.20844033927	-1.73160570094	0.362530766208	-2.2336745611	-0.0
MCT.f.0472	2.33055312317	-3.50859599071	-2.05269617336	-4.87972129106	-2.17162448124	0.905477399361	-0.0
MCT.f.0473	-1.93974525346	-6.18115855991	-0.24351357311	4.53634964313	-0.900794032423	0.117869442768	-0.0
MCT.f.0475	11.7598303402	1.69835153851	0.942464042667	1.4191443955	1.13251124371	0.443082075897	-0.0

Biplot	0	0

Site constraints	0	0
