Eigvals	12
0.664729499658	0.384421244974	0.186110567356	0.0513265014889	0.0175188984445	0.0146768809402	0.00259365672612	0.00176110018967	0.0	0.0	0.0	0.0

Proportion explained	12
0.502388506667	0.290537452141	0.140658433328	0.0387914850307	0.0132404131794	0.0110924764161	0.00196023093621	0.00133100230219	0.0	0.0	0.0	0.0

Species	0	0

Site	12	12
MCT.f.0005	-0.24561559506	0.149026243536	0.240243365119	-0.10291720206	0.0213112936911	0.00733675681218	-0.000860603771389	-0.00153617415665	-0.0	0.0	0.0	0.0
MCT.f.0006	-0.289662116951	0.141240796782	0.0920766273392	0.0568776307725	-0.0615317411722	0.0114889612665	-2.22825299809e-05	-0.00590198546474	-0.0	0.0	0.0	0.0
MCT.f.0007	-0.280595879818	0.0548136954813	-0.0336590776343	0.0606756946955	0.0556194941319	0.000566686042731	-0.00862213478961	-0.014629563123	-0.0	0.0	0.0	0.0
MCT.f.0008	-0.269197562702	-0.00928009179175	-0.0841862861	0.0196890491074	0.0112758722556	-0.0538146993437	0.0107607521057	0.0149087305879	-0.0	0.0	0.0	0.0
MCT.f.0009	-0.194212391269	-0.117130425147	-0.118265795333	-0.0048364458882	-0.0137205429204	0.0307461076321	0.00623026857915	0.0248923884167	-0.0	0.0	0.0	0.0
MCT.f.0010	-0.054462266043	-0.211952791588	-0.158501159039	0.0231724180911	-0.0349908271562	0.0168970289003	-0.012248744031	-0.0186552296185	-0.0	0.0	0.0	0.0
MCT.f.0011	0.078572292281	-0.269881781704	-0.0371518253852	-0.0945032241922	0.0541821010736	-0.0146595596684	0.00183931214006	-0.00668320723707	-0.0	0.0	0.0	0.0
MCT.f.0012	0.188587759557	-0.224445564771	0.134839642578	-0.0529491464077	-0.0647729544211	-0.0175410623435	-0.000736223014966	0.000106776149376	-0.0	0.0	0.0	0.0
MCT.f.0013	0.274397924024	-0.107680439817	0.141560374329	0.0970750402095	0.0375452902903	0.0633637469804	0.00298550969986	0.00794823694858	-0.0	0.0	0.0	0.0
MCT.f.0014	0.301083761962	0.0658847230351	0.0548054353896	0.0854417776878	0.00388387222288	-0.0682088946001	0.0114280452929	-0.00329656911824	-0.0	0.0	0.0	0.0
MCT.f.0016	0.258516679133	0.239740324458	-0.076356642215	-0.0270742085942	0.000628086245125	-0.00918324741116	-0.0370997402253	0.011352898332	-0.0	0.0	0.0	0.0
MCT.f.0017	0.232587394884	0.289665311527	-0.155404659049	-0.0606513834212	-0.00942994424055	0.0330081757327	0.0263458405446	-0.00850630171631	-0.0	0.0	0.0	0.0

Biplot	0	0

Site constraints	0	0
