Eigvals	5
161.61217809	53.4277022989	44.7701142937	36.9924755646	0.0

Proportion explained	5
0.544510892903	0.180010975833	0.150841447702	0.124636683562	0.0

Species	0	0

Site	5	5
sample2	-4.36139437976	4.56127122505	1.84350775814	-2.83313742414	-0.0
sample3	5.68089703993	2.74556882515	-4.2759473352	1.37120287854	-0.0
sample4	-4.74321447171	-4.38155802375	-2.83390295171	-2.12508785045	-0.0
sample5	-4.68966114752	-0.566072344846	1.86191252985	4.63395547308	-0.0
sample6	8.11337295906	-2.3592096816	3.40442999892	-1.04693307703	-0.0

Biplot	0	0

Site constraints	0	0
