Eigvals	10
0.63020676515	0.458265292345	0.403083394349	0.320462628751	0.276266294149	0.215850302561	0.164250407397	0.14469113336	0.0701451267696	0.0

Proportion explained	10
0.234869466272	0.170789224388	0.150223683605	0.119432051093	0.102960679961	0.0804444638817	0.0612138867014	0.0539244120275	0.02614213207	0.0

Species	0	0

Site	10	10
sample1	-0.103165519253	0.384012428972	-0.196784027614	-0.326525878103	-0.100486247451	0.0671725582088	-0.0979307481832	-0.0458476643601	0.0123579357354	-0.0
sample4	-0.0262616777199	0.168461826442	0.328394690484	0.0988253613694	-0.0667756560014	-0.21238651995	0.0219543424767	-0.177211822389	0.0811414079805	-0.0
sample5	-0.00975287887841	0.134117193283	0.369895881078	-0.0365226492025	0.188097558163	0.0672239130033	-0.0837706324283	0.190169043531	-0.0726892491685	-0.0
sample7	-0.415282292689	0.157473628624	-0.194080950141	0.367191834234	0.0275599736468	0.0880159789653	0.0463461582382	0.0283768607819	-0.00733576781821	-0.0
sample8	0.184164913666	0.0233449316153	-0.19649706365	-0.0181937405651	-0.0500472807353	-0.303529808659	0.118299883051	0.132153938579	-0.0863794623361	-0.0
sample9	0.300084026934	-0.112291811796	-0.0563864915197	0.103738705323	-0.147819393664	0.060759793129	-0.111950486443	0.146209432278	0.160639622256	-0.0
sample10	0.269648116383	-0.120790282744	0.0292946495461	0.113409888624	-0.192529525085	0.136031518272	-0.0767553292412	-0.137717978765	-0.150678359158	-0.0
sample11	0.199360694309	-0.0189617043722	0.0163006978064	-0.0992691702597	0.118154581866	0.18464113877	0.302648589455	-0.0437673988698	0.0421780975738	-0.0
sample12	0.0559243145303	-0.202343338448	-0.180640168277	-0.0189561087542	0.362055595766	-0.0729428204772	-0.142893909796	-0.117688509503	0.0176585792206	-0.0
sample13	-0.454719697282	-0.413022871577	0.0805027822867	-0.183698242666	-0.138209606507	-0.0149857512619	0.0240521328716	0.0253240987176	0.00310719571467	-0.0

Biplot	0	0

Site constraints	0	0
