Eigvals	17
0.646047871811	0.429313112605	0.388692001649	0.328729585241	0.249796240069	0.206137184718	0.168034899646	0.152353086659	0.111125133813	0.0642375277121	0.0604534143505	0.0319259511939	0.0216438543652	0.00642940669376	0.000268882429256	0.0	0.0

Proportion explained	17
0.225481831322	0.149837668484	0.13566020132	0.114732285523	0.0871831889334	0.0719454268667	0.0586470733073	0.0531738505555	0.0387845851235	0.0224200032538	0.0210992825334	0.0111427066879	0.00755407785102	0.00224397364171	9.38445975979e-05	0.0	0.0

Species	0	0

Site	17	17
sample1	-0.19442747414	-0.156631643368	-0.0733585179688	0.0192257189515	-0.0579188954466	0.0678945210728	-0.130932785221	0.0248383629304	-0.201998161318	0.0935490026209	-0.072453266165	0.0488081108531	-0.00643125593685	0.00342042123442	-2.90367936709e-05	-0.0	0.0
sample2	-0.196000267643	-0.0397873134333	0.0551265493229	-0.0844639107025	-0.0494914498998	0.0326619211943	-0.074579273189	0.0310348415864	0.0207043046457	-0.10997540482	0.0489405034644	0.0338213843112	-0.0607426714975	-0.0257522217721	0.00798123822165	-0.0	0.0
sample3	-0.202202117639	-0.0468076919003	0.0345038045627	-0.0379846612216	-0.0453554384696	-0.00964308326739	-0.0553813655104	-0.00379397647777	0.0252560289272	-0.067308549455	0.0597649360853	0.00734786090768	-0.0118692911945	0.047208205801	-0.00788343512459	-0.0	0.0
sample4	-0.210351555064	0.00527499934542	0.034520784205	-0.0611747197493	-0.0131185773054	-0.0091221546484	-0.0709824914428	0.0274950518768	0.0256289937127	-0.0129402329594	0.0665884723824	-0.00104541792221	0.0388738558962	-0.0326290929803	-0.00711541372957	-0.0	0.0
sample5	-0.119672619864	0.16403642187	0.108598327585	0.0555950229613	-0.0799163257819	-0.106489878813	0.107183964239	-0.285311534477	-0.0677438517236	0.00473646057012	0.0273660961129	0.0254239765811	0.0264701259068	0.0014568023918	0.002655835232	-0.0	0.0
sample6	-0.143505904396	-0.0864131643021	0.0133857186784	0.0698319417664	-0.121249797499	-0.0650463132415	0.0721087695742	-0.00552789148637	0.205808645124	0.0755323338943	-0.106443339935	0.0332877241445	-0.0254667255674	-0.0113331057412	-0.00206602344685	-0.0	0.0
sample7	-0.23696510854	0.293562644005	-0.28547267704	0.165120874615	0.253772267143	0.102163258497	0.0613704135433	0.0275565610065	0.0138876434463	-0.024242649543	-0.0267414067394	0.00671168591642	-0.000422640285049	0.000628106670812	0.000109137117857	-0.0	0.0
sample8	0.274466849097	-0.181474894738	-0.239231906073	-0.225074262407	-0.00909068080638	0.13532502293	0.0901199796564	-0.0943149784849	0.0319741158936	-0.0454937529983	-0.0220781320617	0.031725418385	-0.00559213247252	0.0173072324163	0.000592782635651	-0.0	0.0
sample9	-0.163236414862	0.0070899804549	0.0578781013557	-0.0540678103765	-0.00211925940172	-0.0440093095249	-0.0322495113591	-0.0132768866261	-0.000256781318649	0.0144138486507	-0.0513734586345	-0.134809009943	-0.0323331272703	0.0205018562816	0.0034925475035	-0.0	0.0
sample10	-0.0299081301537	-0.00224203522207	0.123835352495	-0.189720966796	0.0840607097504	0.0716024627481	-0.074198771743	0.0368181144533	0.0747080756934	0.026373221858	-0.0232409175398	-0.00196845947859	0.0993935928451	0.00546663527073	0.0050542684898	-0.0	0.0
sample11	0.0158206028985	-0.187649545854	-0.27721538665	-0.0233335010905	-0.0747888491318	-0.0779185507416	0.127633691503	0.0385151861565	-0.0489842324289	0.0316071586495	0.0730735285485	-0.0643210017492	0.018244042196	-0.0231759197635	-0.000322380454471	-0.0	0.0
sample12	0.0967284098383	-0.0704877684375	0.283702842513	0.15291997226	-0.0444935889468	0.15383355348	0.17990322254	0.0869552093333	-0.0775859795269	-0.0847835602321	-0.0598815796266	-0.0175300206609	0.0145010218315	-0.00758928352226	-0.00217598029629	-0.0	0.0
sample13	0.247371396787	-0.207209523017	0.0557172937187	0.319023373769	0.112524723721	0.0985426018132	-0.132999349155	-0.0981144756451	0.0626061668911	0.0412121116721	0.0720927966639	-0.0156974952875	-0.00840825019451	-0.00069500657564	0.00101567391781	-0.0	0.0
sample14	0.313195345744	0.37175106828	-0.0943988088174	0.0463783035518	-0.284939409561	0.0645320066443	-0.103545408266	0.0575641626391	0.0101223738182	0.00938168071795	0.00528320179164	-0.0101193262096	0.00234569781609	0.00117914825762	1.6628081757e-06	-0.0	0.0
sample15	0.147079776143	-0.0651692886364	-0.0381415889713	0.141850679764	0.036014850531	-0.293804956249	0.00426384193881	0.144078518869	-0.0138408165423	-0.0457608272082	-0.00333615352698	0.0415844840406	0.0234769676172	0.0193382253491	0.00349319019854	-0.0	0.0
sample16	0.29976922399	0.0742577245692	0.0540677513919	-0.146835780096	0.183820133355	-0.136760110432	-0.0945303447887	-0.0718595807249	-0.0443851094307	-0.0336110712775	-0.0777525639265	-0.0102921073292	-0.0262662155137	-0.0233576470621	-0.00498686456121	-0.0	0.0
sample17	0.101837987805	0.127900030385	0.186482359691	-0.1472902752	0.11228958775	0.0162390085374	0.12681541768	0.0973433150706	-0.0159014158631	0.12731022986	0.0901912831061	0.0270721934409	-0.0457729941765	0.00802564374351	0.000182798281687	-0.0	0.0

Biplot	0	0

Site constraints	0	0
