Eigvals	14
0.767177831238	0.605880178773	0.417903388487	0.238245792221	0.180309221196	0.112462687449	0.0330477627579	0.0192297893392	0.013186636	0.00308589847124	0.000987706922388	0.0	0.0	0.0

Proportion explained	14
0.320791307613	0.253345556782	0.174744067138	0.0996212039868	0.0753953366311	0.0470256713576	0.0138187452728	0.00804083357999	0.00551392132725	0.00129035194377	0.000413004367788	0.0	0.0	0.0

Species	0	0

Site	14	14
MCT.f.0344	-0.225563698822	0.189250916067	0.140772275989	-0.205537772981	0.165480664082	-0.171089715604	0.0362443818365	-0.0347937904182	-0.00819624457989	0.00652721492437	-0.00545454923082	0.0	0.0	0.0
MCT.f.0345	-0.239159627261	0.236242778109	0.147084380454	-0.108813696571	0.066296858712	0.0900748235148	-0.0562554288853	0.0729071454457	0.0121647938717	0.00213870243916	0.00868648013886	0.0	0.0	0.0
MCT.f.0346	-0.297458040969	0.210178889537	0.0844732190259	0.0523855777074	-0.141337540083	0.0827511031346	0.0148054413628	-0.0475881719954	-0.016621239058	-0.027137758417	0.00550920352188	0.0	0.0	0.0
MCT.f.0347	-0.294912479988	0.043786940401	0.0358524063196	0.12496818754	-0.149594104964	0.0686742834579	0.0185254705673	0.00135699425944	-0.00130419464873	0.0303176550664	-0.0128769598128	0.0	0.0	0.0
MCT.f.0348	-0.261700883347	-0.198097385421	-0.155131066328	0.135589496198	-0.0955654254493	-0.188378058145	0.00740217122438	0.00929844649939	0.0233456638736	-0.00327439427514	0.00649029337316	0.0	0.0	0.0
MCT.f.0349	-0.161124928871	-0.276458252477	-0.234055212554	-0.0231545919677	0.0951468042179	0.0291291647536	0.0158708249648	0.0640836516086	-0.0234520541785	-0.00405421301685	-0.00392283566885	0.0	0.0	0.0
MCT.f.0350	-0.0995606117524	-0.311903035146	-0.158178374936	-0.115707494326	0.0680856726504	0.0819324572888	-0.044736917975	-0.0608000585403	0.00926928782357	-0.00209272004714	0.00797938016687	0.0	0.0	0.0
MCT.f.0351	0.182834391727	-0.30597149979	0.174403778919	-0.116037719729	-0.0264281813428	0.0777529938294	0.0517054301809	-0.00654326026943	-0.0287860023759	-0.00498585579217	-0.00896881697356	0.0	0.0	0.0
MCT.f.0352	0.211661871274	-0.19804820422	0.276863384161	0.0258445416286	-0.0154844985455	-0.00308512331172	-0.0344666066034	-0.0119417753003	0.0617950025777	0.012682106994	0.00293418707233	0.0	0.0	0.0
MCT.f.0353	0.239258811853	-0.0683553903019	0.264010340415	0.157083583866	0.0074197183831	-0.0766648416071	0.0086379697202	0.0313101461966	-0.0388133694793	-0.0122762024433	0.00615977334665	0.0	0.0	0.0
MCT.f.0354	0.115068615141	0.159422132388	-0.0884584598162	0.257735323655	0.218787164265	0.0311656046422	-0.0484565491689	-0.0250423385997	0.0048009987521	-0.00764420976547	-0.0112174771167	0.0	0.0	0.0
MCT.f.0355	0.274312432193	0.198866684095	-0.176632696464	0.044441815795	0.0532916188263	0.0530629727928	0.0938815548501	-0.00945377714721	-0.00399367762901	0.0201470776341	0.0149779229533	0.0	0.0	0.0
MCT.f.0356	0.261371627382	0.184837831512	-0.157306868882	-0.121638098595	-0.0968702881653	-0.00676464379959	0.0340211532176	0.0246837632294	0.0562370461804	-0.0209422014156	-0.00933025572566	0.0	0.0	0.0
MCT.f.0357	0.29497252144	0.136247595247	-0.153697106304	-0.10715915222	-0.149228462587	-0.068561020947	-0.0971788952918	-0.00747697496852	-0.0464460111298	0.0105947981146	-0.000966346044698	0.0	0.0	0.0

Biplot	0	0

Site constraints	0	0
