Eigvals	11
156.366618781	109.228600116	78.9989077775	58.8849658392	47.4070135245	40.109585299	28.8981074815	24.7728808741	19.4494061001	13.6467722647	0.0

Proportion explained	11
0.270641521171	0.189054382076	0.136732409631	0.10191891884	0.0820527191448	0.0694222287564	0.0500172468314	0.0428772471761	0.0336633029086	0.0236200234652	0.0

Species	0	0

Site	11	11
sample1	-2.5238750351	3.98607427807	3.49724335281	0.274701885896	0.327179272191	0.26630139798	0.469272071195	0.881059225335	-2.33849252218	1.81967589565	0.0
sample2	-3.22075726238	1.25795724191	4.40391463331	-0.205863342829	0.683115262768	2.44813087545	-0.338956486202	-0.573097283637	0.592670479634	-2.29953185784	0.0
sample3	8.11303645752	2.51486742553	2.15334103318	3.68375119355	-0.567692026097	-1.24915735752	-0.205661798459	-0.184514172716	1.33200677314	0.135150575287	0.0
sample6	-3.39278826601	-0.660163081314	-3.42446071276	3.35921003586	3.63929265605	0.700997226117	-0.382371960625	1.95404149346	0.860434241631	0.185572979353	0.0
sample7	-1.46103042252	-2.61655325551	-2.09866696498	2.58678451401	-2.04761672683	2.21084931625	1.5467146266	-2.86457112405	-0.461512876224	0.61916491473	0.0
sample8	-0.341768843089	6.22499718497	-4.77614758105	-1.56502517709	-1.45900384766	-0.47542957811	-1.76682375925	-0.656586396312	-0.454809264993	-0.706986325725	0.0
sample9	4.19291643967	-3.53314883347	-1.01869718223	-0.806458771602	-2.34658443521	1.38073015331	0.445311559989	2.79085845673	-1.47421560772	-0.916081728142	0.0
sample12	-4.65593357264	-2.09742719211	0.629364991229	0.582143975361	-1.31325504466	-4.86651219342	1.12152637659	0.0600885738747	-0.0790401934507	-0.814260007236	0.0
sample13	2.197443997	1.21322144371	-0.895379484421	-3.98427443302	1.93797290928	0.0825408387137	3.45748847722	-0.158638824882	1.26419952722	0.345611715855	0.0
sample14	3.31725567914	-3.94016187982	0.323881289682	-1.64182331674	3.33924936282	-1.01055597346	-2.12783662404	-1.76048881298	-1.44127241377	0.0546130949189	0.0
sample15	-2.2244991716	-2.34966333197	1.20560662522	-2.2831465634	-2.19265738265	0.512105294684	-2.21866248302	0.511848865182	2.20003185671	1.57707074315	0.0

Biplot	0	0

Site constraints	0	0
