Eigvals	12
0.626949315016	0.411473701295	0.327466941929	0.305385159118	0.218543141837	0.201317906854	0.164691473941	0.120326496136	0.1155918367	0.0641140379618	0.0271976135071	0.0

Proportion explained	12
0.242715961549	0.159297143596	0.126774927067	0.118226227803	0.084606374934	0.0779378303297	0.0637583429777	0.0465829701219	0.044750003102	0.0248209863221	0.010529232198	0.0

Species	0	0

Site	12	12
sample1	0.0554016535857	0.305806518914	-0.0698883255929	-0.0902279976448	-0.021434023111	-0.013119723574	-0.165005834954	0.149615008677	0.114891769696	0.0976907293074	0.0263681118864	-0.0
sample2	0.14894736251	-0.148270655116	-0.0823065027277	-0.195493450937	0.0660515864495	-0.239903680773	0.0870094661268	-0.119504238365	0.156052745093	0.00715296619229	-0.0010534052944	-0.0
sample3	0.166407940918	0.06880467626	-0.368309488083	-0.0202228958647	-0.224245299682	0.00738126473649	0.108595659894	0.0232668181055	-0.117185466534	-0.0315248683545	-0.0112253375944	-0.0
sample4	-0.242278613886	-0.187909472956	-0.0208759544094	-0.0519704447309	0.0378495008785	-0.062632187758	-0.0921395838445	0.0889060301254	-0.0471077701395	-0.124321620469	0.0938006936535	-0.0
sample5	-0.198880405555	-0.0960340850207	-0.0269048933458	-0.215546094071	0.119105855408	0.010683733411	-0.141060671137	-0.0369653583549	-0.155558212976	0.0546978889501	-0.0779054083669	-0.0
sample7	-0.223149634626	0.246307886025	0.151313148908	0.228294519948	-0.129931712934	-0.207261993296	-0.0571716134824	-0.113737459507	-0.0338862692742	-0.0250817581822	-0.0176752431426	-0.0
sample8	-0.195216778512	0.239435517627	-0.00884716670701	0.0427336524928	0.261145902604	0.0489035899962	0.242980433538	0.030927539513	-0.033087290034	0.0124849179964	0.0148104447723	-0.0
sample9	0.246571533568	0.0785908335831	-0.0128551678419	0.0832062642649	0.110935690875	0.148486988333	-0.0947668089133	-0.0180582447613	0.093676747851	-0.150377383032	-0.0594185583319	-0.0
sample12	0.130172100644	0.0542147522475	0.357228161388	-0.259203401102	-0.166331442166	0.123587093905	0.0890845760599	-0.0163562597698	-0.025294177509	-0.0164785976793	0.0166173538855	-0.0
sample14	-0.404294108197	-0.204318891434	-0.0711193816105	0.101999340551	-0.127482159088	0.19659976063	0.0307220520969	-0.0470915098157	0.141001529575	0.0505123219343	-0.008529220137	-0.0
sample15	0.176438278067	-0.262737888703	0.152274220958	0.196826282233	-0.00612877986737	-0.101485790847	0.0648338202672	0.195938307581	-0.0153014013773	0.0401140003311	-0.0462175546755	-0.0
sample17	0.339880671484	-0.0938891914257	0.000291349063895	0.179604224861	0.080464880633	0.088760945237	-0.0730814956508	-0.136940633428	-0.0782022043715	0.0851314030056	0.070428123345	-0.0

Biplot	0	0

Site constraints	0	0
