Eigvals	16
0.638438328677	0.422505145804	0.366231897087	0.304438483872	0.235608704936	0.205868536019	0.159873342078	0.131756100247	0.110695557204	0.0617766739155	0.0347582900569	0.0272570820674	0.00705340204261	0.000277566435975	0.0	0.0

Proportion explained	16
0.235887346395	0.156105316998	0.135313728028	0.112482573297	0.0870516535405	0.0760633885632	0.0590692894334	0.0486806563181	0.0408993007996	0.0228249699689	0.0128423379965	0.0100708251221	0.0026060595302	0.000102554008883	0.0	0.0

Species	0	0

Site	16	16
sample1	-0.175431158441	-0.125976382938	-0.0817155253625	0.0386918667249	-0.0651795311138	0.0674893472342	-0.131255355743	0.114884480263	-0.186466819611	0.111589559021	-0.0425717512987	0.0182018737886	-0.00188681347082	6.94628716436e-05	-0.0	0.0
sample2	-0.192210844038	-0.0579381310879	0.0140563053126	-0.110076204899	-0.00922751332729	0.0369629615997	-0.0692346754833	-0.0122989550439	0.0166434222443	-0.106553022271	-0.0699976024379	-0.0472406815809	0.0302853302302	-0.00810087899228	-0.0	0.0
sample3	-0.195651408815	-0.0557149394098	0.0124428281997	-0.0597626585803	-0.0173600198867	-0.00690936844321	-0.0383200456458	0.0220873151634	0.026521914272	-0.0892797353154	-0.0210769129753	-0.0162193486855	-0.0471881388163	0.0081797054729	-0.0	0.0
sample4	-0.208370884518	-0.00990445651719	0.00837177513833	-0.0741412158299	0.0163682992868	-0.00476076597378	-0.0686413736275	0.00959399775964	0.0275386398245	-0.0601661504557	0.0301661846787	0.0438099564968	0.030566118994	0.00703602942043	-0.0	0.0
sample5	-0.122720468565	0.135869338465	0.168667877691	-0.0490680965159	-0.0331462102924	-0.104565185699	0.261232139603	0.156164793015	-0.0555926021373	-0.0198998276238	-0.00725248188118	0.037236799949	-0.0030885836305	-0.00271847858607	-0.0	0.0
sample6	-0.131261529034	-0.0782378369524	0.031878356303	0.0373401196551	-0.136181807189	-0.0749455143516	0.0492517953483	-0.0273448694412	0.20524998113	0.128634370739	-0.0445055470855	-0.00952831656403	0.0141390034866	0.0021154472145	-0.0	0.0
sample7	-0.229964687373	0.360991244746	-0.151669047471	0.276910035264	0.166220563432	0.103712376131	0.0383231821816	-0.0770291595473	0.00405491350027	0.0080471115587	-0.013891701977	-0.00221700379267	-0.00102388789013	-0.000115421121055	-0.0	0.0
sample8	0.291690567661	-0.114591214874	-0.32331173783	-0.113620429784	-0.0105244031816	0.133934954764	0.135984631284	-0.00719053293895	0.0270340936864	-0.00990667302091	-0.0476132074486	-0.00359341352258	-0.0188880242208	-0.000607155352135	-0.0	0.0
sample9	-0.16202871906	-0.0125962554356	0.034763498828	-0.0776943278658	0.0337632036415	-0.0387935302088	-0.00885376685424	0.00230562873331	-0.0022908245466	0.0510223399288	0.0937988410658	-0.0991588117281	-0.0225578647193	-0.0035483936549	-0.0	0.0
sample10	-0.0394295122735	-0.0509695591588	0.0296782698639	-0.193213711597	0.145601238253	0.0850181844113	-0.0558745688084	-0.0568685100146	0.0664318358	0.0382580621997	0.0514884025361	0.0931905879624	-0.0125175581844	-0.00520837509703	-0.0	0.0
sample11	0.0407908605308	-0.102436919791	-0.290032024355	0.0881439808273	-0.146092167882	-0.0950567208079	0.0504125028209	-0.0265152898368	-0.0466851982782	-0.0380525372008	0.0903946240415	0.00618484974416	0.0240801920662	0.000306699275563	-0.0	0.0
sample12	0.0912617537573	-0.132427706163	0.29775804057	0.0537977646404	-0.0755699831792	0.143065316975	0.0963063733167	-0.207437030035	-0.10589714147	0.00211636293052	0.00165820404118	-0.00682387888882	0.00497885204102	0.00213325124752	-0.0	0.0
sample13	0.26845485708	-0.179716953081	0.149406716046	0.285608191008	0.0803874799918	0.106659393797	-0.046194416176	0.167993511289	0.0838463812656	-0.0361825598171	0.0257540695275	-0.00519435469726	0.0020888942319	-0.0010059626645	-0.0	0.0
sample14	0.313307541044	0.405978215176	0.0661802519651	-0.0962564097489	-0.231016589723	0.0593353064478	-0.123416405616	0.0278771540967	0.0146244087797	0.000844348481235	0.0107856226744	-0.00223287778476	-0.00157473801827	-3.66867782842e-06	-0.0	0.0
sample15	0.159535285299	-0.0358236970249	0.0174885554011	0.14410597729	0.00993012053199	-0.297707234128	-0.0930074090669	-0.102345862373	-0.0242437695631	-0.0238092988719	-0.0376120508168	0.031159427308	-0.0224128757418	-0.00355709092615	-0.0	0.0
sample16	0.292028346745	0.053495254047	0.0160358596986	-0.150764880588	0.272027320638	-0.113439521748	0.00328739246726	0.0161233289114	-0.0507692348959	0.0433376497173	-0.0195246926442	-0.0375748080044	0.0250000936425	0.00502482956935	-0.0	0.0

Biplot	0	0

Site constraints	0	0
