Eigvals	6
0.463877645847	0.315245534111	0.187704732099	0.056472129233	0.0365598103186	0.0

Proportion explained	6
0.437678288448	0.297440773545	0.177103351744	0.0532826384047	0.0344949478585	0.0

Species	0	0

Site	6	6
MCT.f.0089	-0.318269483793	0.0515680723028	0.319543115235	0.0425828550708	0.0333600922149	0.0
MCT.f.0091	-0.438153236314	-0.160708901567	-0.247099617537	-0.0263051301982	-0.000555561947234	0.0
MCT.f.0094	0.218165181377	-0.28012608331	0.0646493980591	0.0433569953265	-0.124835129241	0.0
MCT.f.0095	0.300433964387	-0.189112068804	0.0112920668955	-0.0803458566686	0.122479065937	0.0
MCT.f.0098	0.071650368119	0.340491521934	-0.00628591093984	-0.140338009097	-0.0621183709697	0.0
MCT.f.0099	0.166173206224	0.237887459443	-0.142099051712	0.161049145566	0.0316699040055	0.0

Biplot	0	0

Site constraints	0	0
