Eigvals	11
0.504869259415	0.436634583868	0.306362121082	0.245850244666	0.187615117849	0.11325650597	0.109325726381	0.0744163461	0.0276638557198	0.0	0.0

Proportion explained	11
0.251680373697	0.217664976006	0.152723366857	0.122557831156	0.093527268874	0.0564590519519	0.0544995345965	0.0370969977798	0.0137905990821	0.0	0.0

Species	0	0

Site	11	11
MCT.f.0580	-0.0593147926396	0.29729229447	0.135237641896	-0.0460224891844	0.0840322101958	0.167395406208	-0.0598356319978	0.030393838082	0.0491714961121	0.0	0.0
MCT.f.0581	0.0476865717033	0.42590642633	-0.0141837818428	0.0504382788062	-0.0346500932879	-0.0605060696876	-0.0318590793728	-0.0530519495825	0.0192425606559	0.0	0.0
MCT.f.0582	0.0799266735652	0.140575278662	-0.268311267982	0.122184553183	-0.130785172146	-0.119323221326	0.0180102315873	-0.00757696240507	-0.0257703638207	0.0	0.0
MCT.f.0583	-0.00696245545808	-0.128396304068	-0.313371095591	-0.0287916299546	-0.0805738121887	0.192604298629	0.0724283340782	0.0631248129486	0.012824804431	0.0	0.0
MCT.f.0585	-0.327258733022	0.0449472839974	-0.0205647397512	-0.0480080547602	0.221519025353	-0.0111876766728	0.10348201812	-0.0307631394361	-0.0922837801574	0.0	0.0
MCT.f.0586	-0.457698269199	-0.18415222185	0.0421415619384	0.0264917393311	-0.0583815847607	-0.111204786478	-0.00426048890392	0.0195673177149	0.0872036281105	0.0	0.0
MCT.f.0587	-0.0807082414557	-0.118988317742	0.214065272813	0.125276994052	-0.202149587753	0.0710651437629	-0.12534645613	0.00227811818036	-0.0814937306157	0.0	0.0
MCT.f.0590	0.15082238644	-0.0529652888408	0.0998954549456	-0.39721053948	-0.128416382318	-0.0434762079971	0.0566969798924	-0.0580363626405	-0.00369192826955	0.0	0.0
MCT.f.0592	0.188406671907	-0.247085257685	-0.0466363450438	0.102231322851	0.136693024966	0.0342488791092	-0.0646300034531	-0.186574230672	0.0299251034346	0.0	0.0
MCT.f.0593	0.192946472108	-0.110628205529	-0.0603509149788	-0.0839455134029	0.162188749105	-0.09502717518	-0.162213251143	0.147619472968	-0.0110573740708	0.0	0.0
MCT.f.0595	0.272153716051	-0.0665056877446	0.232078213597	0.177355338559	0.0305236228335	-0.0245885903678	0.197527347323	0.0730190848427	0.01592958419	0.0	0.0

Biplot	0	0

Site constraints	0	0
