Eigvals	15
0.630278396678	0.531650515647	0.473434471657	0.3854002238	0.346870388003	0.305181315514	0.193680074006	0.177138073803	0.158095680937	0.0893886937275	0.0383145852735	0.0322225320767	0.0	0.0	0.0

Proportion explained	15
0.187490508646	0.158151423444	0.140833749609	0.114645979258	0.103184411561	0.0907830577354	0.0576145014351	0.0526937107997	0.0470291220353	0.0265906807888	0.0113975365796	0.00958531810826	0.0	0.0	0.0

Species	0	0

Site	15	15
MCT.f.0223	-0.0940950873647	0.0899572237363	0.248738995652	-0.153727946461	0.0566682407712	-0.052523200446	0.269681875737	-0.0555751510635	0.0604318887355	-0.0133463121921	-0.0791585299297	0.0416960923394	0.0	0.0	0.0
MCT.f.0224	-0.13260538251	0.0232542876322	0.384601146088	-0.0693991041943	0.139963196738	0.0347385904587	0.039253806772	0.110723281375	-0.0611042406384	0.0183866175789	0.0973146263366	-0.0319530067969	0.0	0.0	0.0
MCT.f.0225	-0.0946017804281	-0.142444305268	0.244922671421	0.160700789802	0.049711445854	0.107484053133	-0.196901206753	0.0577578811275	-0.092184721228	0.0350276091816	-0.0674612471666	-0.0207035306667	0.0	0.0	0.0
MCT.f.0226	-0.0285979822857	-0.206740675169	0.0681567621039	0.35537454394	-0.113483583937	0.0426712722383	0.0373411299115	-0.116876367072	-0.0123079568827	-0.0784001673238	-0.0286391195222	0.0412275972233	0.0	0.0	0.0
MCT.f.0227	0.226206536886	-0.120204343015	-0.0883897322874	0.240611224144	-0.0538223791486	0.0341070406877	0.183121010711	-0.00625476741084	0.0621467967301	0.0475829241205	0.0838154392287	-0.0428730718763	0.0	0.0	0.0
MCT.f.0228	0.376615345276	-0.109331087469	-0.139468409292	-0.0589701084694	0.0860508599149	0.0169464182276	0.0454114086616	0.168274463207	0.00664240396256	0.100104841651	-0.081644062621	-0.0233866089842	0.0	0.0	0.0
MCT.f.0229	0.280946942349	-0.264245761737	-0.0436790733847	-0.16917195483	0.147612735027	-0.113723358904	-0.082592715093	0.00223468735156	-0.0640916741465	-0.0852341034718	0.0481399315336	0.0863839737402	0.0	0.0	0.0
MCT.f.0230	-0.103472839959	-0.249586634686	-0.0752798667119	-0.230122658067	-0.00411997742021	-0.0661441375854	-0.0342492264758	-0.243219751226	-0.0155251208504	0.00580214128719	-0.00509866628649	-0.0818911546401	0.0	0.0	0.0
MCT.f.0231	-0.31086483705	-0.0909805179348	-0.173296198233	-0.125382030069	-0.174974561454	0.128165420521	-0.000325370064208	0.0120074478609	-0.0238021562164	0.144372648936	0.0175961882468	0.0382786849629	0.0	0.0	0.0
MCT.f.0232	-0.321319486759	-0.0352217780519	-0.245777094071	-0.036862074529	-0.0458434869919	0.0891016653536	0.0341889384562	0.178208719623	0.0277136289274	-0.120155100421	0.00485866189041	0.019352881408	0.0	0.0	0.0
MCT.f.0233	-0.17246856217	0.155066501847	-0.190549093773	0.11494554951	0.318640641241	-0.0835086124761	-0.04703911412	-0.0013177246913	0.109094702576	-0.0579475123572	-0.0132809642672	-0.0512198882441	0.0	0.0	0.0
MCT.f.0234	0.0121809507393	0.363727797579	-0.127336030469	0.107817647048	0.158905317225	-0.00324992817402	-0.0343848417051	-0.129438234434	-0.105919856918	0.100114548842	0.0178893635793	0.0606750856927	0.0	0.0	0.0
MCT.f.0235	0.253597273652	0.312055502419	-0.0228871086464	-0.118212445589	-0.164402154117	0.241189345793	-0.00415731912299	-0.035580839604	-0.120284795456	-0.113805716954	-0.00687646443537	-0.0408976816681	0.0	0.0	0.0
MCT.f.0236	0.129917389295	0.12161240385	0.142770030412	-0.0628534472538	-0.130739157433	0.0459895504705	-0.172356338682	-0.0234301687779	0.299821550999	0.0173795559647	0.016696158289	0.0244472847288	0.0	0.0	0.0
MCT.f.0238	-0.0214384796718	0.153081386269	0.017473001192	0.0452520150185	-0.270167136268	-0.421244119298	-0.0369920382343	0.0824865237351	-0.0706304495941	0.000118025157748	-0.0041513148759	-0.0191366572189	0.0	0.0	0.0

Biplot	0	0

Site constraints	0	0
