Eigvals	12
0.596038406591	0.432643573143	0.386733996437	0.353184717615	0.289868096254	0.250647451344	0.226683996876	0.199873202046	0.142354527981	0.121557112802	0.076327788176	0.0

Proportion explained	12
0.193776102225	0.14065534088	0.125729828143	0.114822731536	0.0942380712893	0.0814871753517	0.0736964948328	0.0649801247763	0.0462804162638	0.0395190364514	0.0248146782501	0.0

Species	0	0

Site	12	12
sample1	-0.152316139632	-0.215814929462	-0.116154929318	0.126182140577	-0.169477444223	-0.136468901012	0.119141061473	0.242885601536	-0.127394587244	0.0360528578017	0.0511343747716	0.0
sample2	-0.00337650212765	0.056690568792	-0.137443461453	-0.22362229777	-0.155945657414	0.0242423853524	0.167619046829	0.0104756216029	0.0539061030248	-0.129129866945	-0.163554183356	0.0
sample3	-0.120890041401	0.244242939193	-0.317681627415	-0.0612824226892	0.24444977191	0.173432245477	-0.0619648069786	0.146249626105	0.0102154861685	0.047459450629	0.0318685179889	0.0
sample4	-0.0412511936132	-0.136051601778	-0.170495647638	0.380178226296	0.101078338242	0.029193252325	0.0867067076708	-0.217678942148	0.0232165586068	0.03947904749	-0.0683116316611	0.0
sample6	-0.434756933192	-0.0134076036561	0.340651356938	-0.0600317622399	0.0541377745888	0.0487511631357	-0.0803876098413	0.0110437615787	-0.0504169320996	0.105741626883	-0.0997350091157	0.0
sample7	-0.329290559441	-0.00328192815706	0.0878813218969	-0.0479843304078	-0.0327214442951	0.0342511658513	0.0950478163317	-0.112408232851	0.124738654497	-0.127594112825	0.164273597016	0.0
sample9	0.0931008134023	0.0254796991703	0.044980665436	0.149148383635	-0.0208054234824	-0.194538221664	-0.241816988921	0.121665624471	0.210503783532	-0.0534346342656	-0.0316666194214	0.0
sample10	0.145325786541	-0.427235258905	-0.0961335284451	-0.228143548674	0.0507127619844	0.0595185920646	-0.204086773894	-0.0820199410829	-0.0671347229403	-0.0365793594766	0.0195287539613	0.0
sample11	0.0357671042401	0.27446572626	-0.0754335459057	-0.12809135695	-0.0102219800016	-0.308709946759	-0.0369222039974	-0.17508978346	-0.121025790708	0.055998701307	0.0283984308655	0.0
sample12	0.289226342468	0.0633306147305	0.254022567738	0.0921631605003	0.240154149536	0.0050618403517	0.098262761399	0.0728953507222	-0.125747235311	-0.154639622051	0.00270031663174	0.0
sample13	0.329747654516	-0.0632831566115	0.123315407885	-0.129375853513	0.0176347523479	0.0207023965234	0.17868007413	0.019071803625	0.141353501208	0.202131098685	0.0353298168396	0.0
sample14	0.188713668239	0.194864930424	0.0624914202811	0.130859661235	-0.318995599193	0.244564028354	-0.120279084201	-0.0370904900983	-0.0722148187349	0.0145148127673	0.0300336354791	0.0

Biplot	0	0

Site constraints	0	0
