Eigvals	13
233.959777155	127.944065292	101.734517361	83.382186741	57.2374368659	41.2625641072	37.7714799601	32.7868161255	24.8831113397	23.2179570684	15.8198682326	14.2847592887	0.0

Proportion explained	13
0.29455411192	0.16108089598	0.128083214889	0.104977728497	0.0720616278131	0.0519493481911	0.047554091865	0.0412784266764	0.0313277044951	0.0292312841465	0.0199171297503	0.0179844357754	0.0

Species	0	0

Site	13	13
sample6	-2.26562070478	1.88726927254	3.60121684717	-0.00130891619029	0.989402552502	-1.62930270617	0.774708472777	-3.00803885739	1.43508134765	2.25184414961	0.603323603624	0.831035297575	0.0
sample1	6.65151960108	1.65292940388	-3.02323687024	-1.12340214056	0.133687050915	0.10058615684	0.36777919235	-1.72120058448	-3.43313236323	0.780732347377	0.379367646486	0.242736749631	0.0
sample3	-2.58174291465	2.56704287423	-0.0131854213321	0.792654429467	1.79118910966	0.286294835416	-0.514968588778	-1.12721877807	-0.23449955865	-1.28274674136	-3.22380824647	0.155691437044	0.0
sample4	-5.39960959708	3.01785624791	1.3219066706	-3.5102891075	0.785318547539	0.471145897393	0.710697737048	1.84568006889	-0.827749180121	-1.61443595211	1.14779486909	1.71467973812	0.0
sample5	-4.07924935314	-0.755582209572	1.11889761657	2.14744511763	2.43255671291	3.88436758196	-1.59565870886	-0.228667428482	-0.574939019746	0.549700556792	1.07587824615	-1.42603475639	0.0
sample7	5.83699483903	-1.49156653331	1.44341154555	0.364240764804	3.89109041284	-1.54725584325	2.73663336466	1.19056430597	0.689652048483	-1.1108451729	0.298141479583	-1.17142662153	0.0
sample8	5.31751054537	0.272168165236	1.78846545302	-4.83688483473	-1.93766273286	0.567442429082	-2.67555279395	-0.901689643717	1.54103589904	-1.12300854506	0.129954219896	-0.854157126022	0.0
sample9	3.65318724225	-0.55538550806	4.95305553422	2.29133400625	-1.71587048028	-0.362478704063	-1.27457856113	2.90733663433	-0.951616292785	1.53764090399	-0.792535792071	0.611127872843	0.0
sample10	-0.554863701467	-0.526688117954	0.726488062473	4.91222053437	-3.68556193166	-0.406594157031	0.887364680291	-1.46357961039	-0.124188776812	-2.41146623506	0.854788629062	0.0593823949386	0.0
sample11	1.80056551871	-3.78534511144	-2.51084137042	-0.789762870444	-1.36029384574	3.39032567501	2.56043634537	0.2231753252	1.55105293546	0.852645331601	-0.674316521812	1.10231325638	0.0
sample12	-4.72722957023	3.86910956267	-2.29367313688	-1.19229957299	-2.7453913465	-1.0319318452	1.62739383708	1.32459445484	0.103326071562	1.22993465063	-0.27598554562	-2.03630773211	0.0
sample13	1.6287712465	2.13351615752	-5.72702845469	2.61278582605	1.29282315833	-1.26766720459	-2.49507449691	1.1713100878	1.72401342713	0.245565567063	0.647773526798	0.832478461376	0.0
sample14	-5.28023315158	-8.28532420364	-1.38547647604	-1.66673323616	0.128712792346	-2.45493211539	-1.10918047994	-0.212265974498	-0.898036537986	0.0944391394186	-0.170376114715	-0.06151897186	0.0

Biplot	0	0

Site constraints	0	0
