Eigvals	14
0.703249828396	0.547172123816	0.472468352899	0.37802593665	0.271035180427	0.194793678546	0.172918396939	0.123126120213	0.09759466446	0.031374167414	0.0166800441881	0.0	0.0	0.0

Proportion explained	14
0.233759084592	0.181879112675	0.157047702271	0.125655198672	0.0900916475347	0.0647490978917	0.0574777903177	0.0409269195501	0.0324403057122	0.0104287215701	0.00554441921339	0.0	0.0	0.0

Species	0	0

Site	14	14
MCT.f.0614	-0.240575017825	0.338072228567	0.0336383101009	-0.0611774101309	0.186965843931	-0.119344692499	0.162560840038	-0.0108909403117	0.0197557720646	-0.00201799406415	-0.0629711872148	0.0	0.0	0.0
MCT.f.0615	-0.147964630639	0.39070418385	0.0131696579238	-0.00629858905808	0.0584940047947	-0.0331360276482	-0.0570330542444	0.0709774393794	0.00334987919133	-0.0108866320255	0.0815452026535	0.0	0.0	0.0
MCT.f.0616	-0.147701395445	0.19182716614	-0.095478900063	0.0532790288325	-0.0714930744884	0.204056271354	-0.237554352076	0.0564492808666	-0.0326424032599	-0.0108377055026	-0.0331582784517	0.0	0.0	0.0
MCT.f.0617	-0.336347432075	-0.0779195375845	-0.194920498785	-0.0245592756647	-0.189223414204	0.0865412707133	0.0867435604944	-0.113034061828	-0.0609060460514	0.0498161164602	-0.0148755101095	0.0	0.0	0.0
MCT.f.0618	-0.337658035281	-0.235297129868	-0.0846418614006	-0.133687344131	-0.148987896694	-0.0967275095196	0.0402360291828	0.00730748549961	0.0878260931458	-0.0376845737386	0.0396054437115	0.0	0.0	0.0
MCT.f.0619	-0.172412308546	-0.354869902046	0.113943026153	-0.0110876857238	0.17192134571	-0.119548679109	-0.165759057538	0.070172221051	0.0179797635675	-0.0262404044369	-0.0277154325666	0.0	0.0	0.0
MCT.f.0620	-0.0661552083708	-0.172846453824	0.0762702246114	0.256242155982	0.224611047135	0.0427770755241	0.00341413543479	-0.0825068751569	-0.0965074747865	0.0626470630408	0.0293962646317	0.0	0.0	0.0
MCT.f.0621	0.132976126268	-0.0381251935589	-0.0318671466363	0.340224939084	0.0147623792268	0.110612941728	0.139743335186	-0.0170953395635	0.0910360482194	-0.0763841018404	0.00948912373332	0.0	0.0	0.0
MCT.f.0622	0.24839426784	0.00870769471218	-0.170495335299	0.219576183493	-0.160313131729	-0.134703453289	-0.0126073598847	0.106823905281	0.0231709245963	0.0131324543603	-0.0325279334957	0.0	0.0	0.0
MCT.f.0623	0.290779722027	0.0901759934071	-0.0539815471261	0.00237115626784	-0.0787642800011	-0.21337139763	-0.086180726021	-0.108883592697	-0.0100949707892	0.0511445654122	0.013944339647	0.0	0.0	0.0
MCT.f.0624	0.276780711857	0.011502611941	-0.0715821424512	-0.216920840627	0.0825674712376	0.0603354641671	-0.0725010779285	-0.19927727966	0.0231104828143	-0.0675380492294	-0.00694350745387	0.0	0.0	0.0
MCT.f.0625	0.27129455011	-0.125801340021	-0.280984460955	-0.248088512501	0.143386227713	0.102787089426	0.103945881415	0.155396390766	-0.0277969198188	0.0350044446336	0.0109575050689	0.0	0.0	0.0
MCT.f.0627	0.122934505257	-0.0237043641673	0.341359397014	-0.0764798725672	-0.153544222444	-0.0111453384519	0.0827754155886	0.0512381921081	-0.19816828665	-0.0533735947533	-0.00115530178037	0.0	0.0	0.0
MCT.f.0628	0.105654144823	-0.0024259575471	0.405571276913	-0.0933939332561	-0.0803823001879	0.120866985232	0.0122164303531	0.0133231742664	0.159887137757	0.0732184116836	-0.00559072837329	0.0	0.0	0.0

Biplot	0	0

Site constraints	0	0
