Eigvals	17
0.962639940324	0.658749765892	0.382874988777	0.189093021674	0.0986851226445	0.0603112731998	0.0390044027494	0.0157771895181	0.00794874555748	0.00673281697935	0.00398340149399	0.00135553641918	0.0	0.0	0.0	0.0	0.0

Proportion explained	17
0.396612273347	0.271408063673	0.157746332087	0.0779072320385	0.0406587439374	0.0248485338809	0.0160700010429	0.0065002777671	0.00327492130105	0.00277395289386	0.00164118052452	0.000558487507419	0.0	0.0	0.0	0.0	0.0

Species	0	0

Site	17	17
MCT.f.0375	-0.403095241524	-0.208970689632	-0.236952295671	0.218300819065	-0.128759610762	0.0726054634131	-0.00224618712819	0.0125203155591	-0.00321274375461	0.00087056045828	-0.00141593605255	-0.00230021430064	0.0	0.0	0.0	0.0	0.0
MCT.f.0376	-0.408309112692	-0.169232522103	-0.146512204112	-0.032058096337	0.06258833007	-0.126662014142	0.0536723886164	-0.0070447842891	-0.003288960712	0.00112736185837	0.00816439462383	0.00931392305635	0.0	0.0	0.0	0.0	0.0
MCT.f.0377	-0.361074674468	-0.0179243511111	0.00687770649284	-0.154186825525	0.0842323694748	-0.0404204286549	-0.020228984964	0.0197043687968	-0.012109169741	0.00777703764356	-0.00795068299295	-0.0165924036903	0.0	0.0	0.0	0.0	0.0
MCT.f.0378	-0.328504619009	0.0424935066631	0.0706144744578	-0.126911345718	0.0358149760289	0.0723801923361	-0.0945682818092	-0.0251070970648	0.0265808209852	-0.0225655048795	-0.000966171682887	0.0110658766233	0.0	0.0	0.0	0.0	0.0
MCT.f.0379	-0.204529873124	0.136057927498	0.227279618043	-0.0321715336261	-0.0373572112852	0.106071164327	0.0565896622102	-0.0328590456103	-0.0182963777931	0.0123662642841	-0.00977656573248	-0.00151939758164	0.0	0.0	0.0	0.0	0.0
MCT.f.0380	-0.0605282074257	0.199734451732	0.184776137059	-0.00482326803795	-0.0501662539882	-0.00625510469214	0.03379640224	0.0285681021407	0.011996822296	0.0296366875025	0.020820053701	-0.0066729954729	0.0	0.0	0.0	0.0	0.0
MCT.f.0381	-0.0168435717352	0.23540319369	0.152460656424	0.04325466201	-0.0625463361993	-0.0656297127377	0.0428111304578	0.0236870617409	0.0255795742099	-0.0054944291298	-0.0081581398456	0.00851302997525	0.0	0.0	0.0	0.0	0.0
MCT.f.0382	0.056167558109	0.277366328503	0.0643188199182	0.0776278716707	-0.0502793904943	-0.0586530537519	-0.0395299560095	-0.00178807575466	-0.0486214229208	-0.0428842138022	0.00881074591254	0.0023602784533	0.0	0.0	0.0	0.0	0.0
MCT.f.0383	0.123443793786	0.262334780108	-0.117517471483	0.1339645749	0.0229264203475	-0.0536568438228	-0.0806871499261	-0.0152373907932	0.0190256711898	0.0319149181439	-0.00990380198416	-0.000898406968341	0.0	0.0	0.0	0.0	0.0
MCT.f.0384	0.175002987755	0.18864902092	-0.178611229226	0.0291342954527	0.0740794868864	0.0292234813423	0.041397606061	-0.00155948655381	0.0272184700647	-0.0257930639143	-0.0220934181778	-0.0116056011832	0.0	0.0	0.0	0.0	0.0
MCT.f.0385	0.192406867711	0.136200757223	-0.177041458669	0.00571565975233	0.116864151464	0.0637278749317	0.0496532914244	-0.0274987385747	-0.0143081212143	0.0164540517009	0.019819269708	0.0140757413957	0.0	0.0	0.0	0.0	0.0
MCT.f.0386	0.230561549429	0.0019517638644	-0.152880836061	-0.127572451239	-0.0120153018223	0.0341778328787	0.0188384728449	0.0462015495652	-0.0301545178193	-0.00153131369664	-0.0158254880043	-0.000898430811089	0.0	0.0	0.0	0.0	0.0
MCT.f.0387	0.232976725815	-0.0551632066121	-0.126650916388	-0.138408885732	-0.0850147423031	0.0173917574171	-0.0607033890511	0.0185867479068	0.00677747041826	0.00740467087125	0.0289956049715	-0.00396619425527	0.0	0.0	0.0	0.0	0.0
MCT.f.0388	0.245120997164	-0.216765795486	-0.0224678061292	-0.101207463205	-0.123981946575	-0.0458473657857	0.0467270656407	-0.0625009901305	0.0199102365292	-0.0141489934238	0.000663858501498	-0.00456173829958	0.0	0.0	0.0	0.0	0.0
MCT.f.0389	0.217231734354	-0.274913710203	0.120380903212	0.0017461271038	-0.0184527902905	-0.0300937140825	-0.042574976117	-0.0146273523739	-0.0216054660141	0.0276253690241	-0.0288228425436	0.00834484277147	0.0	0.0	0.0	0.0	0.0
MCT.f.0390	0.171954280895	-0.287160742758	0.150200953813	0.0512579034533	0.0552077165119	0.0283304724286	0.0107013574801	0.0627332350918	0.0204100864689	-0.0150195695792	0.00106111962663	0.00969992422816	0.0	0.0	0.0	0.0	0.0
MCT.f.0391	0.138018804959	-0.250060712296	0.18172494832	0.156337956012	0.116860132937	0.00330999859538	-0.0136484519704	-0.0237784196564	-0.00590237219284	-0.0077398330616	0.0165779999713	-0.0143582339406	0.0	0.0	0.0	0.0	0.0

Biplot	0	0

Site constraints	0	0
