Eigvals	15
217.108038632	142.549508554	122.456113648	95.0689615829	63.9536088644	51.041855907	42.924539765	35.9873288595	28.9928603589	22.2859296967	19.8822334905	16.1386765507	15.7590986818	11.7149025682	0.0

Proportion explained	15
0.24508064743	0.160915855845	0.138233590077	0.107317825734	0.0721935123397	0.0576181848013	0.048455018352	0.0406240041215	0.0327283551194	0.0251572908727	0.022443897918	0.018218014048	0.0177895306511	0.0132242726898	0.0

Species	0	0

Site	15	15
MCT.f.0358	-2.88102076904	6.47588444575	0.590771688029	-3.69852115406	2.2014844202	-1.22960389169	3.1793148793	0.137026418581	-0.837505430245	-0.261053221719	1.2048186019	0.0886435305759	-0.358029444561	-0.21329499704	0.0
MCT.f.0359	-3.02160240621	0.3680269679	0.371247912806	4.57592507176	1.03448448388	-2.0720973014	0.565803479212	2.21460389321	1.02651191721	-0.18378574847	-0.395431983923	-1.04887158268	1.91035885033	-0.961338975794	0.0
MCT.f.0360	-3.69145064055	-1.21078267603	-1.09353656874	-1.51853515742	-1.06803445685	-1.1332048819	-1.72608781033	-0.861590965373	-3.52605104556	1.87165545885	-0.90108042701	-0.667784377326	0.30084902416	-0.621750422928	0.0
MCT.f.0361	-1.28597300404	1.39012933912	-6.50765770786	0.64328672174	-2.99297949099	-1.44460263038	-1.94847824962	0.958191694233	0.716606961168	-0.553260880852	1.88029428415	0.600200929641	-0.741957098825	0.0790805033167	0.0
MCT.f.0362	-4.32225807678	-1.21603073204	1.1476443923	-0.76437537793	2.36590578461	-0.0581589083571	-1.3925906167	2.01513138812	1.10808967977	0.412549362158	-1.15216974783	-0.881478847329	-1.98186515249	1.37019554281	0.0
MCT.f.0363	-5.10488811265	-0.26952274716	-4.44271616725	-0.303800633409	1.89841491381	2.82600056577	0.122855581084	-2.81749664152	1.05561109542	-0.784069943264	-0.889002532698	0.324098607832	1.17704452733	0.442201808923	0.0
MCT.f.0364	-1.76762018327	-0.215815169662	3.59702147196	-0.0700005249198	-0.94653698561	-1.61493522878	-0.437204137607	-0.385229446364	0.90074138355	-0.00182805581507	-1.34444720362	3.05963704386	-0.263978087983	-0.648026558532	0.0
MCT.f.0365	-0.973925158432	0.770410526143	5.19591440813	0.839570798922	-2.22828568283	-0.218933051976	-0.694532409044	-1.29434812091	0.0946444080062	0.385159986459	1.54609068396	-0.290283337358	1.24293960095	1.9665030515	0.0
MCT.f.0366	-0.557600085143	-1.12398388461	3.27740120936	-1.42133471366	-1.54768962986	1.43795658246	-0.715710245602	-1.65868273516	1.66716941362	-0.571626104704	0.768248664311	-1.54274424251	-0.990868524394	-1.86759761285	0.0
MCT.f.0368	-0.381111456845	-7.17945048367	-0.626264725228	1.93813362082	-1.18384417523	-0.336247047113	3.8711667533	-0.164349014988	-1.2118002911	-0.939964461214	0.323810266992	0.0683587146395	-0.870007763478	0.35020373499	0.0
MCT.f.0369	5.84169210537	-3.23951207328	-1.76627242637	-5.00195204936	-0.202451939019	-0.363240070652	0.980348583179	1.04899800469	1.79302522279	1.9075322776	-0.0722440715337	-0.0243434606691	1.13873238871	0.10538333235	0.0
MCT.f.0370	7.59417416934	1.96218803816	-0.542128313608	-0.493743990585	0.0906780342586	-2.52042091676	-0.811619768458	-1.26634212466	-0.496485772675	-2.32680497465	-1.65603452415	-0.836477926345	-0.0552099749682	0.463168655039	0.0
MCT.f.0371	5.47326162195	2.01517943938	-0.852874046662	4.92328992523	2.40251914035	0.405179692728	0.256104816792	-1.68746968845	0.159917381811	2.34294538758	0.482718750428	0.238043954582	-1.03236726836	-0.144423739873	0.0
MCT.f.0372	2.05025819026	4.09732069928	0.195360112354	0.884578084192	-3.32078583522	4.25762596906	0.976635120767	2.17773179742	-0.782886899044	0.00220833626796	-1.29679031717	0.0451909673022	-0.0301164092478	0.0447953188477	0.0
MCT.f.0374	3.02806380605	-2.62404168927	1.45608876078	-0.532520621322	3.49712141851	2.06468111898	-2.22600597627	1.58382554117	-1.66758802472	-1.29965741823	1.50121955618	0.867810025797	0.554475332838	-0.365099640766	0.0

Biplot	0	0

Site constraints	0	0
