Eigvals	16
280.1755927	151.706669568	112.561254679	89.1159521546	78.0793834608	56.14093251	43.5603700784	35.8811943301	29.0650235784	25.7385469286	24.1573392146	17.3183526752	15.9875911965	13.7843491994	10.1739968793	0.0

Proportion explained	16
0.284891530649	0.154260208345	0.114455894706	0.0906159589774	0.0793936218781	0.0570859011691	0.044293581706	0.0364851494583	0.0295542483762	0.0261717802058	0.0245639574773	0.0176098565704	0.0162566956082	0.0140163684659	0.0103452464072	0.0

Species	0	0

Site	16	16
MCT.f.0137	-1.82367785119	4.70274149138	4.23785248637	-1.00909335245	0.828921288708	-1.33294482896	0.0285213363132	-1.31674423478	-1.09731493343	-1.23751101569	1.69899484159	1.08184947401	1.18534744431	1.2059439541	0.627451698258	-0.0
MCT.f.0138	-3.1970949153	2.7181529368	1.81606385253	-0.707698614729	-0.567045326136	-0.690639441439	-2.93080755362	0.477586165722	0.0268581942543	-1.21866253437	1.20767681477	-1.28871641439	-1.39980843199	-1.46546560561	-1.05248069177	-0.0
MCT.f.0139	-2.54309370328	0.505092836136	-6.36008364825	-1.79532732638	-1.20331214033	0.710969698986	-1.13906783844	1.56865936217	-0.338364263198	0.392556274638	1.4246904321	0.617430825021	-1.15310557129	1.48504152643	0.5721005511	-0.0
MCT.f.0141	-1.93956394171	3.7046694471	1.95524647796	-1.10606331323	3.20730206641	0.741166902542	1.61981489325	1.92808103029	-0.554793896784	3.10239938999	-0.186182317443	-0.649792569649	-0.220618911253	-0.68827169281	0.577474883555	-0.0
MCT.f.0142	0.546534305922	1.47938262141	-2.02016320562	-2.08235060866	-0.539450421312	2.50956334911	3.36432816279	-0.700021084615	2.4494696944	-0.998525356154	1.18741408608	-0.796773995864	0.898877613743	-0.305818629301	-0.714483872561	-0.0
MCT.f.0143	9.36606580583	5.80473123589	-0.789565470277	3.21170842522	-3.26140085439	1.51016023092	-0.776049787163	-0.639599513298	-0.584043762486	0.306956655322	-1.00048183519	-0.402136107397	-0.0334592058398	0.0074810843187	0.359223640527	-0.0
MCT.f.0144	-1.95985842708	1.95051020728	-3.86379313663	-2.29439754065	0.0852254341495	-2.0618793433	0.223612743161	-0.9266917244	-1.01556711315	2.07208867422e-05	-1.97081074039	1.81761420986	0.693383513196	-1.34245786319	-0.769922360658	-0.0
MCT.f.0145	-4.39119349846	-0.0897096749807	-2.08861597022	1.16445858222	2.19620840946	-1.48997871282	-0.402880849343	-0.724912125947	0.0504722865593	-1.01301432301	-2.05158250638	-2.45518911738	0.603165145716	1.13321518774	0.413275211882	-0.0
MCT.f.0146	-5.11104230591	-0.853777003557	2.59854892349	1.74783701469	-3.84765258223	-2.01061414977	1.86861264016	-1.30579725911	1.6236995102	1.15317216555	-0.689908309173	0.515356790117	-1.57479558092	0.564752372616	-0.0478822771662	-0.0
MCT.f.0147	1.43463959519	-1.71927080333	-1.24076743581	5.11318043272	0.430617926027	-2.9799781729	0.245651258352	2.66191504183	1.0989167851	-0.233144435899	1.25978593541	0.470921589398	1.20956254589	-0.640185868925	0.0897337402623	-0.0
MCT.f.0148	-1.72980847426	-3.42644225337	-0.874552237592	2.74066498848	2.01051604304	2.30389330264	0.906069289703	-2.03013005828	-1.26415971443	-1.09955365206	0.56856257338	0.477136816512	-1.05252562132	-1.31572182439	1.25561833182	-0.0
MCT.f.0149	-2.12985758154	-2.4506870083	0.728991562565	2.8760278392	1.26338151166	2.78846062279	-1.17645820664	-0.712798835639	-0.946944149579	1.38567178793	0.207633249284	0.453498936298	0.691156097787	0.991041339561	-1.91131091159	-0.0
MCT.f.0150	8.68548015553	-3.5214685604	-0.313294703979	-2.4989685595	2.27478003471	-2.44385685948	-1.15821267134	-2.28378490363	0.946264153925	1.45368183913	0.933787738384	-0.358228840586	-0.381018725576	0.130974552306	0.00945943335958	-0.0
MCT.f.0151	1.6721205956	-5.18049767369	1.52488377829	-2.40231071021	-3.90205632079	-0.449329227738	1.4085142795	1.1701376289	-2.87603861998	-0.166786243421	0.158956480661	-1.07969015819	0.664542759214	-0.128847188667	-0.0193709780698	-0.0
MCT.f.0152	-2.07591534071	-2.61567737325	2.225772339	-1.98213411043	-1.49108508693	2.28755848721	-2.99866757629	0.569594434352	2.10045673654	0.204806222552	-1.10969132795	0.61672571498	1.25131107242	-0.440255041741	1.07415207835	-0.0
MCT.f.0153	5.19626558138	-1.00775042512	2.46347638818	-0.975533146288	2.51505001796	0.607448142201	0.917019879613	2.26450607645	0.38108909204	-2.03206749538	-1.63884511514	0.979992847262	-1.38201414408	0.808573697562	-0.463038477301	-0.0

Biplot	0	0

Site constraints	0	0
