Eigvals	12
469.263995826	342.010134275	138.29707307	89.5329460173	69.1463767227	58.3589572316	42.1001868991	40.6520744108	32.442002984	22.3457590341	19.2346883109	0.0

Proportion explained	12
0.354593924936	0.258436012477	0.104502587847	0.0676545377906	0.0522496618861	0.0440982727932	0.0318125205554	0.0307182710593	0.0245144252984	0.0168853150297	0.0145344703275	0.0

Species	0	0

Site	12	12
MCT.f.0530	-7.57937791828	9.86611876372	2.90133841559	-4.73892516738	-1.27920584408	2.71660670851	-0.521517498512	0.903707134233	0.429173430896	-0.581655886455	-0.0928534275629	-0.0
MCT.f.0532	8.00540685432	-1.36619370816	-1.38250275986	-1.33280055008	-1.48237640213	-0.0810376999696	-1.93469406363	0.302713604081	2.712234508	2.13421972176	-1.89826678548	-0.0
MCT.f.0533	13.0390695049	5.57723915685	-2.8470836706	0.916995986454	1.3630248934	2.26746080575	2.51823516406	1.39556391492	-0.288530019703	-0.162026060258	1.22613074127	-0.0
MCT.f.0534	5.98072154376	6.33157101807	3.52276979044	1.87520071786	1.48704045546	-1.70399233178	-1.879944182	-3.51918199617	-1.12857371653	-1.11709585531	-0.744069791324	-0.0
MCT.f.0535	3.53171819897	-4.21017993938	1.26528653857	-2.35092092383	-0.301505086309	-3.83818509833	-0.690498243086	3.56503179849	-1.26911514656	-1.74047278675	-0.197709964203	-0.0
MCT.f.0536	-2.71262337187	0.158680558746	6.35287747905	1.48752711251	-0.197505129177	-2.04157825445	1.90657525919	0.415877929466	-0.196233006963	2.76585233998	1.22688376383	-0.0
MCT.f.0538	-5.78807675666	3.33296297378	-6.69354682497	-1.45475330127	-0.90136747749	-3.80796460672	1.55565777075	-1.90118034372	0.99729875268	-0.110876093598	0.725488792478	-0.0
MCT.f.0539	-8.56469499176	1.63134656846	-2.61627280825	4.17630400227	4.47186868534	0.443044563474	-1.94884750249	2.11242069372	0.340776401957	0.313389077565	-0.385879734241	-0.0
MCT.f.0540	-3.2404469393	-1.05836110257	-1.15049436029	4.19399281274	-5.00005231333	1.38229138131	1.34617160971	0.229545660822	-1.77178754607	-0.429797258023	-1.64866802152	-0.0
MCT.f.0541	0.23844310307	-5.63066547999	-2.07261804921	-0.993376637446	-1.50301320867	1.81728195652	-3.25035920977	-1.07622468376	-1.86794523403	0.727548594437	2.32826116111	-0.0
MCT.f.0543	-0.972822230296	-6.99345325712	2.86420003267	1.70703945134	-0.259225467895	1.23922596845	0.643441054351	-0.831324706547	3.47797545839	-2.13572404293	0.967617997936	-0.0
MCT.f.0544	-1.9373169969	-7.63906555239	-0.143953783151	-3.48628350317	3.60231689488	1.60684660723	2.25577984143	-1.59694900554	-1.43527388206	0.336638249579	-1.50693473229	-0.0

Biplot	0	0

Site constraints	0	0
