Eigvals	15
230.56764948	209.747800726	117.139825786	102.326094885	85.3580116765	68.8788502442	59.9743467471	40.1671633129	31.7903474822	27.4186472775	22.4843625411	18.0219353618	16.9095897239	11.7805063275	0.0

Proportion explained	15
0.221154192192	0.201184361892	0.112357321609	0.098148395516	0.0818730735296	0.0660667119572	0.0575257553997	0.0385272460171	0.0304924330572	0.0262992176193	0.0215663864637	0.0172861481897	0.0162192166339	0.0112995399239	0.0

Species	0	0

Site	15	15
sample1	-3.92894752368	0.265098288726	5.21772625389	-1.11821789847	0.113172915709	-3.86369424781	1.81162530501	1.86466453657	0.115205311335	-2.36137104238	-0.874287704822	0.349762533679	-0.491746199874	0.227156971156	-0.0
sample2	-2.63621100551	-0.244173090376	0.863903509081	-6.09526397135	0.578405127253	1.568525137	-3.14603333222	-1.40678324465	0.657787972204	-0.000266175860287	0.767483468111	-0.0811429171721	-2.00874017756	0.0923861318098	-0.0
sample4	2.9197907588	5.248216514	4.76379297667	-1.24606855578	3.1261249531	0.283194053555	-0.191802229561	0.316350258333	-1.24803142178	2.24540192543	-0.451156755915	-1.4567204771	1.05692516043	-0.370201262602	-0.0
sample5	7.38644039083	1.0939089658	-0.250850822789	-1.10762651042	-0.689625217148	-1.10730952321	3.04690433778	-0.782911107674	-1.4286676795	0.105202691741	2.50444430827	1.369427752	-0.535568945734	0.490880565563	-0.0
sample6	-3.82357188697	10.7943810314	-5.66854691632	-0.00358152605709	-0.365066744956	-0.916245383618	0.569358078473	0.0353399714826	0.640930415075	-0.329743454248	-0.213741630541	-0.0938825991723	0.0765278308599	0.116853644796	-0.0
sample7	1.02320060211	0.156283893896	2.12128381165	0.925980587039	0.0915411688681	1.47569079823	1.47387672821	-3.25196648801	2.78449619762	-0.538737097565	-0.701311495928	1.1759287874	0.875141823624	-1.33943178503	-0.0
sample8	-4.90286616672	-1.69476544931	1.37242901997	1.0224784867	-1.25214048239	4.01257858525	2.42410167796	0.263355781028	0.781118181304	0.429240776659	0.697086207585	-0.737126145399	0.666964885281	1.98145438452	-0.0
sample9	-5.53664086631	-2.55356570135	-1.47480614569	0.394245647207	2.21858507184	1.20805762416	-0.168377401011	0.683787969759	-2.42994066818	1.27513267043	-0.889339966013	2.55090229751	0.25935484402	-0.391083219917	-0.0
sample10	-2.29548032044	-0.603438982767	0.153195524311	4.13034941714	0.447815476321	1.12508719312	-1.31732670303	-1.12912326177	-2.26731737424	-2.32987826492	1.55452060518	-1.37715067214	-0.0806657084634	-1.01608410713	-0.0
sample12	0.541726947388	-5.03603366369	-3.01891001769	-0.226013789807	1.10112665923	-3.37190427623	0.671346468541	-3.11386029554	-0.715639423985	0.457303136108	-1.64451232893	-1.252937685	0.0340237636075	0.930313574567	-0.0
sample13	4.32268152039	-0.972728343184	-0.934189327183	3.24727798897	4.83642704433	-0.455272557209	-2.92756432354	1.5212086992	2.04186878146	-0.59849701217	0.458227624859	0.594985757824	0.032694140329	1.00924616526	-0.0
sample14	0.947646241401	0.788518201025	1.89704500848	1.62234299775	-6.0744420549	-1.62741023789	-4.04714150612	-0.280974403177	-0.292499687015	0.804396183852	-0.161474663361	0.70936450335	0.887547221824	0.512177436023	-0.0
sample15	0.632721644218	-1.32848372737	-0.172215577362	3.77853837552	-1.69188849912	-0.08007009657	1.35320456217	1.42612026996	0.950189549005	2.08398712027	-0.471678127815	-0.662637801285	-2.52692928628	-0.907662309217	-0.0
sample16	-1.50150737536	-5.00597451012	-2.77041827559	-3.07797500023	-0.67756157118	-1.63359500942	0.277945872077	2.09632022576	1.24735860505	0.567040769714	1.59653977454	-0.765932477176	1.65955488717	-1.19734105273	-0.0
sample17	6.85101703985	-0.907243426687	-2.09943902143	-2.24646624821	-1.76247384696	3.38236794065	0.169882465265	1.75847108873	-0.836858758343	-1.80921222706	-2.17079931522	-0.322840857324	0.094915760769	-0.138665137062	-0.0

Biplot	0	0

Site constraints	0	0
