Eigvals	6
156.537750693	58.166814676	49.5943243006	42.2610258325	26.7516780598	0.0

Proportion explained	6
0.469643881931	0.17451182557	0.148792677058	0.126791346742	0.0802602686992	0.0

Species	0	0

Site	6	6
sample1	-2.03324642273	-4.29850496177	-0.43663425288	3.85964948158	1.88572389594	0.0
sample2	-6.88218210133	3.99619148281	2.6022592548	-0.642659010342	1.71460710456	0.0
sample4	4.5773513161	-3.063283141	2.49134249226	-4.04771697874	0.82309255495	0.0
sample5	-5.7188934529	-1.38723511146	-3.12439017502	-1.81638796748	-2.90940316452	0.0
sample6	5.66488629216	3.12384272246	-4.33622728661	-0.0483457470543	1.47543341247	0.0
sample7	4.3920843687	1.62898900896	2.80364996744	2.69546022204	-2.98945380341	0.0

Biplot	0	0

Site constraints	0	0
