Eigvals	13
0.656564098939	0.554822660729	0.498624779054	0.280927777446	0.224875473446	0.115001646857	0.0476310017855	0.0348375044139	0.0210594932871	0.0	0.0	0.0	0.0

Proportion explained	13
0.269708792741	0.227914609179	0.204829181807	0.115401819601	0.0923761938221	0.0472413209726	0.0195662540937	0.0143108361739	0.00865099160826	0.0	0.0	0.0	0.0

Species	0	0

Site	13	13
MCT.f.0310	-0.191192701546	0.0586339914464	0.24292584088	-0.122366043351	0.330522538341	-0.117128764967	-0.0274247387657	0.0129363975848	0.0028690678371	-0.0	0.0	0.0	0.0
MCT.f.0311	-0.296259518692	0.0472028336027	0.275529546505	-0.0450092077241	-0.0427708331584	0.121055824631	0.0430553776077	-0.0359115696895	0.0509678161507	-0.0	0.0	0.0	0.0
MCT.f.0312	-0.282029213744	0.0116097811049	0.173825518541	0.0211750216118	-0.10753170486	0.0474632034282	-0.0134574262496	0.0106315155226	-0.0802595977221	-0.0	0.0	0.0	0.0
MCT.f.0313	-0.267391304965	-0.108075409485	-0.00402757034415	0.116427710491	-0.203323427047	-0.0289564686522	0.00363594022137	0.0132835836679	0.0154610983054	-0.0	0.0	0.0	0.0
MCT.f.0314	-0.108063169146	-0.260647718795	-0.179834741921	0.133240754515	-0.00572882241653	-0.196533769123	0.0177713411973	0.00817690559207	-0.0227043949787	-0.0	0.0	0.0	0.0
MCT.f.0315	-0.0538356274105	-0.271379064309	-0.247464787743	0.0512711585917	0.0883227003029	0.0524825512729	-0.0191035093708	-0.0459942038252	0.0698739865153	-0.0	0.0	0.0	0.0
MCT.f.0316	0.0874348150294	-0.262279399999	-0.200038637131	-0.115610803343	0.124222628638	0.181974464033	0.00444234511445	0.0206756364298	-0.0550957244479	-0.0	0.0	0.0	0.0
MCT.f.0318	0.307380706754	-0.165791573019	0.138891097404	-0.236636419511	-0.129535754391	-0.0441802379368	0.0048336454733	0.0804531618551	0.014185071174	-0.0	0.0	0.0	0.0
MCT.f.0319	0.370794440334	-0.061989660626	0.19448505618	-0.0294401414834	-0.0926920450534	-0.0335368305962	-0.0725003559832	-0.0740921694472	0.0130927304382	-0.0	0.0	0.0	0.0
MCT.f.0320	0.341932660167	0.0885309224192	0.143484164531	0.260548654255	0.0885725775728	0.0167336922093	0.131184706419	-0.0131012826164	-0.0148334852872	-0.0	0.0	0.0	0.0
MCT.f.0321	0.10016568794	0.263570310366	-0.0513105846453	0.215551973058	0.0275894133795	0.0503760055685	-0.13919658675	0.0274408984779	-0.00596748546864	-0.0	0.0	0.0	0.0
MCT.f.0322	-0.00746270453292	0.338198515245	-0.218643494224	-0.0411295670584	-0.0209300104347	0.00603003554037	0.0376875488202	0.0915164757168	0.0424973175499	-0.0	0.0	0.0	0.0
MCT.f.0323	-0.001474070188	0.322416472049	-0.267821408033	-0.208023090051	-0.0567172608744	-0.0557797054074	0.0290717122661	-0.0960153492687	-0.030086400066	-0.0	0.0	0.0	0.0

Biplot	0	0

Site constraints	0	0
