Eigvals	17
248.293065388	183.269348898	88.0380636361	76.4275594199	55.6436839134	50.6809872137	42.4543884056	38.028609764	32.9416351851	26.0631769293	24.8293995559	22.2130380591	19.572714628	17.5142769606	13.1781862419	10.7146119499	0.0

Proportion explained	17
0.261398887781	0.192942980069	0.0926850368572	0.0804616874699	0.0585807624722	0.0533561163643	0.0446952873746	0.0400358998373	0.0346804160061	0.0274388873919	0.026139986705	0.023385524013	0.0206058345875	0.0184387449993	0.0138737794438	0.0112801686279	0.0

Species	0	0

Site	17	17
MCT.f.0375	-5.41060158974	3.95986306537	1.10875594433	-1.02730294062	-1.61864325389	4.59583093138	-1.32754504043	1.06590473176	-0.35477867748	0.623355698618	1.10626171742	-0.375510246407	-0.62481067217	0.593276279687	-0.883098171334	-0.109678173266	-0.0
MCT.f.0376	-1.07758470146	0.833365900106	0.838329207063	5.08470994048	-0.74792280105	1.53367598687	1.17647685799	-1.45295742229	1.90152809107	0.736455823676	0.451493270966	0.386226034327	2.12548438361	-0.582524596326	0.756911023257	-0.170077740909	-0.0
MCT.f.0377	-3.22173838199	-0.197573919525	4.49879835115	1.49461225825	-2.59334033788	-1.12648640963	0.736372616018	-0.95839355165	-1.718872131	-1.70042919841	-2.10738131992	-0.863332124297	-0.534496260266	-0.0231175293071	-0.0917158012827	0.556443602242	-0.0
MCT.f.0378	4.00934582807	-0.703876020637	2.3001891556	0.692814278463	-0.627540366706	-0.00499183630772	-0.587654628104	1.2478288201	0.200950022411	-0.748726951115	0.476236567549	1.95127124032	-1.76251896255	-0.785256115009	0.937744748852	-1.75442115408	-0.0
MCT.f.0379	0.839903905492	-4.67168894832	1.77325426152	0.242764318158	0.0894904560265	-1.04657078955	0.481968992221	1.5474878268	-1.66975032332	0.20625473502	2.98213508916	0.548228342881	0.501289227548	-0.618441048028	-0.235961755526	1.44802531378	-0.0
MCT.f.0380	-4.66662513787	-7.59504292473	1.276342277	-3.95158629842	-0.0706834109621	0.0508158255911	0.041845598283	-1.52433069762	1.86114972451	0.690009418391	-0.266356455254	0.45179417609	0.125285423266	1.20040500161	0.654381533332	-0.195844077512	-0.0
MCT.f.0381	1.61769961944	-4.21975223799	-0.00905441234172	1.97645709316	2.42649610002	0.435811359231	-1.27063202076	-0.41159215076	0.848436453308	0.578823695585	-1.2811886153	0.0279933964154	-0.564579352009	-0.987727562119	-2.4525022252	-0.106588557028	-0.0
MCT.f.0382	-5.88008643978	1.23306870052	-2.43285210629	1.03611412413	-0.862053105348	-3.65665161139	-3.16905596522	-0.156095423464	-0.154687460711	1.01315437354	0.735242337734	-1.21874170961	-0.18531595101	-0.648012299685	0.394387858199	-0.58266547265	-0.0
MCT.f.0383	2.80210210068	2.38298331526	0.39765511705	2.24590479425	1.96765040242	-0.45717826659	-1.48271248385	1.08052062399	1.4260073394	0.255725661628	-0.56325642872	0.100571263278	-1.17849892016	2.10578053668	0.899443232804	1.43273694295	-0.0
MCT.f.0384	-1.08716661938	3.67055517341	1.68064488859	-1.84851493638	1.96537858978	-1.24495124792	0.396139161666	1.95262211951	-1.52741999756	1.5404063919	-1.64344932625	1.29835838049	1.99744117943	0.307968833284	-0.146671225876	-0.514733134929	-0.0
MCT.f.0385	-4.67522602656	3.64671653185	-0.344328387279	-1.72457215398	3.45913695773	-0.359242434567	1.30294785875	0.0315600008234	1.5326933537	-2.92154748746	0.726536894683	-0.24675020146	-0.0178440047433	-1.01021924011	0.00654762931314	0.132052320015	-0.0
MCT.f.0386	1.4701077942	1.46661456332	-3.20505175102	-1.109516359	-3.97743670692	-1.53021905251	2.27732782189	1.73460157368	2.118736136	0.157466678733	-0.503416807373	0.667825010432	-0.265741472429	-0.0579575943575	-0.944208111584	0.429238721551	-0.0
MCT.f.0387	-1.66621878551	-3.6365528768	-4.18121550877	0.957536458671	1.12927947752	2.03061149781	2.09981777956	1.45446881904	-1.74109552529	0.571849248457	-1.18968465916	-1.1007691507	-0.808718185996	-0.572341915727	1.23074799624	-0.0577314117343	-0.0
MCT.f.0388	5.67007253279	-1.16167646597	0.154608908722	0.134140324549	0.0673399874714	-0.44935750058	0.68021698807	0.573530301176	-0.164578122235	-1.04348085276	0.9543596957	-2.52368318781	1.02981430988	1.7671623027	-0.524828978063	-1.31266028854	-0.0
MCT.f.0389	5.30609049004	4.09279900087	1.52093537527	-2.41410302215	0.541687447735	-0.270841090202	1.4952393661	-2.6899840288	-0.15716479841	2.21176355782	0.486632784718	-1.12405819262	-1.12680705386	-0.974334229147	0.245952966559	0.246390295132	-0.0
MCT.f.0390	5.96609891417	-0.322061092448	-1.63160282457	-2.49474100939	-1.26286156094	1.62349217667	-3.17445352556	-0.403141498148	-0.190956451491	-1.34723918361	-0.943344740877	-0.0599926672711	1.47763297025	-1.08070766328	0.667613382258	0.690259934646	-0.0
MCT.f.0391	0.00382649740447	1.22225823572	-3.74540849604	0.705283129825	0.114022124995	-0.123747538307	0.323700623366	-3.09203004414	-2.2101976329	-0.823841610006	0.579179994919	2.08056963594	-0.1876166588	1.36604683913	-0.514744101956	-0.130747119669	-0.0

Biplot	0	0

Site constraints	0	0
