Eigvals	14
1.35763496756	0.7089167779	0.480486292823	0.432089327974	0.395528568883	0.235560122781	0.229743517012	0.208590592193	0.150522699903	0.134928166433	0.0732092107995	0.0372100330672	0.0	0.0

Proportion explained	14
0.305469528723	0.159507142364	0.108110003744	0.097220627441	0.0889944119148	0.0530013158257	0.0516925724112	0.046933138447	0.0338677916378	0.0303590025276	0.0164721619989	0.00837230296537	0.0	0.0

Species	0	0

Site	14	14
MCT.f.0528	-0.529367597179	0.168778132569	0.0354050693784	-0.0169149434276	0.0587742238728	0.234146508537	-0.106021744311	0.20955372519	0.0720788356442	0.0828046350102	-0.0800939159779	-0.00821823767098	-0.0	0.0
MCT.f.0529	-0.538681468185	0.159807897222	0.0164025834963	-0.047019175842	-0.0606929891982	0.139291103852	0.0663509313621	-0.145863768335	-0.10325211065	-0.0777252369335	0.151781668144	0.026465364256	-0.0	0.0
MCT.f.0530	-0.527500220947	0.202953678459	-0.0332667869879	-0.0375829395843	0.0198918268213	-0.320517414827	0.124366969934	-0.0822789925251	0.0621453678917	0.011610565144	-0.0823254801654	-0.0071573679193	-0.0	0.0
MCT.f.0532	0.0453852249706	-0.135845316351	0.249263265964	0.293417752569	0.31051504425	-0.0294601194262	-0.0956343761576	-0.0724300490826	0.167216361411	-0.0471680533223	0.0628257783345	0.00728013836471	-0.0	0.0
MCT.f.0533	-0.0524143463799	-0.137470497772	-0.379422582114	0.397460534844	0.0226475321744	-0.0362400138978	-0.0524691022051	0.0634497318858	-0.163501029553	-0.0342513512876	-0.0265345287614	0.00454723680377	-0.0	0.0
MCT.f.0534	0.226196120065	0.0089523643453	-0.180951983258	0.000279416467039	-0.0629924075864	0.0742043892137	-0.0593454846063	-0.237111695756	0.0622869657726	0.240672628441	-0.00428248587677	-0.0157788834736	-0.0	0.0
MCT.f.0535	0.3200442609	0.160846835707	-0.116366858791	0.0365621644341	-0.0321614100943	0.0407992535731	0.229175560308	0.126974397066	0.101062556043	-0.053995950934	0.0589749571994	-0.108384010917	-0.0	0.0
MCT.f.0536	0.343514169855	0.106042803765	-0.117621435752	-0.039669808108	-0.0422467124117	0.0247900689073	0.136639489035	0.0695580280535	0.082077860733	0.0114909099522	0.0135575445365	0.139215219464	-0.0	0.0
MCT.f.0538	0.261012421474	0.237976322249	0.120837739457	-0.0918230879304	0.0170830386179	-0.0695530936296	-0.138318441958	0.000519524982926	-0.138629166032	0.046329437182	0.0414272597939	-0.0554624649168	-0.0	0.0
MCT.f.0539	0.266464550506	0.212553192924	0.116216621628	-0.111042799519	0.0713360118378	-0.137086523379	-0.123164578539	0.138033643749	-0.0833924854339	0.0149929449642	0.0240171858917	0.0402686161425	-0.0	0.0
MCT.f.0540	0.276288860531	0.131329119459	0.076637133648	-0.0194928751033	-0.125518441172	0.1163180208	-0.0678999980059	-0.157019740209	0.00262108244815	-0.206178704275	-0.142998689424	-0.00300708022729	-0.0	0.0
MCT.f.0541	-0.0954093050092	-0.343106625061	0.202587469257	0.0709800269035	-0.469285136135	-0.0785862772786	-0.0581026832149	0.0787623865093	0.0494347627532	0.0177752547935	0.030111242099	-0.00288153214244	-0.0	0.0
MCT.f.0543	-0.0609697258409	-0.429699277528	-0.256172075286	-0.391273387617	0.139645194365	-0.0260735047091	-0.0999855398505	0.0147407706757	0.0463919893842	-0.0816311170603	0.0210417220926	-0.0148719728835	-0.0	0.0
MCT.f.0544	0.0654370552387	-0.343118629988	0.266451839361	-0.0438808780859	0.153004224658	0.0679676022629	0.244408998209	-0.00688796220453	-0.156540990413	0.0752740383257	-0.067502257886	-0.00201502488064	-0.0	0.0

Biplot	0	0

Site constraints	0	0
