Eigvals	13
261.595859807	127.306263094	83.3107541598	79.3411732544	63.8271865615	48.4055828283	36.6101586177	29.2885708354	27.9598015405	22.0816027673	16.5087045656	11.1681991206	0.0

Proportion explained	13
0.323996296884	0.157673587965	0.103183497851	0.0982670228183	0.0790523676548	0.0599521322564	0.0453430563817	0.0362749949433	0.0346292642682	0.0273488943255	0.0204466506066	0.0138322340446	0.0

Species	0	0

Site	13	13
MCT.f.0141	-1.96924361497	3.80491602873	3.13826016799	-1.0675540958	3.47520445006	-2.93748784003	-0.424004709619	0.02313214296	1.88664183519	1.55219962382	0.144140513066	0.761138855041	0.0
MCT.f.0142	0.29832175569	2.27095938186	2.98128445998	0.638671380666	-0.537749282434	2.68198733682	-3.14267717804	-1.96151726482	-1.88242743634	0.98937353806	0.564959821286	-0.536053079481	0.0
MCT.f.0143	9.55842804737	5.61278200474	-2.51423377501	3.17144110119	0.383823972941	1.32250228725	1.11188242664	0.568286220225	0.57670995335	-0.41839087824	0.408878821816	0.342919058345	0.0
MCT.f.0144	-1.96113997285	3.08707753841	2.89905763994	-1.14859985889	-4.22616838599	0.411406099916	1.03271395569	1.66636589818	0.336194031661	-0.199454028218	-2.15866687009	-0.480053935972	0.0
MCT.f.0145	-4.84625942156	1.8376963852	-0.299346578726	-2.86450146518	-1.71487407094	-0.122424326558	1.03861047896	0.806498644117	-0.497218626681	-1.38664756459	2.89369647421	0.109966894196	0.0
MCT.f.0146	-5.7901800345	0.169423241162	-1.50730593049	4.38391585731	-1.14368651849	-2.22254215918	0.0912682100057	-2.77490680936	0.712826720455	-1.51832070803	-0.436765478674	-0.245353001187	0.0
MCT.f.0147	0.587206082803	0.00590864551861	-5.24371777945	-1.64117343847	-1.50140320876	-2.68444121044	-1.07069818795	0.42074589487	-2.03008655398	1.93154954847	-0.510432730823	0.213341091449	0.0
MCT.f.0148	-2.81672588244	-1.46847823582	-2.447231515	-2.45467226347	0.988814511862	3.12760568881	-1.49426261152	-0.278146238349	1.27860667791	-1.03857047861	-1.03000996807	1.75366130475	0.0
MCT.f.0149	-3.05890339436	-0.963593275724	-2.48686101961	-0.96441022299	2.76575998555	1.9180909412	1.12270441932	0.210413675768	1.18847016017	0.930700075506	-0.112617530772	-2.29535038201	0.0
MCT.f.0150	7.74499773342	-4.4580103052	1.49434151976	-2.9153112545	-1.84571231879	-0.538863812134	1.66949363734	-2.4962056836	1.08850030579	0.434239011714	0.272743695203	0.0271250299959	0.0
MCT.f.0151	0.567026866969	-5.48648843531	0.939985179893	3.73811614969	-1.55839600792	-0.0993207082955	-1.83746234052	2.51587227896	1.47972626411	0.697676397617	0.920065654526	0.0711003219294	0.0
MCT.f.0152	-2.76527228842	-2.67423583704	1.69832485018	2.32823724336	2.00327217737	1.05101445107	3.24810030925	0.271186626664	-2.59414971394	0.737703639792	-0.297074836546	0.989482105464	0.0
MCT.f.0153	4.45174412283	-1.73795713654	1.34744278055	-1.20415913293	2.91111469555	-1.90752674844	-1.34566840957	1.02827461439	-1.54379361768	-2.7120581773	-0.658917565131	-0.711924262524	0.0

Biplot	0	0

Site constraints	0	0
