Eigvals	14
0.614112524581	0.361481973809	0.278076436973	0.0732487939109	0.0491381300073	0.0466639211091	0.00880902637135	0.00823280669049	0.00122986331778	0.0	0.0	0.0	0.0	0.0

Proportion explained	14
0.426173008054	0.250856079251	0.192975500206	0.0508321481615	0.0341001751913	0.0323831591616	0.00611316186601	0.00571328519054	0.000853482918284	0.0	0.0	0.0	0.0	0.0

Species	0	0

Site	14	14
MCT.f.0256	-0.351709688807	0.215958090499	0.225867071182	-0.100659052721	0.0281210570798	0.103075583545	-0.00322688589764	0.000611703298571	0.00139574440542	-0.0	0.0	0.0	0.0	0.0
MCT.f.0258	-0.272815950143	0.114205303232	0.0863930796726	0.0750863976081	-0.000864494876878	-0.0810640394628	0.0392187371863	-0.017411514999	0.00262335654049	-0.0	0.0	0.0	0.0	0.0
MCT.f.0259	-0.249244173442	0.110506604527	-0.0320331973244	0.114652178676	0.0286246323091	-0.0624829163998	-0.0472212377254	0.0120534069406	-0.00976024491147	-0.0	0.0	0.0	0.0	0.0
MCT.f.0260	-0.207873398333	0.0141484045778	-0.268115942072	0.0144253345049	-0.0734895521958	0.0240849035828	0.0193544757564	0.0301614668674	0.0156414307317	-0.0	0.0	0.0	0.0	0.0
MCT.f.0261	-0.128728178209	-0.121855281709	-0.193600267307	-0.0205313513917	-0.0725205508575	0.0389601974926	-0.00667254243908	-0.0275139204534	-0.017954345011	-0.0	0.0	0.0	0.0	0.0
MCT.f.0263	-0.0289121399363	-0.156384285182	-0.122112818248	-0.0527218054138	0.0852620519801	0.0103108663974	0.0133968302191	-0.0507053640926	0.00176658297661	-0.0	0.0	0.0	0.0	0.0
MCT.f.0264	-0.00186951218834	-0.21725206234	-0.0379753917701	-0.0259058816164	0.0855814881799	0.0105739061664	-0.0341405574632	0.0301811014623	0.00369733532786	-0.0	0.0	0.0	0.0	0.0
MCT.f.0265	0.000235161634948	-0.214757089364	0.0569817727362	-0.0599861085194	0.0241123919375	-0.0384066482475	0.0258974254555	0.0378471327914	-0.00162695193875	-0.0	0.0	0.0	0.0	0.0
MCT.f.0266	0.088008128151	-0.169553769644	0.174562448941	0.0435592408044	-0.00741138286601	-0.0546746225186	-0.00283788620488	-0.0237291480587	0.0113662866714	-0.0	0.0	0.0	0.0	0.0
MCT.f.0267	0.118142405558	-0.147565259012	0.202464492516	0.0154086800716	-0.134883881423	0.0359758835102	-0.0198194668163	-0.00256412826751	0.0012129706258	-0.0	0.0	0.0	0.0	0.0
MCT.f.0269	0.253400099021	0.0142333612209	0.0688118817274	0.10550093661	0.0486341295646	0.072598387401	0.0228562664724	0.0115860008923	-0.0106029099157	-0.0	0.0	0.0	0.0	0.0
MCT.f.0270	0.296648957117	0.163527971009	-0.0774058903934	0.0604672621431	0.0123983384636	0.0496828439504	0.0193946816445	0.00512677770303	0.00063833786651	-0.0	0.0	0.0	0.0	0.0
MCT.f.0271	0.27276210716	0.223554651108	-0.086064913454	-0.0326734743871	0.00620169513004	-0.01044531206	-0.0349307211262	-0.0179351240854	0.0129367523463	-0.0	0.0	0.0	0.0	0.0
MCT.f.0272	0.211956182417	0.171233361078	0.00222767379413	-0.136622356369	-0.0297659224251	-0.0981890333571	0.00873088093842	0.0122916100011	-0.0113343457151	-0.0	0.0	0.0	0.0	0.0

Biplot	0	0

Site constraints	0	0
