Eigvals	6
0.423528077303	0.338984317584	0.070242967092	0.0388566967907	0.0	0.0

Proportion explained	6
0.485913512832	0.388916507261	0.0805897146388	0.0445802652679	0.0	0.0

Species	0	0

Site	6	6
MCT.f.0089	-0.353163519151	-0.134511893158	-0.119338814432	0.104777669298	-0.0	0.0
MCT.f.0091	-0.376886991195	0.00401039169283	0.0998316953473	-0.114141577039	-0.0	0.0
MCT.f.0094	0.0535166784699	0.347475255195	0.0740651139584	0.0496531367527	-0.0	0.0
MCT.f.0095	0.195760641498	0.278235748655	-0.109122322781	-0.0262013480136	-0.0	0.0
MCT.f.0098	0.241413236403	-0.254828825941	-0.0892358425767	-0.0831979238994	-0.0	0.0
MCT.f.0099	0.239359953976	-0.240380676444	0.143800170483	0.0691100429016	-0.0	0.0

Biplot	0	0

Site constraints	0	0
