Eigvals	15
0.782404072522	0.560859940246	0.493880535686	0.397352961398	0.395778351752	0.339235515363	0.293517914742	0.272859016744	0.224755337392	0.180287362913	0.173141061864	0.119399856542	0.106342475897	0.0688182116774	0.0

Proportion explained	15
0.177470916925	0.127218570758	0.112025786416	0.0901306586694	0.0897734935837	0.0769480120047	0.0665779937664	0.0618919834309	0.0509807364399	0.0408941680263	0.0392731889895	0.0270831949441	0.0241214193129	0.0156098767331	0.0

Species	0	0

Site	15	15
MCT.f.0358	-0.150173216211	0.360102909024	0.0342176455708	-0.0568558409573	-0.106163944087	-0.0669033475887	0.140693645975	0.13431270111	-0.0805697862032	-0.0377306714325	0.188942541945	0.0938031921932	-0.134814668409	0.000435509795629	0.0
MCT.f.0359	-0.025788085475	-0.312348770841	0.0622074914729	0.106396607306	-0.208076880985	0.0248066181302	0.347887477253	0.00678617149679	0.1274167387	0.0666505939796	0.085799593876	-0.0364532873841	0.0681790396945	-0.0171425376751	0.0
MCT.f.0360	-0.230974172194	0.0705463639171	0.298721637081	-0.0699130420628	0.24578721909	-0.00719436396933	0.00464683350264	0.106237284866	-0.0977531356404	-0.0521077622012	0.0504220339257	-0.0722947693535	0.1748030759	0.0672373586105	0.0
MCT.f.0361	-0.169315078798	-0.139738998644	-0.337950329145	-0.0841946418388	0.0101666403518	-0.0533759334109	-0.0715708059952	0.138944354708	-0.00141233347717	0.0407763036477	-0.0445239094999	0.209098272306	0.116391744151	-0.0107146971999	0.0
MCT.f.0362	-0.214987457313	-0.0972635369919	-0.181943416538	0.168538754862	-0.240085578648	0.0562396047084	-0.135961232085	0.176173866781	-0.130477338421	-0.0868760251888	-0.0701514640073	-0.161662078163	-0.0432829099027	0.0178989852106	0.0
MCT.f.0363	-0.273680630866	-0.110832954461	-0.0666072480129	0.0180111613316	0.215520187491	0.34496310992	0.015525190635	-0.149085985476	0.109455272112	-0.129181426195	0.010432481657	0.0415978177674	-0.0937908776174	0.0284525085231	0.0
MCT.f.0364	-0.144702951339	0.26635323866	0.0994256958612	0.0627887111526	-0.231697039645	-0.116122014061	0.0273134444634	-0.265181659505	0.0314506551321	-0.0861332724795	-0.186335687516	0.0517201606964	0.0593186021326	0.0298079584063	0.0
MCT.f.0365	-0.273848174338	-0.17785063349	0.247793452245	-0.171409750416	0.0761690632374	-0.120313958121	-0.0319450587075	0.0104343069232	-0.0188391220271	0.164733045301	-0.143108081697	-0.0139012372324	-0.122662662739	-0.0862605604096	0.0
MCT.f.0366	0.0114006214713	0.326067979848	-0.342734245097	0.03196719048	0.199096446808	-0.00724092849648	0.0931750449232	-0.0767242359026	0.0311788129491	0.144724188368	-0.00873758131078	-0.135471605509	0.0335811924933	-0.0676335692543	0.0
MCT.f.0368	0.0809383321146	-0.14978358659	-0.0876058588082	-0.258488467713	-0.129446459133	-0.052735048437	-0.171141161849	-0.240497121563	-0.0689674928036	0.0777567194175	0.182386614094	-0.0489094394757	6.9969201986e-05	0.0704449495723	0.0
MCT.f.0369	0.142281462522	-0.124681421049	-0.0225906909341	0.185971183772	0.180628512502	-0.364272841289	-0.0891052948816	0.0111745408526	0.175169209523	-0.138700075439	0.0597067176953	-0.0161608323006	-0.0504500530075	0.00656940998511	0.0
MCT.f.0370	0.325633721613	-0.0993971892719	0.0518595905242	0.299385720932	0.126035429993	0.034370758181	0.0543318074557	-0.0784408103293	-0.278820586317	0.0846942390905	-0.0328414846562	0.0823011337512	-0.0321896404136	0.0316610786093	0.0
MCT.f.0371	0.35682694453	-0.028557526823	0.052908115015	-0.177438288204	-0.0347695884306	0.0876245102036	-0.00840081425829	-0.00823511392853	-0.0772599414704	-0.196646653011	0.000663831496749	-0.0064791945635	0.0444090720419	-0.165522059506	0.0
MCT.f.0372	0.423608131986	0.0531173460299	-0.0199069686918	-0.231990511831	0.00172785107402	0.0572411237538	0.0893858727153	0.155872196121	0.101249585166	0.0099019046293	-0.153674955726	-0.0226348890106	-0.0504528009812	0.124709998655	0.0
MCT.f.0374	0.142780552297	0.164266780683	0.212205129456	0.177231213186	-0.104891859618	0.182912710477	-0.264834949148	0.0782295038456	0.178179462777	0.138138891513	0.0610193497238	0.035446756278	0.0308909174557	-0.0299443333235	0.0

Biplot	0	0

Site constraints	0	0
