Eigvals	14
390.331266609	288.513130182	209.206932712	149.494424538	117.914232883	85.1464107979	71.0998744835	52.4743319621	35.0650233503	33.3592125353	31.780655223	28.8600423872	23.1594859558	0.0

Proportion explained	14
0.25740568023	0.190261259814	0.137962437115	0.0985847594867	0.0777590624185	0.0561501772097	0.0468871267083	0.0346044303103	0.0231237847436	0.0219988802567	0.0209578936551	0.0190318826024	0.0152726254497	0.0

Species	0	0

Site	14	14
MCT.f.0053	-4.87386983915	1.55550197116	4.93541833729	-0.957980374775	3.37323269573	1.7795611329	2.53312519393	-2.80403501134	2.40498159333	-1.72050231807	1.40219272185	-0.629844592486	-0.883204230849	-0.0
MCT.f.0054	-4.76256329823	2.13639236716	2.40765516666	-4.25339247377	1.84401749973	-4.12890172531	1.00716175034	3.19622773953	-0.582656766505	1.47899308742	0.551414718627	-2.25459033353	0.401430920791	-0.0
MCT.f.0055	-1.5585195954	-1.22114401986	3.42054919802	-2.36481426444	-1.4506410468	0.958428696523	1.10991719474	-0.810540045642	-3.57449533899	0.76387322844	2.04719953237	2.67518384865	-0.290426103151	-0.0
MCT.f.0056	-6.2210485995	4.13851514997	2.63414285247	-1.74255108167	0.149557966165	-1.18898756334	-3.39321583208	-0.580869558074	0.77617183143	0.183317148759	-3.34646203358	2.10607327612	-0.407160244215	-0.0
MCT.f.0057	-3.0360878431	-1.08124778776	-1.40705046151	-1.3357362023	-5.93175710385	-0.0830263879622	-0.806562617186	-3.22505854971	0.0637119689346	-0.0414258422744	0.0239614236255	-1.70563876379	2.51296222158	-0.0
MCT.f.0058	-6.56448225724	-0.32118675421	-4.54179004814	6.61251205826	-2.48316357748	-1.54101325267	2.40831095786	-0.368473380041	-0.0338189050539	1.47341306608	-0.272695992979	-0.245432951338	-2.11332680176	-0.0
MCT.f.0059	-2.66031044188	7.35045344839	-5.75242374735	1.19172456695	2.03466037332	3.69345874561	-3.75763674969	1.21636093936	-0.720175194129	-0.478091656523	1.78206206309	-0.573097767379	0.101126985595	-0.0
MCT.f.0060	0.284984974079	-0.686967421042	-5.60949185153	-3.33374303255	-1.98418235176	0.801974161318	3.57039011682	2.87455622236	1.1900101628	-2.33838376157	-0.683126574653	1.59432244395	0.631404774554	-0.0
MCT.f.0061	4.65250705204	-0.916994044491	-3.96990417535	0.661512898684	6.26319233454	-0.337369129073	1.96460802637	-2.31678157809	-1.9691510747	0.30815011051	-2.03286199504	-0.320820878892	1.12167499672	-0.0
MCT.f.0063	6.19335924939	-4.95677907106	-3.95117303511	-2.24350557673	1.23115891409	-2.90972481023	-2.380356483	-1.06875848042	2.43608902862	1.57738465814	1.94114357411	1.19484170985	-0.510183737272	-0.0
MCT.f.0065	-1.55306983841	-7.52407844988	3.5593106097	5.93036484826	1.27992796946	-1.94511065185	-2.12070931215	1.69298668473	-0.437392390808	-2.51453335914	0.459537369629	0.21621915182	1.08572466461	-0.0
MCT.f.0066	5.57051120787	-4.86807115396	0.698959662889	-3.1655431123	-1.85827906504	1.81330632158	-1.58648493826	0.194122289996	-1.20456890252	-1.18904355078	-1.27576807277	-2.08904382151	-2.66800329096	-0.0
MCT.f.0067	2.55741654944	-3.16479197206	3.89510452565	1.93207062241	-0.0719327001859	5.11547814905	0.650093881906	1.92423799082	1.45983503194	3.02160739548	-0.79124121313	-0.0403316094253	0.980429941691	-0.0
MCT.f.0068	11.9711726801	9.56039773764	3.6806929663	3.06908112397	-2.39579190792	-2.02807368654	0.801358810392	0.0760247365187	0.191458955647	-0.524758206479	0.194644478855	0.0721602879646	0.0375499026765	-0.0

Biplot	0	0

Site constraints	0	0
