Eigvals	13
0.54484547279	0.4413138429	0.398258505878	0.392224388205	0.332926912429	0.310516748359	0.239380484515	0.202497224381	0.172955134511	0.149308206024	0.111420413037	0.0784915133921	0.0

Proportion explained	13
0.16147689754	0.130793029862	0.118032637068	0.116244294043	0.0986701874413	0.0920284441431	0.0709456532202	0.0600144906888	0.0512590448654	0.0442507593255	0.0330218814661	0.0232626803356	0.0

Species	0	0

Site	13	13
sample1	-0.19641304463	0.189315103611	-0.164971891098	0.0208615295744	-0.0123358903999	-0.272305690497	-0.0315205179848	0.253210232628	-0.137210339097	-0.0310507745775	-0.0258787768625	-0.0398810962746	0.0
sample2	-0.223668381191	0.248211508702	0.0450664647716	0.293703775244	-0.219052500536	0.0779641939118	-0.170082945383	-0.100661460612	0.0926535929864	0.0180979713553	0.0944243037345	-0.00382461854674	0.0
sample3	0.0920864359798	-0.259185718989	-0.362534027625	0.0968885889436	-0.115629649604	-0.089302894863	-0.0123496264679	-0.190182230743	-0.00497540865191	-0.00566256433446	-0.0969297905161	-0.0749491502534	0.0
sample4	-0.296693923985	-0.21786922581	0.273858694307	0.101850879763	0.0327066872531	-0.0749987248239	0.181924613879	-0.108907136951	-0.177707975812	0.0669016503034	0.0235173467568	0.0165718891233	0.0
sample5	-0.234217245703	0.187275201904	-0.252584153117	-0.312253107938	0.0931063290733	0.23916264978	0.115468730925	-0.0844207192982	-0.0332886987753	0.0257795208913	0.0478386867615	0.0112226729445	0.0
sample6	-0.235322353639	-0.364915734425	0.0774685226516	-0.157105944734	-0.10201351949	0.14309832911	-0.123791634962	0.178911360947	0.128651795197	-0.053889586134	-0.0282957888534	-0.00237794233617	0.0
sample7	0.276655720882	-0.122387444698	-0.0764086569036	-0.111522118116	-0.0758317921723	-0.123053648803	-0.0846020266921	0.00303044751177	-0.0580545708952	0.0193021584655	0.184106993456	0.148278576006	0.0
sample8	0.164929648971	0.182828028739	0.165331445605	-0.178862952397	-0.276972151182	-0.0578154362118	0.108342704159	-0.00448245090691	0.0607880369008	0.11183453269	-0.157642921727	0.047475605129	0.0
sample9	0.19131662846	0.0956095952318	0.193580864631	-0.0879515140858	0.0081991168251	0.0872503129993	-0.0992308190181	-0.0825583215257	-0.146055684635	-0.261489801492	-0.0338626462097	-0.0487420858406	0.0
sample10	0.236705756571	-0.00598034689556	0.0818600597219	-0.0101682818884	0.0218373617747	-0.00790139211319	0.161611531377	0.0751707204927	0.101994026132	0.0471171282749	0.143336133979	-0.178298088858	0.0
sample11	0.124099430662	0.00805799923605	-0.0916383397146	0.31386256094	0.0873511855299	0.153926788183	0.217536399278	0.116425808832	0.060884272741	-0.107361868155	-0.0452752143542	0.105404310506	0.0
sample12	0.178076033676	0.00127725816122	0.03451047721	0.0938758252945	0.231356704178	0.169676263181	-0.204811777199	0.0543598187876	-0.0978914814984	0.208529790867	-0.0721702254394	-0.0145590646232	0.0
sample13	-0.0775547060523	0.0577637752337	0.0764605395606	-0.0631792406008	0.327278118751	-0.245700749853	-0.0584946319105	-0.109896069163	0.210212435408	-0.0381081581542	-0.0331681007256	0.0336789930247	0.0

Biplot	0	0

Site constraints	0	0
