Eigvals	14
540.117868078	407.685988644	144.531668625	93.130046537	76.3080869377	61.1437576551	51.5889823762	43.0540285472	40.3704246279	32.3982065989	22.289524966	21.2694607145	18.4853935768	0.0

Proportion explained	14
0.347930372227	0.262621079886	0.0931036728004	0.0599920381683	0.0491557540702	0.0393872738112	0.0332323274267	0.02773432442	0.0260056141407	0.0208701114102	0.014358352457	0.0137012526725	0.0119078265099	0.0

Species	0	0

Site	14	14
sample1	-5.19103042243	5.52014504887	2.5218992518	-0.276496113993	3.5417257359	1.43405977617	-3.13328204825	0.928386950131	-1.53415535691	0.156666590855	-0.463792769279	-2.27051436361	0.856523226821	0.0
sample2	-8.32541115915	2.87375443649	0.573540985447	-2.08679556181	0.484754882984	1.94588836428	-2.15861925575	-1.27198989038	-0.10158074062	0.114529530964	1.01326323974	3.19841340721	-0.437508193969	0.0
sample3	-10.0846768227	4.20722768155	-4.10116230479	-3.93575281471	-0.0771665356772	0.320020450734	3.6121175916	0.336624949223	1.70104339577	0.285033610112	-0.977415212671	-0.892891017652	-0.207862215748	0.0
sample5	8.5763401459	2.12556554519	1.62253717599	-1.44031830147	1.17279881806	-0.534501147712	0.140030019881	1.1992780632	1.5802499653	2.67938614538	2.2318370052	-0.597270642459	-1.72323981057	0.0
sample6	9.87455200796	10.4619983983	2.17861771618	0.992352442413	-2.00769717769	2.0161839004	1.7178934703	-2.80218604348	-0.0320880051647	-0.34923503085	-0.349690571459	0.0125512252235	1.12098316325	0.0
sample7	3.79750914464	7.35133463267	-4.34066589411	2.26806652671	-1.53646791728	-1.32166597552	-0.706486252093	3.51912250276	-1.72224198408	-1.05682733003	-0.782150132259	0.943263074981	-0.958184367084	0.0
sample8	6.07236038485	-2.65303205555	-0.883128776029	-2.54354462134	0.17934266478	-2.8499897803	-3.1841036639	-1.63349609778	2.6460383465	-1.27824435974	-1.81836157588	-0.11190768913	-0.25851594245	0.0
sample9	-0.8747085505	-2.32670751555	-6.72236873103	1.55780800265	0.170546837545	-1.8167815691	-0.504780498662	-1.80030207433	-0.704601230186	-0.227517438443	2.51935273132	-0.697515909323	1.48341160512	0.0
sample11	-5.67622074585	-0.283555738687	5.72319993187	-0.149392389182	-1.74530509983	-5.22205172969	1.24912191841	-0.208863871436	-1.73134573061	0.95812409878	-0.145768338867	0.345505640541	0.535787289386	0.0
sample12	-7.06111178968	-3.3999921038	1.59110300558	4.78117044223	-4.40691531479	1.70319180202	-1.21157005635	0.553087870366	2.6099746422	0.272173773026	0.0842871636515	-0.809161685407	-0.312886508238	0.0
sample13	-1.31320633291	-2.97168638825	1.16161675217	4.18200910052	4.58053762578	-0.12526308368	2.23584191449	-1.56881793244	-0.160337854785	-1.78185038248	-0.280082372333	0.110237123596	-1.79645627433	0.0
sample14	3.74895552676	-5.27792209608	2.50706488372	-1.03870710215	1.44467380971	0.846989125928	1.42464978461	3.15151415445	1.47799744922	-1.9557552885	0.703392967032	0.899019018639	2.09603206529	0.0
sample16	3.63798200462	-7.39064332814	-2.37090183345	1.29326347992	1.16575909766	1.42791352625	0.329183197019	-0.0383770451033	-1.01081695992	3.52072364606	-2.01137911571	0.867476213706	0.806124125716	0.0
sample17	2.81866660852	-8.23648651697	0.538647836665	-3.60366308979	-2.96658742714	2.17600634021	0.190003878692	-0.363981535186	-3.0181359367	-1.33720756514	0.276506981511	-0.997204396318	-1.20420816319	0.0

Biplot	0	0

Site constraints	0	0
