Eigvals	10
142.452175427	81.1221839629	72.6473994877	65.7464855838	43.1388333626	30.5185474905	27.8459008207	17.9218327571	12.8636547872	0.0

Proportion explained	10
0.288214777908	0.16412955551	0.146983042177	0.133020844953	0.0872801643045	0.0617463114247	0.0563389088066	0.0362601485889	0.0260262463276	0.0

Species	0	0

Site	10	10
MCT.f.0327	-7.32413464648	3.54838631056	2.02451036041	-1.6945552463	0.586646007866	-2.44697240345	-0.215937121124	-0.860361590173	-0.519425954096	-0.0
MCT.f.0329	-2.55041054087	-0.185873340369	1.93688041126	-3.76933664106	-2.16146712589	3.5020039473	0.717158612217	0.676099740877	0.641993245334	-0.0
MCT.f.0330	3.83907058724	-2.66612736745	1.71034771895	-2.88249639683	1.01608340879	-1.59376271461	-3.0918991243	1.18904030304	0.407469536673	-0.0
MCT.f.0331	4.82894820641	-1.90332720804	1.87150808943	-1.52054463832	1.91603063545	-0.138392337752	2.75056121069	-1.84075347665	-0.891476901021	-0.0
MCT.f.0334	1.9066167732	2.22664375628	2.79408967522	3.70478354144	0.147589634826	-0.9016638929	1.68309464974	1.48459923392	1.77629372588	-0.0
MCT.f.0335	2.21911476457	2.31065562554	1.86352403843	3.48033747576	-1.03434255378	1.73190083173	-1.92918658205	-0.171512342374	-1.99434248931	-0.0
MCT.f.0336	-3.57805571238	-4.18365327418	-0.762423056424	3.07276336161	0.422652448153	0.75326814874	-1.21215912869	-2.0401697456	1.31784153862	-0.0
MCT.f.0337	-3.47384195372	-3.9033917005	-2.59452981835	1.21346886648	0.0911835225357	-0.645071740464	1.39811902796	2.18285030673	-1.44586511099	-0.0
MCT.f.0338	3.1336178354	1.07140630506	-3.8433616059	-0.744789668314	-4.47063278686	-1.69229824187	0.246703149365	-0.843590358682	0.280294853414	-0.0
MCT.f.0340	0.999074686629	3.6852808931	-5.00054581303	-0.859630654465	3.48625680891	1.43098840328	-0.346454693809	0.223797928906	0.427217555487	-0.0

Biplot	0	0

Site constraints	0	0
