Eigvals	14
578.174566014	179.420508564	109.550090753	93.8421917979	73.7958290481	50.6644467	37.9444574602	28.894129405	27.1626477252	21.4324192836	14.9847742401	12.1627704755	9.42533491853	0.0

Proportion explained	14
0.467229075403	0.144991639641	0.0885286047181	0.0758348828968	0.059635201895	0.0409424834279	0.0306633235323	0.0233496562458	0.0219504273072	0.0173197681707	0.0121093569743	0.00982886542861	0.00761671435967	0.0

Species	0	0

Site	14	14
sample1	-21.7628793032	1.77061326201	0.657625329221	-1.82986496471	0.196249020832	-1.04793330705	-0.588211564323	0.172938339952	-0.565308212966	-0.320624070017	-0.13888927464	-0.125073305411	-0.0875922147112	-0.0
sample2	0.189884625017	-3.81480651847	1.9872416941	-0.845145795495	-1.13974401362	-1.61901003334	2.20197590916	2.23688176376	0.524316552335	2.68575147637	1.06895461893	0.0899062915895	0.304629614302	-0.0
sample3	1.61450946864	-1.58358861139	6.08320550228	-1.10400679677	3.37259606792	0.49405965008	1.44921321702	-1.32853452805	1.8427232618	-1.70366310414	0.456598922516	0.315029267705	0.115267947827	-0.0
sample4	1.04265402416	-3.4099482648	0.912468698104	1.77626515969	1.04715089001	0.827195859492	-4.38463636005	-0.7394436521	0.216734851037	1.0202577184	1.32595150065	-1.04673893546	-0.29129008656	-0.0
sample5	0.441979139361	-4.45721778101	-1.06199707613	1.29607403708	3.27975011521	0.545456415804	0.104387370793	0.543730424193	-0.178550975451	0.785482795205	-2.96657155966	-0.323575009856	0.110118637774	-0.0
sample6	0.928599236882	-2.23750829358	1.69255823476	0.814007342405	-2.67497165018	1.95674709218	-1.36915128847	0.517327297469	-1.66125294152	-0.620409088737	-0.17980280428	2.36217295326	0.715270608501	-0.0
sample7	1.02547402688	-2.61764942619	-0.392834509908	-0.0345618030984	-1.69113408192	2.56496815443	2.21780348067	0.114890332891	-2.31780377785	-1.11900301101	0.47887170155	-1.29540703951	-1.29879200404	-0.0
sample8	4.87465783566	6.31575604988	-1.88107843057	-4.85732501949	2.80148451843	2.57397591336	-0.538842151267	1.56415770253	-0.374076365643	0.409303941424	0.383134079878	-0.104297686011	0.51672825534	-0.0
sample9	5.42054672531	2.15730867711	0.850225943859	-3.86088430155	-1.99154547106	-2.03299336181	-0.475197975243	-2.49830552873	-0.268755223058	1.23993811321	-0.912731741843	0.549848474246	-1.28149068725	-0.0
sample10	4.75479991657	2.4604197095	1.08642788128	0.949714670448	-2.44850895166	-2.27584239299	-1.36937481324	2.82254413865	1.39168098149	-1.91130775578	-0.687759278452	-0.601606031908	-0.472201540512	-0.0
sample11	3.25047002061	-1.54844647087	-2.20079339818	-1.14381455755	-1.25674778903	-2.41150196238	0.341070705481	-1.60240746715	-1.00509466157	-0.93936463971	0.155968379288	-1.05388659856	2.03497250914	-0.0
sample12	0.924904006613	-1.15420215411	-5.7899996716	1.80389307416	3.15387399507	-2.33396610818	0.518758118287	0.0426080302756	-0.0398760984474	-0.787965231426	1.14033327961	1.32974494925	-0.802484796628	-0.0
sample14	-3.33758085553	0.279138547017	-3.9284336302	0.839444059775	-3.10915618927	2.84657491269	0.782737464226	-1.07043153062	3.31950089236	0.269057927459	-0.128100932782	0.0588007876005	0.177157311976	-0.0
sample15	0.631981132974	7.84013127491	1.985383433	6.19620489512	0.460703539272	-0.0877308322881	1.10946788695	-0.775955323085	-0.88423828252	0.992544928747	0.00404310924052	-0.154918116932	0.259706444848	-0.0

Biplot	0	0

Site constraints	0	0
