Eigvals	5
886.302957281	164.137179824	87.9759064764	37.2641526612	0.0

Proportion explained	5
0.753863984537	0.13961039775	0.0748297936442	0.0316958240688	0.0

Species	0	0

Site	5	5
sample2	-10.6547827118	6.01846493322	6.29952866632	0.075484825269	-0.0
sample3	-8.18742039562	-2.06604227818	-3.24108809128	4.64481994219	-0.0
sample7	-9.43010341999	1.95332463485	-5.2728706989	-3.66463629881	-0.0
sample10	24.5562348663	4.20227577075	-0.83342623015	0.393394631539	-0.0
sample13	3.71607166105	-10.1080230606	3.04785635401	-1.44906310019	-0.0

Biplot	0	0

Site constraints	0	0
