Eigvals	14
0.552306413251	0.41980946491	0.365825762273	0.282722991223	0.175820675567	0.150892833098	0.125321539455	0.105578565586	0.0570044229105	0.0447968003315	0.0221277206319	0.00370353726156	0.0	0.0

Proportion explained	14
0.239517691168	0.182057986931	0.158646975388	0.122607951806	0.0762478241444	0.0654374132373	0.0543479580605	0.0457860594398	0.0247210016656	0.0194269447714	0.00959608729757	0.00160610609032	0.0	0.0

Species	0	0

Site	14	14
sample1	-0.12040582393	-0.125734389625	-0.0812807149299	0.0354583039247	-0.0136719292772	0.214599816558	-0.115978032601	0.133146123588	-0.117038365487	0.0276138657696	-0.00818090891873	-0.000580929336572	-0.0	0.0
sample2	-0.160822655678	-0.0706370331558	0.0121361225393	-0.096241596271	-0.0814662115827	0.0264665065934	0.00114046125866	-0.00216471056094	0.0975067005685	0.093212788506	0.0236954255407	0.0352216148457	-0.0	0.0
sample3	-0.164302550296	-0.0644902448461	0.00989622030973	-0.0584240329732	-0.0182500018651	0.0328889646254	0.03178884622	-0.00163767969756	0.0806894874311	0.0423964261215	0.0131230828486	-0.0485016006149	-0.0	0.0
sample4	-0.186360134329	-0.0223191868108	0.00477755399276	-0.061880355044	-0.0589356619734	0.0358908825176	0.0373899696493	-0.00822416379773	0.0577537390137	-0.0193494566662	-0.0583665237719	0.00279532756822	-0.0	0.0
sample5	-0.114990149847	0.126195417363	0.167466768734	-0.0552498057448	0.250657019235	-0.106616370678	0.100872949649	0.156131716947	-0.0196440365967	0.00913133088723	-0.0182457004537	0.00463973940816	-0.0	0.0
sample6	-0.082228295707	-0.0712452342227	0.0324642514256	-0.0193937736095	0.142015761357	0.0114677890383	0.0331400464334	-0.242244878178	-0.0955357455663	0.0501045764523	-0.00839406352852	0.00136218893683	-0.0	0.0
sample7	-0.212355548453	0.362627581344	-0.153864850736	0.317887003527	-0.0744659516829	-0.0926126708641	-0.039542595352	-0.0174655198042	-0.00929451059907	0.0152042025983	0.00206401435312	-0.000342846703859	-0.0	0.0
sample8	0.340254605303	-0.106805554228	-0.31121637019	-0.0795945762809	-0.0248193146435	-0.154925325496	0.0342085741693	0.0502199534127	-0.0340546752749	0.0663865222452	0.0260504656924	-0.00363322377639	-0.0	0.0
sample9	-0.152668032321	-0.0260665416002	0.0307190785286	-0.0581304640332	-0.00532670835238	-0.00034429658127	0.0188345926409	-0.00886917493161	-0.0196139694721	-0.105702560652	0.113340531741	0.00341027755392	-0.0	0.0
sample10	-0.0380440860713	-0.0718431225032	0.028234679223	-0.113312359699	-0.214251255868	-0.0958086697271	0.0849860327399	-0.00314919070238	-0.0696368907363	-0.0755612171601	-0.0533474730063	0.0013818064417	-0.0	0.0
sample11	0.0920986315401	-0.0821432281746	-0.286434638588	0.0159329355101	0.168317736959	0.0344450690548	-0.0826915007483	-0.0308548544546	0.0835345474331	-0.094878534553	-0.033153740531	0.00563362910337	-0.0	0.0
sample12	0.14460177078	-0.12010030107	0.306021612304	0.0466889773219	-0.0164523426612	-0.139145775191	-0.237720808198	-0.00677518665151	0.0146021531765	0.000440105427088	-0.00444371598893	-0.00295419858118	-0.0	0.0
sample13	0.310842526277	-0.152066766575	0.158139037344	0.315638568432	-0.0205414564535	0.0987083847701	0.155120984198	0.00880929895521	0.0275325697462	-0.00736809815295	0.00467475375263	0.00307362881576	-0.0	0.0
sample14	0.344379742732	0.424628604104	0.0829412500425	-0.18937882506	-0.0328096831917	0.13498569538	-0.0215495200588	-0.0269217341241	0.0031989963637	-0.00162995082316	0.00118385227061	-0.00150541366072	-0.0	0.0

Biplot	0	0

Site constraints	0	0
