Eigvals	6
0.475490492345	0.342681450548	0.292267006804	0.103144511304	0.0622504714789	0.0

Proportion explained	6
0.372689956146	0.268594087227	0.229079192333	0.0808447782098	0.0487919860839	0.0

Species	0	0

Site	6	6
MCT.f.0089	-0.383411536024	0.412696638784	0.00412461516462	0.0377209013244	-0.0287732572538	-0.0
MCT.f.0091	-0.404249830283	-0.403597473601	-0.061424937243	-0.00479220241205	0.00855691766538	-0.0
MCT.f.0094	0.204088041251	0.0543198117659	-0.307999099908	-0.203835471771	-0.0246043914872	-0.0
MCT.f.0095	0.259807684702	-0.0153309175364	-0.193442590634	0.233449856526	0.0461955933675	-0.0
MCT.f.0098	0.12002529662	0.0266023150565	0.286341361001	-0.0742548291758	0.170498135208	-0.0
MCT.f.0099	0.203740343733	-0.0746903744691	0.272400651619	0.011711745508	-0.1718729975	-0.0

Biplot	0	0

Site constraints	0	0
