Eigvals	14
366.652937762	134.106136885	124.000457591	81.3620821011	57.7979048567	53.9876352768	39.2212566303	35.1209270784	32.6167255683	29.0622040568	27.0808899629	20.3564286998	17.8179676281	0.0

Proportion explained	14
0.35975162304	0.131581927854	0.121666462428	0.0798306465739	0.0567100054002	0.0529714545135	0.0384830156183	0.0344598644053	0.0320027981585	0.0285151815293	0.0265711606649	0.0199732703868	0.017482589428	0.0

Species	0	0

Site	14	14
sample1	-4.46648931462	1.44364456246	2.99357852581	-3.33699570682	-2.88897150711	1.02638532692	1.61145712476	0.0587748853854	-1.97052413706	1.84325601293	-0.712035335711	-1.80619864901	-0.277606923197	0.0
sample2	-3.69406843317	-7.89931966813	-2.67280222781	-0.712979313009	-2.03234704239	1.00081185961	-2.38191363495	0.862767860764	-0.758610617742	-0.793465240171	1.13474269846	-0.05506304089	-0.58683167108	0.0
sample3	-2.70162622559	-0.545036721269	4.59757139108	1.01349252189	-2.23984757801	-1.03641960859	0.700871595232	0.27491553148	1.36166436455	1.28026485149	0.556783085274	3.11247047851	-0.1580500035	0.0
sample4	3.45276517615	4.6858267673	-0.318570901055	2.61688575126	-1.72489493409	0.377577565369	-2.03513575661	2.64281403393	-2.02434763752	-0.972166388167	-0.66755684202	0.402992583864	1.37534203538	0.0
sample5	-2.26367035997	-0.271479446934	1.03984272472	2.10728995162	-2.16307726922	0.206121423612	-0.222915544754	-1.88202772858	3.15122616214	-1.41400795954	-0.855480635977	-1.65632317863	1.53271447546	0.0
sample6	3.58566418695	-2.27672406331	-0.373213035336	0.207013719306	1.74549030672	1.11604976169	-1.23772983244	-1.9803836724	-0.738718374644	1.07346865125	-3.76046256798	0.926500285198	-0.325888167391	0.0
sample7	13.2126717714	0.497070872914	-0.270113252274	-4.41609618262	-1.26536221098	-2.37093750765	-0.314753161291	-0.893697358775	0.501052816837	-0.678113696012	0.875384857082	0.00386893295742	-0.158375059427	0.0
sample8	-7.33703739986	2.95605292838	-6.31944675069	-0.328412184982	-0.141497099202	-3.88182515695	0.564319323799	0.240609519359	0.464233854509	-0.111435166217	-0.973576640913	0.191708842732	-1.03517715693	0.0
sample9	2.3817616498	-1.38260954949	0.603113965493	4.48850532846	1.62321066768	-2.60893042203	-0.29968533329	-1.14360417778	-1.28864398324	2.31778520156	1.80082950773	-1.26977988566	0.206142925059	0.0
sample10	-2.46286698893	1.65660650176	1.38668289361	0.942433893976	0.971087939885	1.12813240421	1.47044662324	-2.59358301258	-2.14890822388	-3.10586614135	1.08142279343	0.681593374392	-0.834534616835	0.0
sample11	-0.400381060845	3.9999516235	-3.97957472291	-1.01229232754	0.9408320082	4.1059145176	-0.890446578763	-0.86627974624	1.34084382868	1.79173690364	1.81989245187	0.451975860596	0.159694907997	0.0
sample12	-5.65543247939	-0.689154965174	2.71935020751	-3.6712551624	4.35522864354	-1.19082030567	-0.813265986879	1.00262188019	0.0889284449733	-0.4664575922	0.254665701782	0.065705015391	1.89828764891	0.0
sample13	4.48070720745	-3.28181576687	-2.84425289274	1.02051935252	0.874019937149	1.30686613061	4.49400543087	1.97171738474	0.257365503412	-0.172999583759	-0.291764846169	0.094309456992	0.826619022357	0.0
sample14	1.86800227066	1.10698692486	3.43783407459	1.08189035834	1.94612813783	0.82107401128	-0.645254268937	2.3053546005	1.76443799899	-0.591999853446	-0.262844226851	-1.14376007645	-2.6223374168	0.0

Biplot	0	0

Site constraints	0	0
