Eigvals	10
851.476661673	194.727387363	119.913924741	84.330360399	72.1604871582	44.0053635035	28.7822731866	26.066987181	21.5175057613	0.0

Proportion explained	10
0.590081706278	0.134947995836	0.0831015299688	0.0584417696869	0.0500079277622	0.0304961499831	0.0199463985767	0.0180646786525	0.0149118432554	0.0

Species	0	0

Site	10	10
sample1	-0.164092876345	7.98468165776	4.5588819037	-2.08415367042	2.12321564273	0.209395827801	-2.14964676386	1.74014534028	-0.403033505124	-0.0
sample2	-3.05015251485	1.72723937257	4.74983157849	-0.897507869401	-4.68839227282	-2.4783835507	2.16687198532	-0.637637691526	1.06924330804	-0.0
sample3	26.7559550864	1.11029903665	-2.02729713391	0.408573032861	-0.851665215097	-0.0550679495938	0.258640699784	-0.196369551331	-0.242776634246	-0.0
sample4	-4.18516541456	-2.76561007149	-1.75271564891	2.25669239007	-2.52788040765	-1.95587039926	-3.90582022771	-1.120876602	-0.0962374564962	-0.0
sample7	-1.33045616992	-4.79557677436	-1.95535940303	-2.82641698114	-0.315682677986	1.94979976375	-0.338807756676	1.96834094346	2.98038415948	-0.0
sample8	-5.90842907664	-1.78208081125	-4.18805806389	-2.53907587767	-0.733189588478	-1.46031533626	1.20547810036	2.02351096566	-2.76963704879	-0.0
sample10	-4.18612128798	2.50593261992	-3.22437858589	-3.31667191258	3.74560658235	-0.772695502963	0.594835408711	-3.18916154457	0.64886939862	-0.0
sample12	-3.2781410271	0.758434372304	-0.775163891707	6.50258311218	3.42658517508	-1.56138915509	1.34690636871	1.2374995069	0.905636559558	-0.0
sample13	-6.38705821949	3.74510816418	-1.32475855259	2.4903977449	-2.55219140504	4.83236550988	0.598136052791	-0.90501980283	-0.763711367915	-0.0
sample16	1.73366150043	-8.48842756629	5.93901779773	0.00558003120783	2.37359416691	1.29216079244	0.223406132572	-0.920431564052	-1.32873741314	-0.0

Biplot	0	0

Site constraints	0	0
