Eigvals	6
0.605334928739	0.395227652218	0.317584922497	0.239437803255	0.118694708453	0.0

Proportion explained	6
0.361118025189	0.235776629586	0.189458157124	0.142838786533	0.0708084015673	0.0

Species	0	0

Site	6	6
sample1	-0.272695554865	0.1769895884	0.239566865977	0.314700368844	0.0661745776117	0.0
sample2	-0.296808895146	0.0938353129183	-0.220424835774	-0.0297545031049	-0.245756292535	0.0
sample3	-0.275330822444	0.00736835542603	-0.185801711567	-0.211002936675	0.221491615078	0.0
sample5	0.0585260322253	-0.164821156214	0.387058986691	-0.244164020787	-0.0673581856595	0.0
sample6	0.22807422457	-0.457591493654	-0.148804502767	0.187311896841	0.0126531943965	0.0
sample7	0.55823501566	0.344219393125	-0.0715948025599	-0.0170908051177	0.0127950911086	0.0

Biplot	0	0

Site constraints	0	0
