Eigvals	16
0.617215507127	0.469744049606	0.42377506263	0.412597162303	0.345379203486	0.291890029965	0.276026415204	0.223914739204	0.18778215081	0.167246749342	0.111609018502	0.103500579299	0.0804168825658	0.0672728962276	0.059226016208	0.0

Proportion explained	16
0.160833874317	0.122405795971	0.11042720796	0.107514473274	0.089998833088	0.0760606366038	0.0719268995328	0.0583476510344	0.0489322294948	0.0435811193222	0.029083052268	0.0269701570529	0.0209550126888	0.0175299557641	0.0154331016268	0.0

Species	0	0

Site	16	16
MCT.f.0103	-0.275956088843	0.120977989663	0.03167934419	-0.0734143560276	0.107800275117	-0.0935336199184	0.0457469999567	0.136313276505	-0.117378358546	0.0223846615867	0.00738317555594	0.197506278659	0.0659275024689	-0.000196280217597	0.0790652382119	0.0
MCT.f.0104	-0.400739270331	0.146389815884	0.0820614392127	-0.0502103642676	-0.00805640848238	-0.0874009820092	-0.011847543437	-0.00439732217047	0.160812390811	0.0768001044954	-0.104073936487	-0.00838551709156	-0.13089317121	0.0305701709588	-0.0709868824644	0.0
MCT.f.0106	-0.350303939145	-0.101129242718	-0.155723807285	-0.00373646056466	0.0637918831241	0.139891040863	-0.0512412049296	-0.0135192038439	0.153246450956	-0.0246475552976	0.0847858164872	-0.124358916715	0.0800630659216	0.00779595269023	0.0934213720679	0.0
MCT.f.0107	-0.217595551183	-0.200733792118	0.273898001094	0.178958225335	-0.00534247428075	0.17086864573	0.106482500302	-0.17751678968	-0.173653346667	0.0139413559258	-0.0364093554668	-0.0125673647275	0.0345663740306	-0.0279724827973	-0.0466855891703	0.0
MCT.f.0108	-0.0494689910287	-0.283371425789	-0.0748019518038	0.0189065407177	-0.208050934516	-0.215856500151	-0.0341627004938	0.0237142031467	-0.112411415785	-0.172054912343	0.00996758133132	-0.024114571732	-0.0745089287635	0.0894110140717	0.0327916071501	0.0
MCT.f.0109	0.0648521939944	0.0343810395305	-0.0797235422189	0.0844623016893	-0.206286927873	-0.105064659837	0.191370797786	-0.0807654702312	0.180341467571	-0.119192801148	0.0266440444343	0.0821539573232	0.0671160468678	-0.102124364196	-0.0437272912663	0.0
MCT.f.0110	0.0187469262352	0.179421582118	-0.0764525549376	0.036135552386	0.0668473165406	-0.184991341313	0.0253207839039	-0.0648505767147	-0.10764339278	0.126646814327	0.211252546659	-0.0733165636172	0.00547473445139	0.0152398361916	-0.0717539784685	0.0
MCT.f.0111	-0.0161382809533	0.0196629334842	-0.288132942614	-0.103578954126	0.107840582077	0.130921956098	-0.118989064956	0.0319848501664	-0.125924558118	-0.0953412007539	-0.022034242051	0.000472397491655	-0.090260142751	-0.140405557901	-0.0411511570895	0.0
MCT.f.0112	0.115721634542	0.0968744349257	-0.259396531765	-0.0314474158492	-0.0296612224069	0.210139746183	0.0258682767983	-0.03043133788	-0.0116848320256	-0.0109241255288	-0.0561367126784	0.0614700404524	0.0632574734693	0.155601996117	-0.0763427130851	0.0
MCT.f.0113	0.207764459962	-0.0505931835822	-0.00243474843017	0.293449481946	0.0308161459775	0.15685334516	0.121423717312	0.0870223070247	0.0672625793139	0.0854257068121	0.0725604889585	0.059973904422	-0.14149886032	0.0128039149019	0.0679908397206	0.0
MCT.f.0114	0.108770994214	-0.250634320868	-0.0422118011867	-0.0715184653408	-0.229289780525	-0.021442671274	-0.166537360357	0.0941848045486	0.0119431121977	0.253011076858	-0.0431269718053	0.011905057136	0.055113973047	-0.0467656113567	-0.0116215808091	0.0
MCT.f.0115	0.160090439691	-0.00498817802227	0.0108292469536	0.330530774983	0.273197104203	-0.169956524149	-0.125535148682	0.0728845822786	0.0362312207116	-0.0442182287512	-0.11942195912	-0.048676332484	0.0698537129475	-0.000422850758937	-0.017115756347	0.0
MCT.f.0116	0.218183822928	-0.246354563388	0.16529756031	-0.307929223892	0.25500517164	-0.0283114067803	-0.0481582441249	-0.140876746469	0.108149874729	-0.0276199594781	0.0507441962781	0.0696537222048	-0.0197401779554	0.0196638413964	-0.0092194317651	0.0
MCT.f.0117	0.131799336377	0.0260187557287	0.148206410268	-0.219638034199	0.011997527564	0.0376710870626	0.261825660199	0.252261298788	-0.0250338572991	-0.033265608499	-0.0332403826843	-0.133030549307	0.0211405729436	-0.00597924076497	-0.016149150748	0.0
MCT.f.0118	0.18542566379	0.236982033363	-0.0424038592021	-0.0920326288551	-0.0567538836891	-0.0582171051193	0.0518739574301	-0.230556996496	-0.0573554122031	0.0598281542087	-0.116298453071	-0.0604459158212	-0.0151877738977	-0.0111530439008	0.126282316094	0.0
MCT.f.0119	0.0988466497513	0.277096121788	0.309309737415	0.0110630260656	-0.17385437447	0.118428989455	-0.273441426706	0.0445491210267	0.0130980771329	-0.110773482414	0.0674041636589	0.00176037380616	0.00957559875034	0.0039327055659	0.00520215796934	0.0

Biplot	0	0

Site constraints	0	0
