Eigvals	17
701.533171113	302.759153232	207.803776385	141.977139344	127.579218238	87.9455186435	74.5137902775	67.8123955534	57.5746847472	43.134181593	40.0591255317	31.3169721974	28.4151750694	23.6603018302	21.4718578689	16.2954327707	0.0

Proportion explained	17
0.355413277513	0.153384939413	0.105278302276	0.0719289728612	0.0646346458925	0.0445552773707	0.0377504464692	0.0343553615881	0.0291686954379	0.0218527953974	0.0202948993516	0.0158659179477	0.0143957989706	0.0119868678584	0.0108781504478	0.00825565120512	0.0

Species	0	0

Site	17	17
sample1	-10.4073522625	0.393654210537	1.51377614235	-3.25354583093	0.867759486271	-5.13574604671	0.332512722856	-1.70799990528	2.59387253399	-0.79776303741	0.221520079615	2.57270268099	-0.374087537271	0.0549792367375	0.141917983283	0.0553960833641	0.0
sample2	-8.95331857175	-1.42304701464	1.0933421654	-0.707136774083	2.35167493366	0.329985129499	0.771440668796	3.16731297059	-0.349200514042	0.294448307232	-1.56180671554	-0.681232295405	3.63254435592	1.14711479758	-0.458215583302	-0.116172876769	0.0
sample3	-4.24021326911	-7.18742540074	-0.930965652904	0.897858401518	0.586126599704	2.48641744837	-3.24162178594	3.61713912955	1.37389047849	-1.39507834509	1.01788447502	0.648647661168	-1.47685316439	-0.736160171486	0.288685400299	-1.32274801843	0.0
sample4	-4.0035070659	-2.56668289724	0.556572114052	-2.69684323611	4.35729951409	0.467728539228	3.14411907542	-0.680946928151	-1.90499348815	1.28897311653	-1.86082963278	-1.60822915421	-2.67145764638	0.0507293648733	0.622824956083	-0.462630872915	0.0
sample5	-4.07822575649	6.00344508623	-0.825437551812	-2.86116301595	-1.13300335106	1.28430590308	1.70564392251	1.19637565929	-3.45374601947	-1.82492494651	3.04489297533	0.264052955213	0.366254197968	-1.09086452461	1.15893649644	0.458378455115	0.0
sample6	-4.64380658034	-4.94017745225	2.00030109136	1.38956882566	-2.26296756392	1.83351304496	1.28752353426	-2.2023319206	-0.604865950419	-0.0615692254074	2.37865802545	-0.317571713317	-0.551530998008	1.68769340997	-2.60120555082	0.672081962732	0.0
sample7	-5.22553339752	7.88808451823	5.96665263848	7.80354381295	1.80742023437	0.557873751373	-1.00389335661	-0.332144201691	-0.0579175642929	0.917688895537	-0.270758291528	0.245359521404	-0.543579673026	-0.641864620165	0.109632098472	-0.0907460237395	0.0
sample8	2.2268491228	-3.18782830251	2.57397738225	-3.20206046435	0.283169166262	2.24384306123	-3.71781862882	-3.88584927878	-0.904391380564	2.52579109146	0.379345436455	0.43142103523	1.51519105763	-0.846591697753	0.988078898031	-0.189184454752	0.0
sample9	-0.506995636644	0.384979964416	-1.40808201192	0.473680008192	-4.30117200475	4.28643325657	2.60880913769	-0.322223798757	3.13126993246	0.0112035892901	-1.82463212691	0.809080496365	-0.104987640714	0.39013031342	1.61479894291	1.14053835017	0.0
sample10	-3.92998070153	4.36848814397	-1.03010481042	-2.51112121542	-4.44004270272	-2.07951681249	-3.14728998445	0.832652711208	1.29270129356	0.647628923966	-0.405089516453	-3.4217845087	-0.74140472845	-0.208131295426	-0.430185644569	0.464530635992	0.0
sample11	10.6547837367	-2.75159230008	6.52449804261	0.606704426113	-1.07823495841	-1.72221800429	0.16104627798	-1.00295904025	-0.35637233711	-3.78439693682	-0.743904669816	-1.22788016312	0.423268991615	0.742381587995	1.00214718038	-0.515695407576	0.0
sample12	10.0348952489	4.637445525	1.8566840637	-3.01831590969	-2.07492279959	0.24114757694	-0.743028988622	2.5399659809	-1.63239188748	1.27991208653	-1.37480658786	2.3989514414	-0.930257878656	1.23069637541	-1.29784632248	-0.581730043848	0.0
sample13	0.185257019107	-4.7676458553	-3.60850080504	3.02861331387	-3.23231364363	-2.20324247673	0.905902959903	-0.477842653895	-2.3869910858	-0.222765354726	-2.13790303134	0.694019008346	0.490271244422	-2.64903951374	-1.03430120927	0.215550855515	0.0
sample14	10.5413558684	-1.40119858297	1.42502156692	0.252094765314	0.870329876282	-1.66162536708	3.30619945759	1.8012763086	2.7513440057	2.45985763723	2.48109804853	-0.691750339312	0.588442901788	-1.3304996762	-0.163560740095	-0.292227183152	0.0
sample15	7.45016270986	1.18016629715	-2.74430977097	-0.632213294382	5.96101546525	0.830086511958	-1.83384860679	0.0158422272245	0.840848753373	-1.56353127991	-0.375231729578	0.0529799908758	-0.176984360707	-0.420785212876	-0.982072664205	2.42488858143	0.0
sample16	2.54911522653	-2.15131306647	-5.95115317744	3.9599708947	0.102549266576	-3.01596304637	-1.12521178523	0.273945873451	-1.54398044157	1.39633857159	1.05856788708	0.237286276201	-0.143817565936	2.30287482892	1.85982174454	0.438498915391	0.0
sample17	2.34651430943	5.52064712666	-7.0122714266	0.470365292595	1.33531248162	1.25697753047	0.589515379452	-2.83221313341	1.21092367133	-1.17181309351	-0.02700462568	-0.406052893133	0.698988444194	0.317336797351	-0.8194559857	-2.29872895852	0.0

Biplot	0	0

Site constraints	0	0
