Eigvals	16
0.694272949025	0.576678136032	0.475203377631	0.412631464534	0.376066144804	0.279564339843	0.255289361364	0.246602854177	0.226772654127	0.187378672983	0.150418813056	0.141116699699	0.124202787801	0.097507224051	0.0902508942052	0.0

Proportion explained	16
0.160193801972	0.133060438628	0.109646553102	0.0952089566644	0.0867720190074	0.064505573144	0.0589044603528	0.056900169945	0.0523246277979	0.0432350159628	0.0347070436569	0.0325607107094	0.0286580613882	0.0224984322987	0.0208241353698	0.0

Species	0	0

Site	16	16
MCT.f.0137	-0.2665575389	0.225007936751	0.0499878385203	0.149192782998	0.0501884922348	-0.175316763226	0.245995098252	0.121918729442	0.0971548840023	-0.0674237431842	-0.100061440001	-0.00279225045244	0.0857503978856	0.0750535290586	0.0472461209828	-0.0
MCT.f.0138	0.112144970681	-0.325038255498	0.0587150186737	-0.0680387203734	0.320733701579	0.225377071779	0.047619715344	0.0653695836505	-0.0490348252849	-0.0522755008861	-0.0304953594778	-0.0258808246681	0.0353045048892	0.051568706909	0.121227874468	-0.0
MCT.f.0139	-0.22141115133	-0.0540626848146	0.0405410555135	-0.0863904356218	-0.167195401546	0.19343883973	0.0904234339318	0.0989303741363	0.020064024901	0.137825547044	-0.017914601917	0.242627792839	-0.00949966971106	-0.0590555558434	-0.0114012294955	-0.0
MCT.f.0141	-0.28218214934	-0.0119060525683	-0.200336610318	0.276475885549	0.0810969963659	0.0291202115569	-0.23953410682	-0.0538628178574	-0.166594737613	0.0189390448774	-0.0750949609892	0.01785308427	0.11730833079	-0.0142870149739	-0.0412801855677	-0.0
MCT.f.0142	-0.025801718477	0.314035506695	0.23665666462	0.0506611747121	0.152547267793	-0.021089590624	-0.133840736011	-0.0483206153257	0.0754012046044	0.121545282568	0.194548870854	0.00478154671246	0.0118195573987	-0.0511300885204	0.101747725061	-0.0
MCT.f.0143	0.0247004160208	0.269299634628	0.192410851826	-0.224524176317	0.143563145887	0.0763028899615	-0.0860883956338	0.0326052355549	-0.0404873261169	-0.0309600306119	-0.0620658012793	-0.00178739202614	-0.0490814568511	0.111367506978	-0.16920831336	-0.0
MCT.f.0144	-0.263815963336	-0.121199254043	-0.185114172986	0.0654106894144	0.189955738152	-0.0384245499865	0.0634620554627	0.00908512007263	0.0810899560889	-0.0989679612958	0.0938396641717	-0.0254997012369	-0.205072982351	-0.0871614354752	-0.0678633569534	-0.0
MCT.f.0145	-0.168955730508	-0.298966020748	0.115744882682	-0.211362965534	-0.088398644992	-0.309417994732	-0.0513913649967	-0.0216956228639	-0.168306875001	0.0341791948252	0.0594097987838	0.0264620579425	-0.0244171716327	0.0709584924366	0.0348086684275	-0.0
MCT.f.0146	0.0236252480743	-0.0821033153106	-0.0443295770548	-0.121118493507	-0.0608174679761	-0.0491771299042	-0.17860321359	-0.150181152731	0.290569627569	-0.000817594070688	-0.187758435508	-0.000979056669145	-0.0316679688499	-0.00849178870887	0.0561348241092	-0.0
MCT.f.0147	0.126697587697	-0.147877895562	0.282161601447	0.192086232553	-0.187401490751	0.0539390409215	-0.00170754626598	-0.109765046966	0.0456936763242	-0.249592078465	0.0854153590942	0.0508775704221	0.0588642046623	-0.00721147941566	-0.0519405396299	-0.0
MCT.f.0148	0.0727943294131	0.133469734401	-0.107681694658	-0.298631255273	-0.0555116918283	-0.0327141720982	0.00174378771777	0.109104740648	-0.0687833163056	-0.125486763783	-0.00519815536197	-0.0754329349682	0.116968104881	-0.182662016228	0.00602359012861	-0.0
MCT.f.0149	0.269801040538	0.282491252238	-0.24330816796	0.0295110175951	-0.085416795899	0.0129083316958	0.0405750246099	-0.112850042585	-0.160044177006	-0.0899466233276	-0.0154267112438	0.101759806516	-0.120881116	0.052944695149	0.100544388598	-0.0
MCT.f.0150	0.439754311433	-0.0910918303693	0.116868361932	0.234464118689	-0.00100422119158	-0.12941263473	-0.0304174423948	0.214079351132	-0.0325537309132	0.114831215464	-0.0922783619889	-0.0120718642905	-0.0713181427057	-0.0671086533464	-0.0347709452962	-0.0
MCT.f.0151	-0.151534158666	0.016008874783	-0.0343679114012	0.044150372145	-0.314510014377	0.174131547466	-0.0408938431593	0.120296546971	0.00256832796746	0.046070396176	0.0450532640437	-0.218891377425	-0.0594635373339	0.0722293305993	0.0351547191711	-0.0
MCT.f.0152	0.263177477639	-0.0814839473838	-0.340151744794	-0.0366986549856	0.0131586230236	-0.0409112674677	0.0323044881961	0.0262718180738	0.146019591665	0.0803789866301	0.15472470982	0.0298397893454	0.120648841611	0.0954413377538	-0.0745392511958	-0.0
MCT.f.0153	0.0475630290606	-0.0265836831989	0.0622036039592	0.00481242795691	0.00901176352463	0.0312461696574	0.240353045358	-0.300986201352	-0.0727563048814	0.16170062804	-0.0466978390005	-0.110866246311	0.0247381033172	-0.0524555663729	-0.0518840894476	-0.0

Biplot	0	0

Site constraints	0	0
