Eigvals	14
0.856941536281	0.326526445971	0.282788442966	0.164857304969	0.068895997243	0.0167956968954	0.0108454574792	0.0026070818697	0.0	0.0	0.0	0.0	0.0	0.0

Proportion explained	14
0.495268078097	0.188715470656	0.163437157293	0.0952790326239	0.0398183384729	0.0097070478784	0.00626811591501	0.00150675906393	0.0	0.0	0.0	0.0	0.0	0.0

Species	0	0

Site	14	14
MCT.f.0123	-0.145237002715	0.185472929872	0.267360974352	-0.189283671209	0.121226247192	0.00253559473325	0.00484170260617	-0.0119531225311	-0.0	0.0	0.0	0.0	0.0	0.0
MCT.f.0124	-0.239749868723	0.247575259502	0.0404932654606	0.018150442934	-0.0797389146275	-0.00878971073804	-0.050937545731	0.00450720043376	-0.0	0.0	0.0	0.0	0.0	0.0
MCT.f.0125	-0.257234958693	0.193705583684	-0.016436065887	0.0787598370503	-0.072262192469	-0.0180202088557	0.0525790041698	-8.24821093486e-06	-0.0	0.0	0.0	0.0	0.0	0.0
MCT.f.0126	-0.297558837982	0.0804751140825	-0.135364342334	0.0807291737392	0.0769089768341	0.0373956761163	0.00742235089678	0.0151254781511	-0.0	0.0	0.0	0.0	0.0	0.0
MCT.f.0127	-0.250417220117	-0.0705372902199	-0.180848634189	0.0938923341838	-0.00858810109094	-0.0306315616687	-0.0260173904159	-0.0180996386411	-0.0	0.0	0.0	0.0	0.0	0.0
MCT.f.0128	-0.19491065135	-0.220384392517	-0.0903399545632	-0.0352654186512	0.0536398580147	0.000716192544781	0.048576844249	-0.00152564955877	-0.0	0.0	0.0	0.0	0.0	0.0
MCT.f.0129	-0.162013918432	-0.240959586895	-0.0490355980711	-0.0732701330956	0.0526236735276	0.0170748568433	-0.0460914319733	0.00313608809863	-0.0	0.0	0.0	0.0	0.0	0.0
MCT.f.0130	-0.0476935733138	-0.206432829846	0.153966041878	-0.09035642775	-0.106847658279	-0.0430089046824	0.00226572336583	-0.00223920842098	-0.0	0.0	0.0	0.0	0.0	0.0
MCT.f.0131	0.0668855125194	-0.115187004421	0.20167673165	0.0832260455069	-0.078923813688	0.0676773354071	0.00454610075907	0.0111219411392	-0.0	0.0	0.0	0.0	0.0	0.0
MCT.f.0132	0.21937889916	-0.0703066707532	0.182240381434	0.160759145946	0.0526833463125	-0.0367145478209	-0.000949578543111	0.012719370242	-0.0	0.0	0.0	0.0	0.0	0.0
MCT.f.0133	0.336770891108	0.0173410308303	-0.00845863653322	0.0954709380663	0.00843000779229	0.00333409972318	0.00435241431714	-0.0331721342809	-0.0	0.0	0.0	0.0	0.0	0.0
MCT.f.0134	0.387090176664	0.0866804685114	-0.0674376199706	0.0510637770355	0.0338402403045	0.0372083207381	-0.0103917766363	-0.00226065866128	-0.0	0.0	0.0	0.0	0.0	0.0
MCT.f.0135	0.354187005451	0.067546673987	-0.123969927409	-0.0648592472629	0.0365265136285	-0.0600553256913	0.000157612406732	0.0218807092346	-0.0	0.0	0.0	0.0	0.0	0.0
MCT.f.0136	0.230503546424	0.045010714183	-0.173846615818	-0.209016796493	-0.0895181834511	0.0312781833511	0.00964597052913	0.000767873005916	-0.0	0.0	0.0	0.0	0.0	0.0

Biplot	0	0

Site constraints	0	0
