Eigvals	13
0.661255364788	0.474074420558	0.337270658541	0.177422979305	0.0756962803519	0.0324589643419	0.0243706053863	0.00992058665036	0.0	0.0	0.0	0.0	0.0

Proportion explained	13
0.368907382809	0.264481111319	0.188159737623	0.098982405937	0.0422301551867	0.0181085133243	0.0135961033048	0.00553459049559	0.0	0.0	0.0	0.0	0.0

Species	0	0

Site	13	13
MCT.f.0004	-0.110911545884	0.049862440778	0.322943703602	-0.17380333743	0.0985414288407	-0.0226044712423	0.023756267211	0.0152767478401	-0.0	0.0	0.0	0.0	0.0
MCT.f.0005	-0.26344943241	0.0872539118351	0.264006638039	0.00935392126289	-0.0446134031994	-0.00306795116894	-0.0653322447114	-0.00209507645316	-0.0	0.0	0.0	0.0	0.0
MCT.f.0006	-0.310479808486	0.0551661159969	0.062303746645	0.0985757248716	-0.0136751945543	0.0732259987871	0.0627781014362	-0.028339097753	-0.0	0.0	0.0	0.0	0.0
MCT.f.0007	-0.327185445575	0.00590918281884	-0.121169531485	0.110667550425	-0.0235294346524	-0.0813136801847	0.0138038760152	0.0208497132661	-0.0	0.0	0.0	0.0	0.0
MCT.f.0008	-0.25512371107	-0.0720305460318	-0.209664128582	0.0449510697906	-0.0213787679276	0.0303272053271	-0.0636715105452	-0.0090293195642	-0.0	0.0	0.0	0.0	0.0
MCT.f.0009	-0.0993881478206	-0.178926059328	-0.205730355626	-0.0731764874006	0.0796823418709	0.0146405375305	0.066285161504	0.0216147703592	-0.0	0.0	0.0	0.0	0.0
MCT.f.0010	0.0658904166716	-0.225656109385	-0.108935916423	-0.157389019268	0.0416949983911	-0.0591200782433	-0.049392029963	-0.0107214908265	-0.0	0.0	0.0	0.0	0.0
MCT.f.0011	0.181268310378	-0.239459907686	0.0284057075419	-0.0941393298786	-0.03907980228	0.0999598610625	-0.0209569810729	-0.00897056183586	-0.0	0.0	0.0	0.0	0.0
MCT.f.0012	0.256803074407	-0.213214114139	0.109729780962	0.0463389910933	-0.137316833583	-0.0388569494868	0.0541553326836	0.00541612155298	-0.0	0.0	0.0	0.0	0.0
MCT.f.0013	0.263050172057	-0.0935618992725	0.0838519370103	0.190573283154	0.038776572325	-0.0434758268233	-0.0107251794898	-0.0351250253391	-0.0	0.0	0.0	0.0	0.0
MCT.f.0014	0.262355252495	0.125228774299	0.00478398096084	0.155063775939	0.0680851795141	0.0431293586867	-0.029009986399	0.0655281132779	-0.0	0.0	0.0	0.0	0.0
MCT.f.0016	0.208075412959	0.3280832435	-0.108514248107	-0.0102541269199	0.092755925841	-0.00580947788316	0.0125259649296	-0.0450589656189	-0.0	0.0	0.0	0.0	0.0
MCT.f.0017	0.129095452279	0.371344966615	-0.122011314538	-0.146762015639	-0.139943010586	-0.00703452636144	0.00578322840162	0.0106540710944	-0.0	0.0	0.0	0.0	0.0

Biplot	0	0

Site constraints	0	0
