Eigvals	10
0.485044838161	0.42720561179	0.378889910565	0.349831962612	0.286596616235	0.2351459233	0.167717438779	0.154379582228	0.124828939962	0.0

Proportion explained	10
0.185866512268	0.163702839073	0.145188528296	0.134053682577	0.109822245897	0.0901066235515	0.0642683994136	0.0591574061954	0.0478337627278	0.0

Species	0	0

Site	10	10
sample1	-0.230499865351	-0.0647586991213	0.232653192392	0.00118582190989	-0.283570059356	0.198859544779	-0.138830322162	0.0916284882639	-0.0496322115172	0.0
sample3	0.089563082115	-0.298593783169	0.141190550902	-0.126263012484	0.244004363328	-0.0585446165325	-0.179337074025	0.0165725880878	0.141641090769	0.0
sample4	0.202670846166	0.304203472797	-0.0958467143957	-0.0473048312833	-0.0523417096405	0.144332981321	0.0708770619128	0.117098422072	0.209359907809	0.0
sample5	-0.110772472413	0.270214215605	0.394156779504	0.0422279815704	0.0513915690077	-0.165653667109	0.101575861529	-0.124180193102	0.0128912723405	0.0
sample8	-0.336670748492	0.131291119935	-0.183706439838	-0.0423034728252	0.197699457271	-0.106764922265	0.00150309457049	0.205670504404	-0.0954025581685	0.0
sample9	-0.302912854909	-0.119822758098	-0.203625830318	-0.0234333112806	0.0666888113988	0.18949138052	0.0952489511839	-0.223813955959	0.0492465681486	0.0
sample10	0.338508616263	-0.08713977367	0.0973064890382	0.0231930527241	0.161641096248	0.187342292924	0.124905228287	0.0310275010217	-0.186879776619	0.0
sample11	0.19220759268	0.172302414449	-0.177361394103	-0.278764288561	-0.124298679132	-0.10194010747	-0.155007333128	-0.134739016295	-0.106124540619	0.0
sample12	0.0520759784149	-0.315222526143	-0.0625108153464	-0.0457207266958	-0.235580476135	-0.213867053364	0.196235439605	0.059617477733	0.0243302810371	0.0
sample14	0.105829825526	0.00752631741498	-0.142255817836	0.497182786926	-0.0256343729908	-0.0732558328049	-0.117170907773	-0.0388818162262	0.000569966821243	0.0

Biplot	0	0

Site constraints	0	0
