Eigvals	11
0.76969670638	0.430643534747	0.19044376359	0.103256262827	0.0300937245233	0.0088819805684	0.00419300742913	0.00121043057415	0.0	0.0	0.0

Proportion explained	11
0.500316559358	0.279925962822	0.123791836136	0.0671184087465	0.0195614565931	0.00577344546421	0.00272552946234	0.000786801418248	0.0	0.0	0.0

Species	0	0

Site	11	11
MCT.f.0056	-0.299298162346	0.187038449907	0.223406960523	-0.0656436923877	0.0150820895414	0.0546355712271	-0.00187210490929	-0.00191839828739	0.0	0.0	0.0
MCT.f.0057	-0.302223231729	0.142933964956	0.114357277978	-0.00834725335257	-0.00590959765187	-0.0628782061112	0.016215599688	0.0108279775963	0.0	0.0	0.0
MCT.f.0058	-0.277301016696	0.0706382137449	-0.0566432223437	0.0889625894115	0.0157719550629	-0.0123694570242	0.00249885746752	-0.025866166539	0.0	0.0	0.0
MCT.f.0059	-0.248064286591	0.00123413711921	-0.103294004714	0.10762359696	-0.033467561841	0.0115971439516	-0.0401807571097	0.0148530772505	0.0	0.0	0.0
MCT.f.0060	-0.174785641453	-0.16646059465	-0.169327200494	-0.00655833725145	-0.0392072422814	0.0144595222484	0.0360292283852	0.0061262329536	0.0	0.0	0.0
MCT.f.0061	-0.0649900649389	-0.305681000881	-0.119586123973	-0.0346974186097	0.0716505400277	0.00399240971098	-0.00695198175234	-0.00351561869067	0.0	0.0	0.0
MCT.f.0063	0.126305002536	-0.390341266593	0.18137110696	-0.112138056401	-0.0414627506926	-0.00941885825118	-0.00834708475335	-0.00211133483264	0.0	0.0	0.0
MCT.f.0065	0.38773449661	-0.0556963556066	0.136645182485	0.197371784112	0.0669440483869	-0.000358697656316	0.00741981727811	0.00481473716767	0.0	0.0	0.0
MCT.f.0066	0.342687219709	0.125938959558	-0.0271171061565	0.045902640427	-0.0953552824492	0.0217404064271	0.0140511220034	-0.00314151396933	0.0	0.0	0.0
MCT.f.0067	0.285218759885	0.167310291781	-0.0572276752588	-0.0752316612392	-0.029187840992	-0.0285924646244	-0.0245859168088	-0.00753221345509	0.0	0.0	0.0
MCT.f.0068	0.224716925015	0.223085200665	-0.122585195005	-0.137244191669	0.0751416428893	0.00719263010218	0.00572322051134	0.00746322080607	0.0	0.0	0.0

Biplot	0	0

Site constraints	0	0
