Eigvals	5
0.435501569284	0.271109865868	0.206978364857	0.173496931427	0.0

Proportion explained	5
0.400613453086	0.249391201298	0.190397287421	0.159598058195	0.0

Species	0	0

Site	5	5
sample3	-0.1358922541	0.140317327725	0.122030716466	0.326125959303	-0.0
sample4	-0.175662395195	0.213387229053	0.195457400076	-0.255619333175	-0.0
sample8	-0.123624623335	-0.447403516574	0.0688134926561	-0.0253152224926	-0.0
sample11	-0.154031165254	0.0726094266057	-0.386196797104	-0.0308283997943	-0.0
sample14	0.589210437883	0.0210895331913	-0.000104812093662	-0.0143630038404	-0.0

Biplot	0	0

Site constraints	0	0
