Eigvals	9
0.554016207618	0.342464398094	0.157666347231	0.0651650795893	0.0105467748919	0.00776266397022	0.0	0.0	0.0

Proportion explained	9
0.486995210224	0.301035455734	0.138592977714	0.0572818650385	0.00927089999362	0.00682359129588	0.0	0.0	0.0

Species	0	0

Site	9	9
MCT.f.0582	-0.0863508246541	0.351220684857	0.0133382537489	-0.0545830315951	-0.0376661290437	-0.0114862033958	0.0	0.0	0.0
MCT.f.0583	-0.0710704791911	0.347441109576	-0.0452519581257	0.041780737105	0.0130611293496	0.0202181265204	0.0	0.0	0.0
MCT.f.0585	-0.283884421337	-0.0681413011016	0.0445024475348	0.110734578371	0.0334505147037	-0.0533134444253	0.0	0.0	0.0
MCT.f.0586	-0.338069888631	-0.150949295277	0.0458156355837	0.0430381631795	-0.0016992444217	0.0395106240112	0.0	0.0	0.0
MCT.f.0587	-0.244545322054	-0.208624571231	0.0290186519266	-0.142447413209	-0.0263616098999	0.00612915983565	0.0	0.0	0.0
MCT.f.0590	0.121203987918	-0.080337983067	-0.317728088127	-0.0631152154595	0.0315408350227	-0.00856804999973	0.0	0.0	0.0
MCT.f.0592	0.286437962654	-0.128520275247	-0.0633501243983	0.138507008959	-0.0441496960569	0.0220873603933	0.0	0.0	0.0
MCT.f.0593	0.317826955574	-0.0666870670859	0.111913289542	-0.0287408576103	-0.027042968638	-0.0397961956937	0.0	0.0	0.0
MCT.f.0595	0.298452029721	0.00459869857617	0.181741892314	-0.0451739697395	0.0588671689842	0.025218622754	0.0	0.0	0.0

Biplot	0	0

Site constraints	0	0
