Eigvals	15
0.658791493194	0.580479431491	0.484531828643	0.41334521442	0.365284742737	0.290748020762	0.258606162492	0.233001796418	0.227678063324	0.164390964813	0.150839208669	0.119409226495	0.107404721475	0.0780165505498	0.0

Proportion explained	15
0.159416121266	0.140465959865	0.117248303219	0.10002237659	0.0883925755665	0.0703559809354	0.06257820841	0.0563823956694	0.0550941445469	0.0397797637831	0.0365004737146	0.0288949628642	0.0259900807463	0.0188786528236	0.0

Species	0	0

Site	15	15
sample1	-0.306190784502	0.169034542244	0.093606550872	-0.108238326156	0.0111326316326	-0.21700920882	0.225912355629	0.136906305947	0.117214931867	-0.0818162037002	0.0765113661858	-0.0468886443232	-0.0957360536039	-0.0301432190496	-0.0
sample2	0.131500824399	-0.327177220895	0.042418615314	0.0773888217357	-0.345499665092	-0.0225676463506	-0.1334712768	0.170814356042	-0.0258302796932	-0.0703334094217	0.00208143932948	0.0276592720547	-0.075916265271	-0.0831904971686	-0.0
sample4	-0.0233063942607	0.114745258774	-0.158821334823	-0.0936160319011	-0.127685266583	0.345670933927	0.158484891756	-0.00731568324288	6.37789088789e-05	0.1512131205	0.0493057952898	-0.0595365355235	-0.018489515438	-0.0863312220922	-0.0
sample5	-0.316002610686	-0.0493221470541	-0.184377696701	-0.220518199365	-0.0311680313723	-0.0438872678041	-0.186720200735	-0.147577511484	-0.200814906207	-0.0824832808556	0.0555720146079	-0.112736918758	0.00526726015769	0.0225355923725	-0.0
sample6	-0.0744958388396	0.269963174854	0.280901443032	-0.031207666005	-0.119498877287	-0.0766067995979	-0.0876020659453	-0.173657910477	0.0387662130603	0.0533595926116	-0.204824374426	0.0257307039226	0.0340933521071	-0.0871504108966	-0.0
sample7	-0.00270811674829	0.2473123245	0.227179338552	0.216522434465	-0.14744699201	0.0787415881535	-0.0655480977224	0.0143978505711	-0.0510588151711	0.0522030871935	0.0943903733835	-0.0157326965336	-0.0567508965464	0.174547815704	-0.0
sample8	-0.284129040504	-0.148795469987	-0.183782276227	-0.0196712621471	-0.149443560958	-0.0261293830199	0.0789555512878	0.0426462551668	0.0976340521455	0.0403269657756	-0.0480366311277	0.14704890252	0.165173705947	0.0902697790967	-0.0
sample9	-0.139511984154	-0.343108347161	0.137097224225	0.216605738347	0.173529423505	0.0317500107518	0.202607124896	-0.12716428426	-0.183994553104	0.00930567776034	-0.0647466425352	0.0407447575445	-0.0682200920474	-0.0055980017361	-0.0
sample10	0.026527316643	-0.0971911773076	-0.0150091301875	0.134669091602	0.107902390818	0.0308054020073	-0.110493958614	-0.218311556825	0.265321281476	-0.0498878159	0.180163802942	0.0468572104601	-0.00518393541153	-0.0455563123761	-0.0
sample11	0.141048857432	-0.146409714407	0.243395660488	-0.24638490352	0.13302110604	0.21928190089	0.000473509157867	0.0724896413507	0.102510835972	-0.158318053416	-0.0877094549101	-0.0664055877383	0.0465497014695	0.0648897772668	-0.0
sample12	0.0654146825657	0.122520184511	-0.0456391216976	0.315730583095	0.101929963109	-0.0399380140727	0.00337412339329	0.121767837895	-0.068178308424	-0.0598939135597	0.0168121015716	-0.128483075723	0.186410272344	-0.0637009828168	-0.0
sample13	0.221996222283	0.318811588147	-0.22848520672	-0.0191695301853	0.077006627643	0.046992059306	0.0213461525277	0.00758674580102	-0.114600611832	-0.175412581257	-0.0270105662046	0.180846177878	-0.0513844143142	-0.00783646116599	-0.0
sample14	0.43235813047	-0.0727792812943	0.117583763256	-0.236930006329	-0.00244239830214	-0.196179975566	0.0923815235066	-0.0505267098665	-0.101631077711	0.122444987208	0.12705544586	0.0241305660283	0.0738233386902	0.00660838625958	-0.0
sample15	-0.126479604189	-0.00799477215757	-0.00346871062896	-0.0556274017831	0.30700189268	-0.00190989002229	-0.221028389659	0.205598933281	-0.00354991650631	0.187175427758	-0.012615765575	0.0621865306032	-0.0474001799712	-0.0207822116055	-0.0
sample16	0.25397834009	-0.0496089427667	-0.322599118755	0.070446658148	0.0116607561762	-0.129013709781	0.0213287573212	-0.0476542698994	0.12814737522	0.0621163993029	-0.156948904391	-0.125420662411	-0.0922362781116	0.0714379682077	-0.0

Biplot	0	0

Site constraints	0	0
