Eigvals	13
0.567764963574	0.536232162079	0.467993774404	0.341481573382	0.272500965599	0.233488275086	0.212470201344	0.198689894293	0.164516584489	0.114174837924	0.0943450758575	0.0722853950828	0.0

Proportion explained	13
0.17331340677	0.163687844077	0.14285769745	0.104239145825	0.0831824323905	0.0712735920534	0.0648577083733	0.0606511931521	0.0502196006398	0.0348525030559	0.028799358111	0.0220655181022	0.0

Species	0	0

Site	13	13
sample1	-0.10214423714	0.121338787873	0.178793892322	-0.135892337404	-0.029650348706	-0.119660768887	-0.256400950908	-0.00386717132628	0.226432126338	0.0296755850923	0.0755552482901	-0.00827388786801	-0.0
sample2	-0.252590895643	0.0584315774087	0.202213039856	0.179930732493	0.0944470379903	-0.121414183373	-0.100616799963	0.00447241117777	-0.265522434082	0.0566276517535	0.0436140623704	-0.0112369183654	-0.0
sample3	-0.0923666557601	0.264345031877	-0.291639228117	0.127283419494	0.0399178873404	-0.0835443631715	0.064540469392	-0.0760159705605	0.0494073482935	-0.101601261549	-0.0166158410845	-0.160405260878	-0.0
sample4	0.13238457435	0.330227110458	-0.177647559626	0.0498816295916	-0.0170914304905	-0.142078095325	0.112225707403	0.108185576754	0.00949212375457	0.0117322837065	0.0324541632296	0.169081983051	-0.0
sample5	-0.207578270522	0.041076737432	0.0302134961769	-0.213511680721	-0.202410604511	0.0509282012354	0.0693967936578	0.253931561385	-0.0423714676821	0.0458427963697	-0.109122771966	-0.056652178118	-0.0
sample6	-0.168408185291	-0.243007590502	0.0797579045982	-0.0113798895604	-0.200559755981	0.0239924005584	0.184283483966	-0.0704601926494	0.00804698855379	-0.0981329208432	0.175392349881	0.0155045969124	-0.0
sample7	0.315497583751	0.0911513663696	0.229363119679	0.191247057034	-0.220011965666	0.0504545699811	0.0512487973032	-0.157223766575	0.0260603555066	0.11440178478	-0.0750702625962	-0.0254316724498	-0.0
sample8	0.277690989315	-0.249884843474	-0.243459037814	0.0413043321695	-0.147947438121	0.000748634265666	-0.246800670211	0.050510900578	-0.0950982351075	-0.106338715534	-0.0169025207619	0.0128366095015	-0.0
sample9	0.183975279806	-0.362787518127	-0.0872458100265	0.0543995050928	0.19566404274	-0.0954860242562	0.0966497989294	0.122534388736	0.0764103419775	0.148341770288	0.0427901752363	-0.057903542115	-0.0
sample10	-0.237831004809	0.0276792264744	-0.188468129175	0.137050921742	0.0775861252242	0.352963854879	-0.0702831051679	-0.0174742183053	0.0562486038205	0.0774825141009	0.0162743447068	0.051046633507	-0.0
sample11	-0.149453054645	-0.201513239257	0.190103076197	0.101401890991	0.137426536303	-0.0533021428292	0.0426105146032	-0.0202761943364	0.0943735911445	-0.138643024684	-0.17140848135	0.0734711683349	-0.0
sample12	-0.0247691233394	-0.0549962040024	-0.157277827914	-0.360442249115	0.0693282627722	-0.0451641897207	0.0231963570093	-0.255027420259	-0.0863484710154	0.0683207847665	-0.0501140370394	0.0317838802851	-0.0
sample13	0.325592999928	0.177939557471	0.235293063843	-0.161273331808	0.203301651104	0.181562106644	0.029949603986	0.06071009538	-0.057130871502	-0.107709248248	0.0531535710831	-0.0338214117971	-0.0

Biplot	0	0

Site constraints	0	0
