Eigvals	15
0.95522759878	0.610249370849	0.507019569473	0.445545720743	0.423854850521	0.361229579003	0.267326489164	0.23698455303	0.203215767516	0.167357627323	0.134681605963	0.115669447379	0.0	0.0	0.0

Proportion explained	15
0.21570674665	0.137804756269	0.114493699678	0.100611852116	0.0957136822412	0.0815718236994	0.0603668982602	0.0535151695843	0.045889599646	0.0377922176484	0.0304134125657	0.0261201416425	0.0	0.0	0.0

Species	0	0

Site	15	15
sample1	-0.388974608171	0.181456596636	0.0132332437392	-0.13627197242	0.15489141197	-0.0582633700504	-0.116209009081	-0.0282158660793	-0.0405783802555	-0.0788857058204	-0.0279662502797	-0.0304004537518	-0.0	-0.0	-0.0
sample15	-0.388974608171	0.181456596636	0.0132332437392	-0.13627197242	0.15489141197	-0.0582633700504	-0.116209009081	-0.0282158660793	-0.0405783802555	-0.0788857058204	-0.0279662502797	-0.0304004537518	-0.0	0.0	0.0
sample2	-0.323261936887	-0.140263593928	-0.00470938348752	0.0143418733146	-0.0768750655395	-0.0562597179214	0.064172275026	-0.0574302887632	0.127121435595	0.12390024948	0.0290147797952	0.0844567230834	-0.0	0.0	-0.0
sample16	-0.323261936887	-0.140263593928	-0.00470938348752	0.0143418733146	-0.0768750655395	-0.0562597179214	0.064172275026	-0.0574302887632	0.127121435595	0.12390024948	0.0290147797952	0.0844567230834	-0.0	-0.0	-0.0
sample3	-0.136317708069	0.234926677739	-0.135057158593	-0.0601842791449	-0.23479498111	0.12172206336	0.173075385868	0.215675588615	-0.182045483353	0.127184253134	-0.0351096197183	-0.0599094498307	-0.0	-0.0	-0.0
sample5	0.171028852617	-0.0169395552837	0.0639997240009	-0.0460278208621	0.4114531574	0.348562618761	0.0725432489828	0.116643112341	0.0988613044087	0.0543662170622	0.0102995459654	0.0340329857565	-0.0	-0.0	-0.0
sample6	0.290541012454	0.0586706552682	0.180904925718	-0.306463164534	-0.0861618783025	-0.133164081337	0.0846106882749	-0.00530921486547	0.0997068506519	-0.0220895138904	0.196972589532	-0.122891540414	-0.0	-0.0	-0.0
sample7	0.233749570129	0.307109934736	-0.26747421218	0.0911586710821	-0.172110548831	0.221392382749	-0.166270828085	-0.219353258796	0.0949735838673	0.0155252734001	0.0201969563439	-0.0104469644342	-0.0	-0.0	-0.0
sample8	-0.0880168928192	0.0363224123878	0.196329346772	0.250698171415	-0.103621538955	0.112969089496	0.232444074787	-0.0711286747556	-0.04394388896	-0.252226919381	0.0332721684115	0.052683269579	-0.0	-0.0	-0.0
sample9	0.0362280338914	-0.331842400894	0.0539596281591	0.0737864524553	-0.00975802305781	0.0273921469289	0.0389153107937	-0.106757333965	0.0326127942461	0.0199478175237	-0.183504300868	-0.220372311436	-0.0	-0.0	-0.0
sample10	0.0716752296446	0.0543341298649	0.326282709618	0.361229619693	-0.034662635292	-0.07275863513	-0.247009849721	0.15538292702	-0.0235309908713	0.0829284508339	0.0563702596524	-0.0246611509514	-0.0	-0.0	-0.0
sample11	0.130523918391	-0.25156047816	-0.122349428782	-0.165831106862	-0.208126482651	0.023174719991	-0.154320098891	0.225357576838	0.0979970150731	-0.164903335761	-0.0793525178124	0.0811892793454	-0.0	-0.0	-0.0
sample12	0.336847499707	0.232217956771	-0.193190018737	0.144309960094	0.165087875651	-0.350349023316	0.138962857273	0.0454764198427	0.0703574470849	-0.00602087754889	-0.104650220083	0.041486632806	-0.0	-0.0	-0.0
sample13	0.331444330453	-0.0650671230787	0.233504560472	-0.204384691666	-0.0228306092607	-0.0188187812526	-0.0356143141022	-0.163127668059	-0.219809737878	0.0761016306236	-0.0851883719966	0.137984548487	-0.0	-0.0	-0.0
sample14	0.0467692437165	-0.340558214767	-0.353957796952	0.105568386539	0.139492971548	-0.0510763243061	-0.0332630070702	-0.0215671645306	-0.198265004949	-0.0208420833149	0.168596451542	-0.0172078375702	-0.0	-0.0	-0.0

Biplot	0	0

Site constraints	0	0
