Eigvals	12
260.962292392	155.494539627	113.583971109	105.039383227	58.2280889003	47.6079954515	34.9621260136	32.9724713184	24.6926962546	21.0905558148	13.3683757612	0.0

Proportion explained	12
0.300646937807	0.17914065958	0.130856733304	0.121012766353	0.0670828588367	0.0548477633165	0.0402788312015	0.0379866088811	0.0284477249457	0.0242978054961	0.0154013102783	0.0

Species	0	0

Site	12	12
sample1	-0.0723846174129	6.59769760946	0.0401996743495	5.83112258016	3.5501644175	0.0826596488642	-0.820465655417	-0.24389280489	-0.185409672526	-1.06072116985	-0.52461535508	-0.0
sample2	-1.74477183582	-0.662029665773	-4.62922262728	0.899660383964	-1.86096091612	-2.1274653675	-2.37473272462	0.718037281801	2.85919245279	0.710916967984	-0.507873283424	-0.0
sample3	-0.722417010251	2.00814780986	4.65903253178	3.40311074285	-4.93786067293	-1.25818191497	1.75645159255	0.682772135507	0.0436168576423	-0.295736578417	0.620221109481	-0.0
sample4	-5.82307991469	-3.42133259042	1.1101252401	-0.455839014741	0.00089028271559	-2.69360163904	-1.92290103964	-0.959529445723	-3.04053383727	0.24388474731	-0.687196149738	-0.0
sample5	-6.00621402812	-6.14660391963	2.85329221338	0.674933427286	2.22331236523	2.07632517598	-0.282753061163	1.36365093258	1.34459507688	-1.10736552847	1.12072358546	-0.0
sample6	2.1147744777	-3.90802746895	0.441583568736	0.983411795135	-0.368351201815	1.88859650119	1.98160457196	-2.43757621078	0.788955751699	0.162686740007	-2.295471588	-0.0
sample7	1.94659962455	-1.84230915123	-5.12374899722	3.10487937226	-0.171044223158	1.65910743368	0.956771172367	-0.599395402819	-1.43625818957	1.87766620958	1.68070563564	-0.0
sample10	5.53022291721	0.0397072358086	-1.41073570716	-2.94402953243	-0.844311710179	-0.48005777853	-0.822353486026	-2.49168150571	0.0880938921211	-2.80766207259	1.15982326874	-0.0
sample11	6.81391645642	-0.275206295678	3.93649517786	-2.01245893714	3.01498355348	-2.78789763293	0.544438648764	-0.0633569417126	0.889652332746	1.95966456508	0.531984581363	-0.0
sample12	0.751866192062	3.98807684032	2.63621530291	-3.19742135705	-1.47203202289	3.93110752945	-2.6911005712	0.197570236188	-0.303183679571	1.27606952573	-0.187593045916	-0.0
sample13	5.59432469265	-1.08732424023	-2.21099720507	-1.61564177056	0.0285259250329	0.0863557355357	0.843247567091	4.06739026558	-1.33129756912	-1.08090690848	-0.979873141416	-0.0
sample14	-8.3828369543	4.70920383646	-2.30223917238	-4.67172768973	0.836684203127	-0.376947691739	2.83179298534	-0.233988540022	0.282576584181	0.121503502105	0.0691643828847	-0.0

Biplot	0	0

Site constraints	0	0
