Eigvals	10
0.466495306218	0.368835447873	0.255979694878	0.132910071199	0.122166392084	0.0992578905437	0.0662969636486	0.0361981163632	0.0	0.0

Proportion explained	10
0.301326328065	0.238244264597	0.165346618688	0.0858514612761	0.0789117271901	0.0641142907343	0.0428236262013	0.0233816832479	0.0	0.0

Species	0	0

Site	10	10
MCT.f.0461	-0.0691891861891	0.353643134021	0.262716026888	0.149176302128	0.0174633784993	0.0201035803586	0.022727796671	0.000138404261567	0.0	0.0
MCT.f.0462	-0.224569018785	0.315352013024	-0.0770845623045	-0.150961592866	-0.0557281662891	-0.0647003842941	-0.035472075594	0.00907230517985	0.0	0.0
MCT.f.0463	-0.159074631058	0.0134999303985	-0.301212298418	-0.0364807375823	0.0243166701334	-0.028503105439	0.0189068118637	0.0276691947824	0.0	0.0
MCT.f.0464	-0.0286509016691	-0.0208960261876	-0.209309294742	0.179653960247	0.0602371252241	0.120010461151	0.0784035747824	-0.0396629310418	0.0	0.0
MCT.f.0467	-0.154340595105	-0.260750164107	0.113817694451	0.0703592026185	0.0907194045168	-0.17457588233	0.0360383285865	0.0731373498827	0.0	0.0
MCT.f.0468	-0.146753656858	-0.18682584331	0.07794518848	-0.0166337249539	-0.0421727900947	-0.047289059699	-0.063611162184	-0.150243159889	0.0	0.0
MCT.f.0470	-0.103051306566	-0.159394997923	0.164471170502	-0.182525350088	0.00903967814459	0.185318230665	0.0716744996829	0.0311666385944	0.0	0.0
MCT.f.0472	0.297215299134	0.0200603939623	-0.00936145607598	-0.037333122523	0.203123405512	0.035852090798	-0.150770481168	0.0127153147983	0.0	0.0
MCT.f.0473	0.478220081247	0.0408007971065	-0.00512661442858	-0.0713477981051	-0.0638821351325	-0.0939722373812	0.121864658098	-0.0271279918272	0.0	0.0
MCT.f.0475	0.11019391585	-0.115489236985	-0.0168558543517	0.0960928611246	-0.243116570514	0.0477563061701	-0.099761950739	0.0631348752587	0.0	0.0

Biplot	0	0

Site constraints	0	0
