Eigvals	6
550.122831461	262.6571299	104.159104624	79.0035127576	47.7559531118	0.0

Proportion explained	6
0.527089781839	0.251659959158	0.0997980752536	0.0756957208872	0.0457564628618	0.0

Species	0	0

Site	6	6
MCT.f.0089	-0.889900659773	4.09916963418	-6.53402950683	-2.21132771475	-3.76062283379	-0.0
MCT.f.0091	2.27733933519	10.1953038733	-0.817689297045	0.852539895338	4.43863851906	-0.0
MCT.f.0094	6.07402751015	3.74812106654	6.63384954692	2.16679366646	-3.32029723347	-0.0
MCT.f.0095	7.91348919495	-6.57183088113	1.73497312838	-6.16729102644	1.46150808685	-0.0
MCT.f.0098	-20.4630967735	-2.6626684988	2.06648258167	-0.174764179453	0.425062018695	-0.0
MCT.f.0099	5.08814139297	-8.80809519408	-3.08358645309	5.53404935885	0.755711442657	-0.0

Biplot	0	0

Site constraints	0	0
