Eigvals	14
0.691293455196	0.615899547034	0.465711275871	0.344545443474	0.253861638428	0.239976757975	0.193487536265	0.10086054782	0.0712795271562	0.0357016707783	0.00800824009181	0.0	0.0	0.0

Proportion explained	14
0.228857706172	0.203898006711	0.154177091557	0.114064264999	0.084042734412	0.079446044154	0.0640554505323	0.0333906150042	0.0235976038242	0.0118192967392	0.00265118589524	0.0	0.0	0.0

Species	0	0

Site	14	14
MCT.f.0344	-0.0726498997038	-0.246953795415	-0.20228915609	0.0731232067507	-0.187601723578	0.249128856019	-0.179310251752	0.0871752863257	-0.0147451711416	0.0366200532527	0.016679722177	0.0	0.0	0.0
MCT.f.0345	-0.133466759023	-0.365577094845	-0.152259966233	0.120084077068	0.00227670737945	-0.0597356014343	0.0434420173135	-0.11351222982	-0.048811205372	-0.0892974898227	-0.00701866423496	0.0	0.0	0.0
MCT.f.0346	-0.202965428462	-0.252225043261	-0.14642778805	0.102818399078	0.145300245657	-0.136762937057	0.0971412664076	-0.0110627178521	0.030007785961	0.0647608209635	-0.012444502628	0.0	0.0	0.0
MCT.f.0347	-0.318114813398	0.112481950669	-0.024529819093	-0.0557140279712	0.236286757768	-0.0199724675087	-0.018634707856	0.143040388763	0.0744011626202	0.0141559523504	0.0118124545957	0.0	0.0	0.0
MCT.f.0348	-0.269749114676	0.242139786336	0.0896336424644	-0.0641989969345	0.100961431012	0.101976971777	-0.191119345314	-0.0951109559293	-0.0107401475696	-0.0598443898795	-0.0131642394034	0.0	0.0	0.0
MCT.f.0349	-0.221287266109	0.268949047838	0.150011118071	0.099237367943	-0.0709007171298	0.0340935821375	0.0419421316347	-0.1197688159	-0.0675004623208	0.06604759846	0.0112640102029	0.0	0.0	0.0
MCT.f.0350	-0.104736376797	0.210152112405	0.103654156274	0.229637938215	-0.198763280021	-0.0244399505086	0.193135753821	0.106056228138	-0.014166619858	-0.0292618046408	-0.00050585934252	0.0	0.0	0.0
MCT.f.0351	0.268357732207	0.278139526765	-0.252534979359	0.0872482658935	-0.071473912737	-0.103005631624	-0.0973436609655	0.0289259546325	0.0684381055068	-0.027600301154	-0.0419309030995	0.0	0.0	0.0
MCT.f.0352	0.257352499179	0.189699769676	-0.298429107207	-0.115718643879	0.0164178234088	-0.123936075428	-0.000961078140911	-0.0678894882341	-0.0474874095043	0.0368921838752	0.0435497193938	0.0	0.0	0.0
MCT.f.0353	-0.0797526143759	-0.0593634539856	0.0156673968083	-0.423724418317	-0.0989118695202	-0.0527617642821	0.0807590227303	0.0845725082923	-0.0940588965794	-0.0319681806156	-0.0117986496011	0.0	0.0	0.0
MCT.f.0354	0.0202774735901	-0.174264643578	0.248337906984	-0.150320718779	-0.190000120292	-0.0985207398291	-0.0464291193382	-0.0783102880899	0.147954557193	0.0434157290079	-0.00573567026641	0.0	0.0	0.0
MCT.f.0355	0.263688724427	-0.119301699969	0.300059660288	0.123346845094	0.0750466070754	-0.128783187019	-0.111443861786	0.0586392434442	-0.0115199585486	-0.05412498626	0.0393092037998	0.0	0.0	0.0
MCT.f.0356	0.333309183197	-0.091322482166	0.182526291713	0.0405220924797	0.142703848885	0.0758768536671	-0.0188947441213	0.0255433407757	-0.104609638982	0.063974571596	-0.0401413322554	0.0	0.0	0.0
MCT.f.0357	0.259736659943	0.00744601953035	-0.0134193565699	-0.0663413866424	0.0986582020923	0.286842091091	0.207716577367	-0.0482984545462	0.0928378985953	-0.033769757133	0.010124710662	0.0	0.0	0.0

Biplot	0	0

Site constraints	0	0
