Eigvals	10
0.686738657699	0.394410873165	0.207888431786	0.176955737003	0.0397480528097	0.0171478458604	0.00660004806207	0.00409860477284	0.0	0.0

Proportion explained	10
0.447798590776	0.257181725843	0.135556875601	0.115386732305	0.0259183341941	0.0111815187991	0.00430366368358	0.0026725587978	0.0	0.0

Species	0	0

Site	10	10
MCT.f.0327	-0.172426101063	0.14666750554	0.305037437224	-0.181638789533	0.037682912951	-0.0410548498569	-0.00663371536037	0.00477778505638	0.0	0.0
MCT.f.0329	-0.327613771003	-0.081706771625	0.131634725639	0.0473930388141	-0.0339919466809	0.0921770027117	0.0171787221615	-0.0154745069738	0.0	0.0
MCT.f.0330	-0.328456988572	-0.200181850978	-0.0300101972441	0.104577788519	-0.0576823550974	-0.0670089383582	0.00219969421637	0.00732027889812	0.0	0.0
MCT.f.0331	-0.318076091698	-0.143862794436	-0.192570846875	0.0177206038449	0.074160513436	0.00281169804762	-0.0230605823072	0.00699081612507	0.0	0.0
MCT.f.0334	-0.0451215602942	0.274961550989	-0.196922014998	-0.111810363431	0.0740079750103	0.00542941707783	0.0305770131029	-0.00600115778884	0.0	0.0
MCT.f.0335	0.0554383511376	0.325158374991	-0.081518051555	-0.00455465046221	-0.106843532004	0.0186976361572	-0.0418722729092	0.00952024197972	0.0	0.0
MCT.f.0336	0.194650882411	0.143509089495	0.0228166711735	0.196707980062	-0.027077801212	-0.025039932924	0.044585646745	0.00640003993519	0.0	0.0
MCT.f.0337	0.294286356642	-0.0249602547766	0.0548825053416	0.14254684201	0.0565587734101	-0.0139168932408	-0.0290981887202	-0.0407500335769	0.0	0.0
MCT.f.0338	0.351109739774	-0.163724937976	0.0657247225934	0.0299580204382	0.0523355295041	0.0349112341461	-0.00649663841599	0.0413148974182	0.0	0.0
MCT.f.0340	0.296209182665	-0.275859911223	-0.0790749512985	-0.240900470262	-0.0691500693172	-0.00700637376057	0.0126203214873	-0.0140983610731	0.0	0.0

Biplot	0	0

Site constraints	0	0
