Eigvals	13
348.43931729	133.19594924	117.352153722	74.0745014495	54.5994951252	49.1385032516	37.4526892298	35.1190598319	30.8582242276	27.313619201	23.4993041595	17.8633946726	0.0

Proportion explained	13
0.367201007964	0.140367875813	0.123670972234	0.0780630378003	0.0575394011223	0.0517843625231	0.0394693266625	0.0370100431528	0.0325197831533	0.0287843191169	0.0247646225487	0.0188252479096	0.0

Species	0	0

Site	13	13
sample1	-4.24904318406	7.15945507106	3.9631779342	-0.375942624477	0.192810056007	-2.6250744017	-1.86271360435	0.832949148276	-1.0537186143	-0.848033678076	-0.594714637635	0.597767847613	0.0
sample2	-2.78272154451	1.35694737572	-4.64765033492	-0.675715252619	2.12117493249	-1.79696215542	1.63184832716	0.331823672156	1.08343295891	-1.16080242646	2.9681046752	0.466438842417	0.0
sample3	3.17800150957	-4.72098520239	-0.935127452665	-2.70458216581	0.417307166852	-1.39212703084	-2.26064478331	2.57962255705	-1.91945538623	0.711835021489	0.588067139402	-1.33208011075	0.0
sample4	-2.58913579771	0.333717744296	-1.52152571176	-2.05260612161	0.941328596566	-2.36956547612	1.45491649579	-1.79103490107	1.49393529513	1.67917176121	-2.27863039494	-1.64528078184	0.0
sample5	3.16025892253	2.12356937602	0.628644614802	0.101388588381	-1.86256423056	0.939147030213	-1.91145767037	-2.03722551095	0.812977412525	3.11764345604	2.0258398	0.375985567208	0.0
sample6	13.0516932067	-0.262865155494	1.34743293605	3.6870761233	2.97402053267	-0.984264801502	0.387930179287	-0.868031973394	-0.282223903414	-0.587088863594	-0.497963567865	0.176410223405	0.0
sample7	-7.8768954087	-4.30273089737	5.00866458133	0.367829948889	3.44514509399	1.7446010368	0.441204396447	0.252339050014	0.381292986836	1.00042581696	0.124362403936	1.05298468215	0.0
sample8	1.83584122664	1.26223532203	-1.34974446597	-3.46278805281	1.10688352389	3.92299237135	-1.89454462988	-1.22130348069	0.916753634446	-2.31220350568	-0.687426177819	-0.354106474585	0.0
sample9	-2.70191369731	-1.46984250051	-2.12399425821	-0.175343401692	-1.4331469523	0.258384091472	1.32441924029	-2.59106574427	-3.97769715226	-0.37503849226	-0.300013895747	0.929396193066	0.0
sample10	-0.761157551258	-4.72832843234	3.0614164957	0.854847592409	-3.89854657078	-1.85942668075	-0.253192908178	-0.848174389296	1.89054262704	-2.16697409119	0.3252678336	-0.108671312288	0.0
sample11	-5.83389760278	1.12373547241	-2.67432046919	5.72369722043	-0.559757980398	1.83430538427	-0.72491046104	0.996699385812	-0.181509576727	-0.0651670868024	-0.202349853824	-1.85780346996	0.0
sample12	3.9393861162	2.63958195829	3.25564288299	-1.6098753586	-1.9411949681	2.05354683568	3.76191067441	2.02711277478	-0.341498660978	0.218309840069	0.413635795528	-0.828348364766	0.0
sample13	1.62958380475	-0.514490131721	-4.01261675236	0.3220135042	-1.50345920032	0.27444379655	-0.0947652562469	2.33628941157	1.17716837903	0.787922248296	-1.88417911983	2.52730715834	0.0

Biplot	0	0

Site constraints	0	0
