Eigvals	15
0.592722575365	0.563472341103	0.437975898568	0.356275554727	0.185558258965	0.105089975992	0.0490534975491	0.0280780308851	0.0132162556207	0.0071853915789	0.0	0.0	0.0	0.0	0.0

Proportion explained	15
0.253448873029	0.240941438324	0.187279011328	0.152343847841	0.0793449306142	0.0449365978094	0.0209753334674	0.0120061991571	0.00565128650731	0.00307248192263	0.0	0.0	0.0	0.0	0.0

Species	0	0

Site	15	15
MCT.f.0377	-0.230421702306	0.140127171608	0.28010728622	-0.0923671698615	0.102159080251	-0.0967750370122	0.0840298587548	-0.0090736690363	-0.0586684177683	-0.0172965863293	0.0	0.0	0.0	0.0	0.0
MCT.f.0378	-0.265126654481	0.189173289091	0.237624177081	-0.0514373334348	0.113094333308	0.0272603575353	-0.0292341401922	0.0423021606663	0.0639228567767	0.015694936164	0.0	0.0	0.0	0.0	0.0
MCT.f.0379	-0.26025861609	0.187358912162	0.00892472159428	0.0311222239583	-0.101791283667	0.132169119517	-0.0705769241524	-0.0732049929049	-0.0132355223809	0.00473565597917	0.0	0.0	0.0	0.0	0.0
MCT.f.0380	-0.136782063354	0.179909724153	-0.139798746462	0.143289436544	-0.12465450865	0.0596589310593	0.0345828846772	0.0449925859326	0.00783767614493	-0.0126764455374	0.0	0.0	0.0	0.0	0.0
MCT.f.0381	-0.0114575372576	0.189247093195	-0.225069641138	0.129742307873	-0.113534145943	-0.0322847600952	0.0268522582349	0.0234143353068	-0.0344284180445	0.0166198392423	0.0	0.0	0.0	0.0	0.0
MCT.f.0382	0.137139342021	0.186911021814	-0.21174589922	0.0505890823582	0.049872367005	-0.113912158766	0.0685204606755	-0.0196752218074	0.0515018533151	-0.0219963977002	0.0	0.0	0.0	0.0	0.0
MCT.f.0383	0.302181028758	0.208197389742	-0.117062346139	-0.00838161218311	0.217777757647	-0.000358707726569	-0.0797548911717	0.00999395885579	-0.0293927844616	0.0238991615575	0.0	0.0	0.0	0.0	0.0
MCT.f.0384	0.346524634421	0.06795356211	0.106651521201	-0.118898695152	0.000716996546853	0.0856873146368	0.0285140035965	-0.0749448017152	0.0152990375865	-0.0105447483839	0.0	0.0	0.0	0.0	0.0
MCT.f.0385	0.318712772763	-0.0279637957413	0.185294778312	-0.0934542789264	-0.110806083554	0.0742344700928	-0.00314052636367	0.0844552919048	-0.0151404754409	-0.0129181876314	0.0	0.0	0.0	0.0	0.0
MCT.f.0386	0.139585345634	-0.190391204121	0.231138269363	0.137953740253	-0.139537067445	-0.0369079151852	0.0366109850043	-0.03048028483	0.0134616404509	0.0208202077837	0.0	0.0	0.0	0.0	0.0
MCT.f.0387	0.0025353120996	-0.202834187318	0.114614387512	0.273625253537	0.0175218117083	-0.100775381233	-0.0918919863187	0.024698673389	0.00206797644313	-0.0103137843447	0.0	0.0	0.0	0.0	0.0
MCT.f.0388	-0.0608051667452	-0.312844772769	-0.0649464776995	0.208220532619	0.132311596131	0.0487852581433	0.0425389945647	-0.0367262435938	-0.00766009987468	0.0138520957457	0.0	0.0	0.0	0.0	0.0
MCT.f.0389	-0.112842826948	-0.273814741477	-0.162586896399	-0.0888813798344	0.0811958475394	0.0865967748098	-0.0223638753977	0.0128050578787	-0.00310368357244	-0.0493498911369	0.0	0.0	0.0	0.0	0.0
MCT.f.0390	-0.104295304018	-0.250188682596	-0.151140909663	-0.247860629665	0.00763291154696	0.0249360131272	0.0582325752061	0.0322285464	0.0052405122534	0.0409646087926	0.0	0.0	0.0	0.0	0.0
MCT.f.0391	-0.0646885644964	-0.0908407798524	-0.0920042245638	-0.273261478085	-0.131959612424	-0.158314278904	-0.0829196771174	-0.0307853964465	0.0022978485726	-0.00149046420132	0.0	0.0	0.0	0.0	0.0

Biplot	0	0

Site constraints	0	0
