Eigvals	12
0.805461636091	0.617202095614	0.298627482777	0.154158675352	0.0357691935362	0.0217015057373	0.0146234227402	0.00323579353761	0.000246649924325	0.0	0.0	0.0

Proportion explained	12
0.412839935563	0.316347373934	0.153061729104	0.0790141389075	0.0183335256367	0.0111231222305	0.00749524574635	0.00165850828358	0.000126420594479	0.0	0.0	0.0

Species	0	0

Site	12	12
MCT.f.0157	-0.00665427103291	0.377627359153	0.140653706069	-0.106600441665	0.00564210369581	-0.0738151554286	0.0249611366996	-0.0115468539352	0.00702411547757	-0.0	0.0	0.0
MCT.f.0158	0.0617928387466	0.388100006713	0.0817598329341	-0.0347330474224	0.00554513612112	-0.000350353272069	-0.0432333279922	0.0238773173015	-0.00672999455892	-0.0	0.0	0.0
MCT.f.0159	0.158997207304	0.291736374915	-0.0838471525033	0.0898704984028	0.0303441013271	0.0499625656169	0.0300350048058	-0.0229290832573	-0.00480907785026	-0.0	0.0	0.0
MCT.f.0160	0.279530093224	0.0808098071388	-0.135511276592	0.134782548711	-0.102087721591	0.022581242964	0.0166955498897	0.0039458649708	0.00322077287438	-0.0	0.0	0.0
MCT.f.0161	0.369323216905	-0.174550078895	-0.0363929669267	0.100355742045	0.0620588127913	-0.0325092261828	-0.0724741242803	-0.000519723035522	0.0032622870072	-0.0	0.0	0.0
MCT.f.0162	0.335535921677	-0.281341354314	0.0285299940898	-0.0266542943709	0.0551807731938	-0.000941752303131	0.0613274618839	0.0131408740058	0.00134488142625	-0.0	0.0	0.0
MCT.f.0163	0.206467296772	-0.274027206044	0.142976662703	-0.203118098599	-0.067363718382	-0.00162659770527	-0.00443064759995	-0.0106727316114	-0.0061921971438	-0.0	0.0	0.0
MCT.f.0166	-0.250121106617	-0.076134361464	0.292632312855	0.0387194601094	-0.0225397076841	0.0797883847131	-0.0231073649021	-0.00267431003572	0.00598739414943	-0.0	0.0	0.0
MCT.f.0167	-0.345770166012	-0.091580999901	0.112377133488	0.118442829938	0.0500574301603	-0.0154529894383	0.0338296068695	0.0202070532945	-0.00345846317074	-0.0	0.0	0.0
MCT.f.0168	-0.333155816952	-0.175764883732	-0.0456307474534	0.118818158204	-0.0229707668004	-0.0560722067864	-0.0094357662517	-0.0267664877858	-0.00352274821421	-0.0	0.0	0.0
MCT.f.0169	-0.247891819713	-0.0473528844555	-0.24312798849	-0.0547832512972	-0.0653788517625	-0.0176627785426	-0.00211243691428	0.0223818267085	0.0019810779829	-0.0	0.0	0.0
MCT.f.0170	-0.228053394303	-0.0175217791149	-0.254419510174	-0.175100104056	0.0715124089305	0.0460988663651	-0.0120550922081	-0.00844374662008	0.0018919520202	-0.0	0.0	0.0

Biplot	0	0

Site constraints	0	0
