Eigvals	12
180.482640786	119.857594207	105.273817229	72.7920258777	61.4467784299	36.3500645699	30.6883069947	25.9912417312	15.9449133602	12.4597174197	9.67359734476	0.0

Proportion explained	12
0.268991375109	0.178635789806	0.156900124777	0.108489254438	0.0915802946696	0.0541761457578	0.0457378607846	0.0387373534854	0.0237643030492	0.0185699661065	0.0144175320169	0.0

Species	0	0

Site	12	12
sample1	-0.604958166036	3.58033925488	5.47320028476	-2.55035816307	2.28162074012	2.52079251501	1.25218507818	1.2966035086	-0.918076327785	0.229606659176	-0.115603046167	-0.0
sample2	-3.67309769398	0.848517033201	1.95850729484	-0.705137443376	-0.910965271377	-3.57046394993	1.95107867964	-1.67468325086	-1.09856985403	-1.17221528624	0.318824075372	-0.0
sample3	-4.97720416611	0.505514690315	-0.00485088489989	-3.17705558782	-0.0139904645198	-0.415302745971	-0.639997254143	0.161911981013	3.11424646013	-0.165317824239	-0.296092690697	-0.0
sample4	-2.3678927366	0.605199099198	2.14732351889	3.08629203409	0.398679447286	-1.73374151296	-1.46278274151	-0.329547723506	-0.260171203505	2.5025834985	-0.635956949193	-0.0
sample5	-2.85436165613	0.446402047705	-0.0736004980421	2.00556574042	1.62789692315	0.922575272256	-3.60292198393	-0.115593779625	-0.624374830081	-1.38627393338	1.18765921061	-0.0
sample6	7.1296297638	1.71951021935	-3.74078248834	-2.34076680916	3.83260230392	-2.06993691886	-0.676728932948	0.221951621521	-0.256578703505	-0.0589276395142	-0.481957069832	-0.0
sample7	4.25685902427	4.09982275075	-1.16225853554	2.22021364273	-0.976963105035	1.49078339509	1.44956146497	-2.18394925363	1.12570199151	0.508163980144	1.26959385655	-0.0
sample8	3.58522430776	0.636503508012	0.863873449274	2.05923089388	-3.47036790865	-1.26469291502	0.205542104283	3.59361093865	0.369614143725	-0.501071338028	0.307401574283	-0.0
sample9	-0.78033139383	1.97363259035	-2.60251400944	1.10423206046	-2.49645721985	1.82526444543	-0.257125459788	-0.824487585233	-0.631422686615	-0.850943544414	-2.18868558596	-0.0
sample10	-2.45389724766	-2.21368048324	-4.43192197181	-3.81587827269	-2.55523316872	0.863499796565	-0.0575920048913	0.420881910896	-1.32079591176	1.23510354607	0.934462508374	-0.0
sample12	-2.86716853978	-5.07857652777	-2.61370254285	3.2347080298	3.32644833894	0.78643600928	2.56587596257	0.858335239245	0.273314030041	-0.154579447183	-0.0833682235826	-0.0
sample13	5.60719850427	-7.12318418275	4.18672638316	-1.12104612526	-1.04327061526	0.64478660911	-0.727094912427	-1.42503360707	0.227112891882	-0.186128670894	-0.216277659747	-0.0

Biplot	0	0

Site constraints	0	0
