Eigvals	12
0.701160781138	0.57521302295	0.455211200472	0.380017640672	0.326483540139	0.280872252503	0.228998402987	0.198427374345	0.169838353009	0.13629034979	0.11625427197	0.0

Proportion explained	12
0.196471426634	0.161179755453	0.12755418783	0.106484290076	0.0914835635835	0.078702879048	0.0641673695134	0.0556010980214	0.0475902024336	0.0381897564439	0.0325754709629	0.0

Species	0	0

Site	12	12
sample1	-0.399129715776	0.187071811088	-0.0947789108455	0.155133103686	-0.273947441703	-0.00202878947022	-0.218179821655	-0.00793758561475	-0.0954386020236	-0.0059305984465	0.078941218454	0.0
sample2	-0.154137633752	-0.134281839426	0.344456930891	0.154197600158	-0.0897646214344	0.0869011010797	0.119441461461	0.181701017153	-0.0397339256265	-0.088800934344	-0.144983401935	0.0
sample3	-0.12140921881	-0.238119482353	-0.00220272450087	-0.164090918586	-0.0391333406331	-0.368480784468	0.135120781057	0.0292385724871	-0.00910463372057	-0.0751004948546	0.11420489397	0.0
sample4	-0.232084731421	-0.028897261087	0.039130868108	0.0932755771187	0.321577524527	0.166828650343	0.11399397869	0.0184232434486	-0.0797464325547	0.11460772688	0.15400922447	0.0
sample5	0.133883238559	0.24601278803	0.317329545591	-0.0233806618792	-0.0818405837103	-0.000578541324665	0.101153098194	-0.314019064001	0.00575714872702	0.00095319547251	0.0101602475049	0.0
sample6	-0.261979970999	0.231724618437	-0.306294366775	-0.103247740876	0.0852124612195	-0.0734486476092	0.125460949949	-0.0361617545466	0.00472634909738	0.0699897599904	-0.198355391319	0.0
sample7	0.194031025692	0.352195733946	0.184089375955	-0.274868642471	0.103699947405	-0.0437057046276	-0.164987343345	0.202047704494	0.0173683977712	0.0271802313422	0.0171457010473	0.0
sample8	-0.18331930693	-0.236697195885	-0.0125650250335	-0.143510210959	-0.032488248495	0.16475575118	-0.0891230618327	-0.0461093165756	0.311239986501	-0.00537285464997	0.0104523763579	0.0
sample9	0.14572240877	-0.233802394886	-0.128017688182	-0.181905476651	0.10437653242	0.141374672564	-0.127402942047	-0.102054160001	-0.197381779666	-0.161930407818	-0.0464883566732	0.0
sample10	0.249201447245	-0.312771857182	0.041606053879	0.132670826117	-0.0214504915148	-0.130087676126	-0.140300992769	-0.027978325778	-0.0364513473781	0.234430503834	-0.0725538979643	0.0
sample12	0.242551344485	0.127570653664	-0.136102625154	0.371811406665	0.183696549056	-0.106112334202	-0.0466226120416	0.00242001366404	0.123180416369	-0.146378966468	0.00739986440549	0.0
sample13	0.386671112935	0.0399944256538	-0.246651433933	-0.0160848623232	-0.259938287136	0.16458230266	0.191446504339	0.10042965527	-0.00441557749709	0.0363528390628	0.070067521681	0.0

Biplot	0	0

Site constraints	0	0
