Eigvals	14
0.833187167108	0.615535096864	0.454501986002	0.381463014359	0.325387873876	0.317515679275	0.235329532224	0.190578389915	0.166446561656	0.141834476345	0.127734735707	0.0647436068765	0.048963069075	0.0

Proportion explained	14
0.21346142755	0.157699260947	0.116442795312	0.0977303093677	0.083363934068	0.0813470884373	0.0602911085003	0.0488259262474	0.0426433844214	0.0363378013868	0.0327254668676	0.0165872246887	0.0125442722051	0.0

Species	0	0

Site	14	14
sample1	-0.376953287351	0.138678269433	0.0897880313534	0.00432155908594	0.0944875379985	-0.0364589802192	-0.00343851953564	0.0732399756078	-0.0270838964459	0.00494344718857	0.0238755635354	-0.116542724069	0.145159590688	0.0
sample2	-0.24246148914	-0.0505485100735	-0.0792445670401	-0.0412556399547	0.000346908241019	-0.0723651783285	0.173044432135	0.0949390307721	-0.0788603905291	-0.0130560543601	-0.103013252021	-0.108150788873	-0.129451231741	0.0
sample3	0.235088763672	0.281098058879	0.240959547364	-0.00486852926225	0.128755998925	-0.30135801352	0.115241521584	-0.0327685001529	0.101023300721	0.0596165675466	0.10677477695	0.0184420738212	-0.0357753950277	0.0
sample4	-0.486543668792	-0.0274996586273	0.0478519087655	-0.0444587370055	0.0167373574239	-0.0456817471439	-0.0322395998484	0.131992652849	-0.00429521020902	0.0220210713493	-0.0278546807976	0.183311640419	-0.007385407371	0.0
sample5	-0.254129744393	-0.068647726934	0.0974713676788	0.0499947765358	0.112407105885	0.185173655429	-0.0563195171351	-0.180457883449	0.0850321067653	-0.192685866771	0.122182681164	-0.0136375905751	-0.0541185359175	0.0
sample6	0.0316254104785	-0.173179675882	-0.0378649697136	-0.246976439266	0.0745006225728	0.177742231703	0.205926957905	-0.187943621037	0.00132071182193	0.16334569263	-0.0328625280196	0.0239187885633	0.0370719133426	0.0
sample7	0.191587721716	-0.229739144257	-0.162509486679	-0.145892839605	0.0185296044118	0.0734243856774	-0.128013070599	0.200528984242	0.0247288988181	0.0806753921298	0.199329375349	-0.0312096872455	-0.0227150112206	0.0
sample8	0.270106859464	0.121875738764	-0.204132106127	-0.315236277764	0.00776542236997	-0.0910691739277	-0.0193748269128	0.015118670348	0.0159502082216	-0.216932176261	-0.0868442321147	0.0251230222545	0.0404835163917	0.0
sample9	0.209606223652	-0.0793082316323	-0.16057135901	0.349494464328	-0.0198407578692	0.033495719914	0.226639188156	0.0416232357624	-0.126318757039	-0.0803223225556	0.0696542306823	0.0508505386521	0.0427416767712	0.0
sample10	0.138111635725	0.356387667584	-0.145668151174	0.141426388892	0.241642506561	0.142199872207	-0.193185535408	-0.0329391276052	-0.0952763936334	0.0910506162229	-0.0859808957493	0.00747019429845	-0.0321200858842	0.0
sample11	0.115125067301	0.299524685721	0.257979021446	-0.0492001193561	-0.371197093807	0.23153946004	0.00965343094788	0.0514171193179	-0.0281290941661	0.00487632718752	0.000553595847576	-0.00304756227247	-0.0110673069885	0.0
sample12	0.220409048294	-0.290863935031	0.172488181461	0.179854192147	0.0478231466667	0.0510786516163	-0.0378349591525	0.0911745705212	0.217767830155	3.41881651741e-06	-0.168553339815	-0.01582907799	0.017722137611	0.0
sample13	0.11366854998	-0.319774700478	0.216222230438	-0.00616986659974	-0.0754410569845	-0.189070417272	-0.178404078625	-0.121902319648	-0.222147083237	0.00263884669519	-0.0206642613243	-0.00573490853565	0.00375558077532	0.0
sample14	-0.165241090606	0.0419971625329	-0.332769648762	0.128967067824	-0.276517302394	-0.158650466174	-0.0816954235112	-0.144022787528	0.136287768757	0.0738250401814	0.00340296631348	-0.0149639184473	0.00569855857011	0.0

Biplot	0	0

Site constraints	0	0
