Eigvals	14
0.639820716107	0.430631442837	0.406120094161	0.354928501708	0.333189316499	0.23160398067	0.219355879661	0.180583673938	0.169320619242	0.107738785273	0.0962264117541	0.0735475866423	0.0631489499891	0.0

Proportion explained	14
0.193520545585	0.130249036435	0.122835319671	0.107351880871	0.10077663428	0.0700510745755	0.066346506827	0.0546194429541	0.0512128128858	0.0325867355991	0.029104696415	0.0222452457933	0.0191000681087	0.0

Species	0	0

Site	14	14
sample1	-0.270260307772	0.0898231538909	-0.0195468714834	-0.127588891773	0.0131219445769	-0.0439046863327	0.0458827708908	-0.155738307382	-0.0348872832623	-0.240727323949	0.0306167560346	-0.0547538676002	-0.00594297127724	-0.0
sample2	-0.396960199168	0.0609431435702	0.00627933788606	-0.0331829110351	-0.0187744435522	-0.158223808139	0.0783625966097	0.0652339121896	0.141324746357	0.0475497122374	-0.0601875709901	0.120337373252	0.0927647438309	-0.0
sample3	-0.299411128125	-0.173528683753	-0.122555073375	-0.0653702216916	0.23207455758	0.14871018263	-0.192705555232	-0.014798375481	0.123403906811	0.0776326696371	0.0391977517212	-0.0494198846837	-0.0543751635036	-0.0
sample4	-0.189277157813	0.146866290902	0.171076595576	0.0647438367361	-0.204381689731	0.0687149182547	0.101249170177	0.212686853819	-0.00797477740179	0.036933053567	0.103446393181	-0.10337887559	-0.0405755391819	-0.0
sample5	-0.144245180259	-0.269585633832	-0.0742259333982	0.157303628939	-0.348022104293	0.0363928294884	-0.0616824273761	-0.112798279637	-0.115373431126	0.0339353473341	-0.0924559220002	0.0100688909411	-0.0216915578986	-0.0
sample6	0.012883429862	-0.189264888082	0.116157758129	0.197234859516	0.235280810248	0.119018668247	0.0614547660331	0.0529374054572	-0.170921204574	-0.0347843249829	0.0456758341259	0.0270354153713	0.119695014248	-0.0
sample7	0.0866966560488	0.0489435102625	-0.0684766779135	0.196818825166	0.135750718288	-0.236750737865	-0.136410350439	0.160442331589	-0.0665263655407	-0.0656065542394	-0.061280302229	0.0148795515214	-0.0998089835745	-0.0
sample8	0.0257844724102	0.150298840906	-0.117601372512	-0.0991458487149	0.0911647655156	-0.15989124148	0.0932620145275	-0.146848862103	-0.171673268597	0.174750049584	0.0698215810388	-0.0248050654668	-0.0123186076021	-0.0
sample9	0.071961757471	0.254704102746	0.164559297572	-0.0932425888782	0.000573280521554	0.218222753837	-0.048077948687	-0.035348489659	-0.0562399352369	-0.00238319358489	-0.020995570084	0.156516171461	-0.0791424200488	-0.0
sample10	0.179801059246	0.279691719237	0.0776598183344	0.0430637416407	-0.0224420674347	0.0350696273911	-0.185374551685	-0.0501603124919	0.0478606549443	0.0249227064014	-0.109242199475	-0.106595379182	0.11268927539	-0.0
sample11	0.280650898494	0.0200846413467	-0.240064688857	0.124943481565	-0.142548379417	-0.011004404943	-0.0656818111683	-0.0295042906546	0.127908523451	-0.0388922446883	0.182370282844	0.0630329246901	0.0375477754524	-0.0
sample12	0.206591460104	-0.118272612786	0.236153498118	0.16492181691	0.0857912964548	-0.0337129414342	0.199769007897	-0.138946730955	0.185392439387	0.0160289869007	-0.039487378822	-0.0271085382215	-0.0655391925752	-0.0
sample13	0.199586560855	-0.0258936051177	-0.35540169903	-0.158488112168	0.0157930340529	0.13204828138	0.199707643761	0.121425976962	0.00955312469524	-0.0219800888266	-0.111359957939	-0.0264884955661	-0.00132788981297	-0.0
sample14	0.236197678647	-0.274809979289	0.225986010954	-0.372011616211	-0.0733817228104	-0.114689441034	-0.0897553253079	0.0714171683462	-0.011847129908	-0.00737879539089	0.0238803025931	0.000679779072879	0.0180255165543	-0.0

Biplot	0	0

Site constraints	0	0
