Eigvals	13
0.700188391737	0.553647244152	0.415879812602	0.402762241178	0.313425283428	0.290766061436	0.26374023034	0.217029014907	0.187562060105	0.134208840515	0.116346386653	0.0871269136822	0.0

Proportion explained	13
0.190129992308	0.150338034041	0.112928501107	0.109366540093	0.0851078758671	0.0789549636596	0.0716163371997	0.0589323179618	0.0509308258548	0.0364432288739	0.0315928368144	0.0236585462195	0.0

Species	0	0

Site	13	13
sample1	-0.00810416571681	0.117130351378	-0.20832093448	-0.0883724095684	-0.151099987117	-0.268520775737	0.223574517484	-0.142389580846	0.135036882841	0.0969803137439	-0.0148545680958	-0.0114243249452	-0.0
sample3	-0.182944916823	-0.0308385362644	-0.042732648536	-0.0735119495614	0.324975445775	0.0517822258832	0.104827007481	0.240069515991	0.114637433466	0.100556679129	-0.0790392254653	0.0168367803524	-0.0
sample4	0.119723078697	0.314506514145	0.307624639118	0.177075945303	0.0342912405746	0.0572754719176	-0.0776830199272	-0.112804519074	-0.0133239972025	0.182475681324	-0.00254502620992	0.0796939331684	-0.0
sample5	-0.16214731088	0.0141310403483	0.0519724568197	-0.246676153857	0.291184747236	-0.0663867834257	-0.0880562831216	-0.22907372567	-0.0204363101861	-0.11023123925	0.0952374970818	-0.000539098822991	-0.0
sample6	0.0853344330122	-0.17245656148	0.266409328233	-0.338406188995	-0.20864278417	-0.0228876735496	-0.15439174956	0.0580104349446	0.0825235350364	-0.0122627742957	-0.117481104709	-0.0107692288984	-0.0
sample7	-0.0568299526465	-0.344657166316	0.144355801616	0.289352104021	0.0345393633151	-0.318663696831	-0.0341493643361	0.0690632414174	-0.0986392161073	-0.00178360147908	0.0270730403579	-0.0268645790997	-0.0
sample8	0.49405007402	-0.174290885905	-0.218098982112	0.0974776058434	0.0323651849106	0.0648606797393	-0.126644221805	0.0123831492095	0.165860575021	-0.0396771948647	0.0860294760094	0.0836429854718	-0.0
sample9	0.466946177428	0.0305382863187	-0.0639000052797	-0.0888708367298	0.0784429599293	0.0564510509624	0.142178540966	-0.00430827703673	-0.249653469111	-0.00653161223475	-0.0808430114582	-0.0857775318914	-0.0
sample12	-0.141746512039	0.247414726766	-0.121131944492	-0.105742753289	-0.135708729555	-0.0699033784059	-0.0311503676703	0.184644188847	-0.167941663955	-0.0659266240758	0.0701283504644	0.150337583491	-0.0
sample13	-0.248976436513	-0.174687027829	-0.0803789264253	0.179506669369	-0.057862046763	0.169619821192	0.0736908329584	-0.156702631428	-0.0253572803285	-0.0990508651841	-0.173440250994	0.0958471912964	-0.0
sample14	-0.149085448691	-0.23516215979	0.0982646014895	-0.046852163093	-0.140902767249	0.242301541981	0.180308322905	0.00347131825349	-0.020815572182	0.0684222669583	0.192219520284	-0.0411455368456	-0.0
sample15	-0.221488400195	0.0825130043613	-0.279261538925	0.067357972481	-0.0633815478882	0.0749126139111	-0.288227544484	-0.00556279561591	-0.0378948563373	0.0888640421995	-0.0150175351066	-0.140399834292	-0.0
sample16	0.0052693803451	0.325858414267	0.145198152974	0.177662158076	-0.0382010789978	0.0291589023625	0.0757233291108	0.0831996810073	0.136003939046	-0.20183507197	0.0125328378409	-0.109438338984	-0.0

Biplot	0	0

Site constraints	0	0
