Eigvals	12
214.992423748	178.593011276	119.108004324	71.7731909202	59.8600189164	54.3419000307	40.439255767	34.4154922573	29.7488615044	19.0884199856	13.4189587364	0.0

Proportion explained	12
0.257235806945	0.213684354869	0.142511271196	0.0858757455798	0.071621780904	0.0650194191108	0.0483850751953	0.0411777157905	0.0355941491396	0.0228390611758	0.0160556200946	0.0

Species	0	0

Site	12	12
MCT.f.0445	-2.41978579018	3.85720674064	0.377995865814	-3.51129657941	0.97259839614	-4.6179016057	-1.3051259214	0.0575124621116	-2.25720573114	0.46707993619	0.00917215188514	0.0
MCT.f.0446	-6.44053506374	-0.585226021262	0.505162169212	2.94154653692	3.14119275375	-0.546135500609	-1.34790624224	-0.129877767763	2.40838858407	1.70034323398	-0.703958706675	0.0
MCT.f.0447	-9.09679374957	-2.63826934758	-0.404975704374	-0.80374093268	-1.90696254264	3.58026234667	-0.739600384735	-0.242842830219	-1.98754854005	-0.256569736448	0.67842548865	0.0
MCT.f.0450	0.973928325679	1.15459567654	1.44368241568	4.84417164281	-3.27314400819	-1.2110936824	2.03662839524	0.180096375682	-1.80957337289	0.587089183655	-1.28335175551	0.0
MCT.f.0451	-2.78210782348	3.71732959331	-0.569882224796	0.0659689622341	-3.18466877968	-1.76456694546	0.561604027375	0.286775610766	2.95247231049	-1.92602985269	1.01136765311	0.0
MCT.f.0453	5.34285167791	-3.31451519934	-2.48099644646	-1.16856187659	-2.81419681404	0.374118036041	-3.96286879735	0.169196418325	0.746117524075	0.239358603434	-1.19209486703	0.0
MCT.f.0454	1.02762317289	1.79306815813	-4.73547506264	-3.37764971971	0.0677314275638	1.59552618101	3.34678997591	1.10909330942	0.799608454459	1.67356120645	-0.500385587184	0.0
MCT.f.0455	2.60524780641	2.13892057269	-6.23082865161	2.71349055854	3.16310877235	0.61642098457	-0.30854809968	-1.35250798044	-1.14810949704	-1.70343496886	0.258418261126	0.0
MCT.f.0456	5.50555049222	3.46787092291	2.91098183124	1.21520321653	0.0404206240009	1.58619073902	-1.03871251391	0.455855863572	-0.160623370417	1.63607113242	2.30659638457	0.0
MCT.f.0457	1.5742118574	3.87607766226	5.77956068198	-1.64762128771	1.9091888154	2.63909061604	0.0583289810705	0.567577772882	0.180600360766	-1.60889767443	-1.49940271577	0.0
MCT.f.0458	2.13444989238	-5.19188187022	2.43049050676	-1.51271340074	0.166931597428	-0.78106234337	1.65179712374	-4.42327829627	0.525790114575	0.0992182254882	0.273840686782	0.0
MCT.f.0459	1.57535920208	-8.27517688808	0.974284619185	0.241202879802	1.71779975792	-1.4708488258	1.04761345599	3.32239906193	-0.249916836903	-0.907789289192	0.641373006052	0.0

Biplot	0	0

Site constraints	0	0
