Eigvals	9
0.690918897332	0.329192426154	0.154190065866	0.0331904237168	0.0137539391655	0.00821468308237	0.00185414884318	0.0	0.0

Proportion explained	9
0.561122970702	0.267350383394	0.125223941834	0.0269552753973	0.0111701260933	0.00667147387683	0.00150582870294	0.0	0.0

Species	0	0

Site	9	9
MCT.f.0566	-0.347959599622	0.0647612497098	0.233242434216	-0.0528063874864	0.0378731704752	-0.0300087779226	-0.00892538448582	0.0	0.0
MCT.f.0567	-0.352863279286	0.0659913101592	0.067899539553	0.0267638750748	-0.0475745223997	0.0552316860631	0.010111245702	0.0	0.0
MCT.f.0568	-0.316532087695	0.0255925570402	-0.113466399543	0.0844300587526	-0.00585699672615	-0.0272987527539	0.000622554083089	0.0	0.0
MCT.f.0570	-0.19252029898	-0.104320322639	-0.268621750555	-0.0457515064504	0.028897803027	-0.000627428550051	-0.00557183063762	0.0	0.0
MCT.f.0573	0.1414691968	-0.345934987308	0.0354042446957	-0.0743852640662	-0.0542668725294	-0.0167914128785	0.00815442901506	0.0	0.0
MCT.f.0574	0.236512665145	-0.185078538897	0.0506975768781	0.025807552337	0.0511687310542	0.048296304964	-0.0142774517206	0.0	0.0
MCT.f.0575	0.283885785991	-0.0498777931303	0.0559691906892	0.0875267021843	0.025988917619	-0.0247064446461	0.020662726818	0.0	0.0
MCT.f.0577	0.300222161455	0.184298784737	-0.00486184750194	0.0255560020597	-0.0519675034998	-0.013979128598	-0.026429334651	0.0	0.0
MCT.f.0578	0.247785456193	0.344567740328	-0.0562629884317	-0.0771410324053	0.0157372729798	0.00988395432202	0.0156530458769	0.0	0.0

Biplot	0	0

Site constraints	0	0
