Eigvals	12
0.594297826312	0.525546908393	0.41966551976	0.415183166681	0.315020717113	0.276033090787	0.255430526701	0.22049312274	0.163433562699	0.115743197737	0.0448881188981	0.0

Proportion explained	12
0.177628440896	0.157079622073	0.125432954106	0.124093232919	0.0941558867512	0.0825029562306	0.0763450987136	0.0659027307296	0.0488483175388	0.034594243573	0.0134165164697	0.0

Species	0	0

Site	12	12
sample1	-0.0254534221157	0.272070860882	0.106555657206	0.207041217529	-0.21792572565	0.116974056872	0.133767158483	-0.256889132982	-0.0270256180479	0.0785296725365	0.0276273143583	0.0
sample2	-0.329689143556	-0.139172021935	0.232181720957	0.0312601936495	0.0131423402545	-0.0417729933679	-0.140781672682	-0.0503911306998	-0.0310148830617	0.0361080999699	-0.142594907204	0.0
sample3	-0.344922974423	-0.182971002318	0.0984828701919	0.0460865040594	0.128980942955	-0.105430593238	-0.0955632335618	-0.0639770793138	-0.00298936852968	-0.0454291706957	0.143581735661	0.0
sample4	-0.228872331898	0.174989241321	-0.192685199788	0.0364600115637	-0.183451583526	0.0952652654173	-0.0865820731845	0.285267615563	-0.141983091674	0.033499175382	0.0182433178453	0.0
sample5	0.0677068156885	-0.00862922265007	-0.123232041658	0.328832530751	-0.10423057638	-0.224952668741	0.0560471431189	0.0863980149445	0.204426249691	-0.0942546700794	-0.0266008127472	0.0
sample7	0.166880985714	-0.166588691707	-0.107678135252	-0.277190999831	-0.205069217599	-0.23694558019	0.0723445054777	-0.0978642049404	-0.167120199355	-0.0603336397738	-0.00720433755735	0.0
sample8	-0.00766119559952	-0.324400383048	-0.386810306731	0.0420214068478	0.110514352092	0.258033051284	0.0426668040414	-0.107236353813	0.0246607821532	8.34524780916e-05	-0.0237519325986	0.0
sample9	0.023026321315	0.127381346475	-0.0989863574872	-0.282324613359	0.0443870141068	-0.10164919878	-0.0546614366971	0.00114605070186	0.188109298608	0.21363966994	0.0122317134879	0.0
sample10	0.322643775561	-0.325236729733	0.327961891566	0.00918593127186	-0.0919597611669	0.145014531259	0.0501663809765	0.163179308764	0.0302843385489	0.0541807319606	0.0292890825414	0.0
sample11	-0.0201174346898	0.236927903803	0.0996808067838	-0.281921370847	-0.0138089113588	0.178614613006	-0.0379805164064	-0.00916802013835	0.122027420285	-0.209466608016	-0.00862787851568	0.0
sample12	-0.0411328315538	0.151521164955	0.0602690419156	-0.00720719548624	0.316360117184	-0.0550692222973	0.332042758361	0.0955127418682	-0.0902642877281	0.00332375606906	-0.0208734753555	0.0
sample13	0.417591435557	0.184107533953	-0.0157399477056	0.14775638385	0.203061009087	-0.0280812612248	-0.271465817927	-0.0459778099545	-0.10911064089	-0.00988046977112	-0.00131981991547	0.0

Biplot	0	0

Site constraints	0	0
