	sample1	sample2	sample3	sample4	sample5	sample7	sample8	sample9	sample10	sample11	sample12	sample13
sample1	0.0	0.731958762887	0.79	0.727272727273	0.703703703704	0.839285714286	0.892561983471	0.767123287671	0.877551020408	0.69512195122	0.743902439024	0.80303030303
sample2	0.731958762887	0.0	0.359550561798	0.707547169811	0.761904761905	0.798449612403	0.822222222222	0.722222222222	0.794642857143	0.718446601942	0.745098039216	0.905263157895
sample3	0.79	0.359550561798	0.0	0.72641509434	0.72	0.785714285714	0.744	0.715909090909	0.853448275862	0.75	0.701030927835	0.903225806452
sample4	0.727272727273	0.707547169811	0.72641509434	0.0	0.720430107527	0.819672131148	0.806451612903	0.7	0.949152542373	0.698924731183	0.768421052632	0.879518072289
sample5	0.703703703704	0.761904761905	0.72	0.720430107527	0.0	0.765765765766	0.784482758621	0.74025974026	0.818181818182	0.836734693878	0.75	0.753623188406
sample7	0.839285714286	0.798449612403	0.785714285714	0.819672131148	0.765765765766	0.0	0.788321167883	0.644444444444	0.775862068966	0.758928571429	0.815789473684	0.84375
sample8	0.892561983471	0.822222222222	0.744	0.806451612903	0.784482758621	0.788321167883	0.0	0.788461538462	0.868217054264	0.865079365079	0.841666666667	0.894230769231
sample9	0.767123287671	0.722222222222	0.715909090909	0.7	0.74025974026	0.644444444444	0.788461538462	0.0	0.85393258427	0.565217391304	0.680555555556	0.754385964912
sample10	0.877551020408	0.794642857143	0.853448275862	0.949152542373	0.818181818182	0.775862068966	0.868217054264	0.85393258427	0.0	0.833333333333	0.861386138614	0.833333333333
sample11	0.69512195122	0.718446601942	0.75	0.698924731183	0.836734693878	0.758928571429	0.865079365079	0.565217391304	0.833333333333	0.0	0.697674418605	0.794520547945
sample12	0.743902439024	0.745098039216	0.701030927835	0.768421052632	0.75	0.815789473684	0.841666666667	0.680555555556	0.861386138614	0.697674418605	0.0	0.8
sample13	0.80303030303	0.905263157895	0.903225806452	0.879518072289	0.753623188406	0.84375	0.894230769231	0.754385964912	0.833333333333	0.794520547945	0.8	0.0