Eigvals	14
218.892297109	163.175443245	75.1758742078	58.8276047112	46.833444269	40.5934598179	31.9629318319	28.0762694078	25.4492491448	22.949676048	18.1616855581	14.9562450999	11.4710776741	0.0

Proportion explained	14
0.289339046857	0.215690674558	0.0993699462119	0.0777602652118	0.0619059889488	0.0536577720069	0.0422496558954	0.037112137508	0.0336396556116	0.0303356375766	0.0240067140694	0.0197696573105	0.0151628482339	0.0

Species	0	0

Site	14	14
sample1	-3.3331345131	1.92634953106	1.42919580806	-1.06186346741	-1.68891564447	0.783067273139	0.310691911159	-0.340612239688	-0.885402164401	-2.46052114496	-1.41243040424	0.956560715616	-1.72680138182	0.0
sample2	1.19736316023	4.27962054056	1.56350063417	-0.998841462346	-1.47457212566	1.83596719869	-2.14479901135	1.0501223374	-1.96021669	0.304839448948	-0.586259287594	-0.414742198648	1.73420857618	0.0
sample3	7.44762732191	5.102864851	2.86797492054	3.38975629943	0.0906561909159	-1.16524625543	0.287892305917	-0.894995273571	0.821926375734	-0.418024711327	1.06724002809	0.852663699087	-0.0845875964949	0.0
sample4	0.524439249833	3.9528044905	0.103579618893	-3.0942738754	0.701450054723	-1.2615727441	0.710920730439	-0.999692210118	1.55852271768	-0.250246130432	-0.363709104309	-2.61947256476	-0.194677176156	0.0
sample5	5.7782105906	-4.13114045552	-1.82401348004	-1.00641149075	-3.87642096956	-1.9546611512	-0.827275804284	0.237031034406	0.413655292174	1.47751337347	-0.858631292518	0.267544812138	-0.52867238207	0.0
sample6	-2.97643666228	-1.74051948042	0.454387934643	-3.41695540366	-0.742750060199	-0.279131348841	1.39768593285	-1.31432916088	1.02231372057	-0.399019622264	1.33463413603	1.66999709301	1.512464795	0.0
sample7	0.14985816944	-4.32069292486	3.15902473614	-0.131336113363	0.11301637167	1.24333461697	0.260350514262	3.4937581055	1.23669087689	-0.513925677302	1.26816868222	-0.648787310993	-0.447894283131	0.0
sample8	3.74736951271	-5.76074119913	2.21691028084	-0.0286199421277	2.43083732733	0.337554704892	1.75637033968	-1.46763798748	-2.45971576694	0.432485806395	-0.778177719705	-0.449117125288	0.0913482752863	0.0
sample9	-1.19238374148	-1.61769184758	-3.36417255578	3.52465121183	-2.04364795447	3.05134314287	1.13411524522	-1.24247782346	0.6683932472	-0.693600743533	0.248412009476	-1.03168986407	0.447556551555	0.0
sample10	3.62424608596	2.13847168763	-3.67768757104	-1.11084632108	3.24456181864	2.06595855774	0.293176061815	1.19914714815	1.14706800126	0.59916434431	-1.17583236116	1.27853446717	-0.187071280728	0.0
sample11	-4.39870689334	2.52435682761	-0.232034771322	-0.325143415269	0.0146944639956	0.927826373148	-0.244231418863	-0.64697349139	-1.1395323378	2.83498802466	1.84961243196	0.0788774965984	-1.39896015269	0.0
sample12	-5.99858105618	-2.39808250735	2.26415223206	2.13728845563	1.38429666901	-0.646666361871	-2.52664117575	-1.03752345559	1.82318962017	0.828457620485	-1.4943275266	0.222483015494	0.283974836644	0.0
sample13	-4.92729420473	2.04965786454	-1.55927277215	2.14464892018	0.0629205463173	-3.1944769846	2.34423914988	2.10177914551	-1.04241583219	0.288844956504	-0.625195890522	0.0398934685865	0.61226294305	0.0
sample14	0.357422980418	-2.00525737804	-3.40154501501	-0.0220533956737	1.78387331176	-1.74329702141	-2.75249478097	-0.137596128778	-1.20447706035	-2.03095554495	1.52649629888	-0.202745703944	-0.113151724618	0.0

Biplot	0	0

Site constraints	0	0
