Eigvals	12
559.370462974	225.789071764	121.594630184	113.379707692	87.0379156922	60.6409371992	58.0323105517	41.859932735	25.9016519902	21.1343596296	14.1371590961	0.0

Proportion explained	12
0.420934355336	0.169909538769	0.0915017160483	0.0853198681815	0.0654972891077	0.0456331814004	0.043670152158	0.0315002041876	0.0194913673573	0.0159039109767	0.0106384164776	0.0

Species	0	0

Site	12	12
sample1	-10.2293729663	7.29971833045	0.617382590701	-0.765352791644	5.99127613471	1.23457584631	-1.29689327554	0.0495652055742	0.116012838407	-0.479144034987	0.321914350561	-0.0
sample2	-9.33662523097	3.42527510973	-0.963882205986	0.0887692578041	-6.35379763149	3.14587983676	-0.954002087342	-0.228516267422	-1.18976156742	0.187741947121	0.111313687755	-0.0
sample3	-7.11213963626	-9.61575239581	6.89629880125	-0.873467889001	0.631750262336	0.834258684	0.0800458199932	0.240317220404	-0.122375775269	-0.0200193092222	-0.101167370845	-0.0
sample4	-7.24992646669	-0.351224959244	-1.21641530229	3.34737736478	-1.76597683725	-4.38550535238	-0.673256261342	-1.21829744319	2.83590638913	-0.189533860161	0.195653129576	-0.0
sample5	-0.0412070910867	-2.17472433416	-3.31636200464	-6.76484731588	0.0305702753896	-3.43434371037	-1.6368971589	-0.612790980722	-1.84629131119	-0.350825473724	-0.453650390776	-0.0
sample7	-3.71910399994	-0.656473929493	-2.93581933935	1.51290906654	1.25850984234	-0.523677658999	5.91004296364	0.493573636979	-1.06139260266	1.53640594385	-0.434469908555	-0.0
sample8	3.66485237799	-3.31680770417	-3.60695637727	0.85519829541	0.11640625609	1.58792842981	0.89390955084	2.49658576929	0.537489673397	-3.16006272941	0.77445016968	-0.0
sample9	4.91488929785	-1.57939086123	-1.45504501837	3.60193546342	0.927423470206	-0.109452830916	-3.69901615073	3.27258498282	-0.506467985099	2.09552820256	-0.398042411281	-0.0
sample12	6.56582156457	-2.80705317311	-2.75554799748	-0.154087431851	1.30248398866	3.46922068661	-0.685045109551	-3.75017252335	1.41345158538	0.492105124821	-1.13692564004	-0.0
sample14	7.63688960244	3.96185383311	3.99447184184	4.1110350844	-0.350202457803	-1.60544471004	0.244524641651	-1.33133849946	-1.97425394093	-1.59251751811	-1.21741471509	-0.0
sample15	7.93658588634	0.780315136557	1.44636332182	-0.261818200612	-0.06440789444	-0.270090832041	0.311774977406	-1.5349574082	-0.483767267594	0.961968665802	3.08113680215	-0.0
sample17	6.96933666207	5.03426494737	3.29551168977	-4.69765090337	-1.72403540874	0.0566516112619	1.50481208988	2.12344630729	2.28144996385	0.51835304145	-0.742797703137	-0.0

Biplot	0	0

Site constraints	0	0
