Eigvals	5
0.599217756921	0.358371245255	0.212402070883	0.180525881616	0.0

Proportion explained	5
0.443695101233	0.265358568076	0.157274642238	0.133671688453	0.0

Species	0	0

Site	5	5
sample2	-0.336916078369	0.00451889983793	-0.345368433775	0.0939897632021	0.0
sample5	0.29978406946	0.17516614892	-0.0788268913913	-0.310818255396	0.0
sample6	0.525313238987	-0.103727832979	0.0160790736439	0.235890959544	0.0
sample9	-0.225112087694	-0.434225647262	0.163002900513	-0.107657643262	0.0
sample10	-0.263069142384	0.358268431483	0.24511335101	0.0885951759121	0.0

Biplot	0	0

Site constraints	0	0
