Eigvals	5
0.454434706912	0.237140000976	0.0949975562086	0.031774593323	0.0

Proportion explained	5
0.555308183555	0.289779326243	0.116084708272	0.0388277819301	0.0

Species	0	0

Site	5	5
MCT.f.0481	-0.339112462292	0.174537621758	0.0838294427545	-0.10462608447	0.0
MCT.f.0482	-0.351876737805	-0.0101389595592	-0.0410323932349	0.127221506175	0.0
MCT.f.0486	0.0380492544861	-0.395704953531	-0.0654869516316	-0.0538833164181	0.0
MCT.f.0489	0.348910718876	0.00785678530868	0.213508952276	0.0406418089854	0.0
MCT.f.0492	0.304029226735	0.223449506023	-0.190819050164	-0.00935391427315	0.0

Biplot	0	0

Site constraints	0	0
