Eigvals	13
0.593006340497	0.500343962874	0.401943066553	0.353129117978	0.326767311831	0.275992689812	0.232816500297	0.209773881091	0.193208688852	0.131417670981	0.119580039639	0.0840692544242	0.0

Proportion explained	13
0.173289868976	0.146211825824	0.117456857679	0.10319231753	0.0954888013598	0.0806513080717	0.0680342486693	0.061300674017	0.0564599500708	0.0384032166779	0.0349439929829	0.0245669381408	0.0

Species	0	0

Site	13	13
sample1	-0.0657757387249	0.318486036148	0.246875005389	0.0274914125671	0.0566232591092	-0.0488246110457	-0.282691252985	-0.0691171334826	-0.00250684874329	-0.0501008434337	0.118097518726	-0.0572918650963	-0.0
sample2	0.25292691847	-0.255803869797	-0.110037853326	0.0785152574841	-0.384385878279	-0.0212115277598	-0.115048232922	0.0192976610811	-0.0602444994147	0.0332220546046	0.0717114421808	-0.0675187203854	-0.0
sample3	0.120920273697	0.0342369522062	0.0428745081655	-0.0344546691283	0.107190220556	-0.292489229421	0.0948260165276	-0.0636709686904	-0.265446584026	0.110736039016	-0.0152073027833	0.0459583622571	-0.0
sample4	-0.0993723080734	0.0876410620801	-0.257685789419	0.0630894072814	0.054729570811	-0.267995880774	0.128676965136	0.032845971263	0.184184272375	-0.0652215757307	0.0190276266157	-0.115237739019	-0.0
sample5	0.133320301171	0.363378244843	-0.135778346878	0.0308215890356	-0.049562917709	0.22565737361	0.150325031269	0.11600451629	-0.158305865786	-0.112742256107	0.00730681547675	-0.00669861768538	-0.0
sample6	-0.249084270975	0.0415173493116	0.282560170167	0.184531687987	-0.105431112746	0.0948528496249	0.136691486653	0.0402547710248	0.0422131057203	0.165047959974	-0.0955328107179	-0.0780805911419	-0.0
sample7	-0.256044223682	-0.135861541054	0.18913539992	-0.0345290351251	-0.161781754966	-0.0802455522844	0.112435270677	0.0464070453046	0.0375587945377	-0.148021464947	0.083518255209	0.154220056662	-0.0
sample8	0.217755206656	0.241344105738	-0.0795194029362	-0.0687486792279	-0.124606242511	-0.0174886096983	-0.0790530452393	-0.0860349733638	0.184953719251	0.0667477868944	-0.141990962776	0.132006583947	-0.0
sample9	0.350261074614	-0.139937643796	0.164877520105	-0.193230948141	0.200867739874	0.0562542414679	0.0379539768333	0.214632503016	0.118998885711	0.0560160395902	0.0727230223874	-0.0114492592052	-0.0
sample10	0.0628642151383	-0.138340500058	-0.0133205378666	-0.0668895172393	0.0866255126515	0.174780533799	0.1356389803	-0.351683867932	0.0383290995004	-0.0145942450583	0.071461147399	-0.030207863994	-0.0
sample11	0.0774183868136	-0.219253928655	-0.0445920313122	0.40076095067	0.226205174827	0.0467351153799	-0.108188502176	0.0211233806506	-0.0131253702808	-0.0789840380578	-0.081710686003	0.0550318414687	-0.0
sample12	-0.158197075697	-0.161438880484	0.0157384948438	-0.300159012161	0.0103140338919	0.016100386782	-0.102648769237	0.0128763837239	-0.0782161641329	-0.112701912916	-0.197046575466	-0.0781826892967	-0.0
sample13	-0.386992759408	-0.0359673864826	-0.301127136854	-0.0871984440018	0.0832123944921	0.113874910319	-0.108917924836	0.0670647111143	-0.0283925447115	0.150596456171	0.0876425097513	0.0574505014892	-0.0

Biplot	0	0

Site constraints	0	0
