Eigvals	9
0.604825608528	0.40978366748	0.163303725569	0.0810354614437	0.0368402856289	0.00424966016607	0.0	0.0	0.0

Proportion explained	9
0.465236722567	0.31520889283	0.125614539126	0.0623331286939	0.0283378440045	0.00326887277887	0.0	0.0	0.0

Species	0	0

Site	9	9
MCT.f.0243	-0.382306779839	0.046909807742	0.187195981016	-0.131401693792	0.00365115377565	-0.0198550379207	0.0	0.0	0.0
MCT.f.0244	-0.353185983074	0.0740162457292	0.0575570843544	0.0703442027242	-0.0104984125742	0.0428904006729	0.0	0.0	0.0
MCT.f.0245	-0.27593355966	0.00589744396161	-0.122957221716	0.103360609249	0.0575594411875	-0.0295457137309	0.0	0.0	0.0
MCT.f.0247	-0.0844890515178	-0.151701447831	-0.227740954832	0.014115958343	-0.0865506257268	0.00780849203025	0.0	0.0	0.0
MCT.f.0249	0.146872296261	-0.33379168187	-0.0767919094291	-0.0779912909201	0.0846840209395	-0.00190382131057	0.0	0.0	0.0
MCT.f.0250	0.219486997473	-0.289793125335	0.154051291478	-0.0202345261669	-0.0730950285711	0.00330611600511	0.0	0.0	0.0
MCT.f.0252	0.291276953954	0.0498136893814	0.133290210945	0.146490559925	0.0680439999925	0.00471251830204	0.0	0.0	0.0
MCT.f.0254	0.222011244796	0.267797369645	-0.00181449724858	0.0328260448477	-0.0843848898989	-0.0262640778103	0.0	0.0	0.0
MCT.f.0255	0.216267881607	0.330851698576	-0.102789984567	-0.13750986421	0.0405903408759	0.0188511237622	0.0	0.0	0.0

Biplot	0	0

Site constraints	0	0
