Eigvals	13
0.894366264385	0.428095474192	0.313086526248	0.276511787588	0.161832629149	0.106339935977	0.0547720407606	0.0158676750639	0.00379478194912	0.0	0.0	0.0	0.0

Proportion explained	13
0.396673308583	0.18987081121	0.138861530432	0.122639739459	0.0717767283917	0.0471643619828	0.024292739442	0.00703770191002	0.00168307858989	0.0	0.0	0.0	0.0

Species	0	0

Site	13	13
MCT.f.0360	-0.123804577475	0.133476497024	0.180122099952	-0.292609480369	0.0643907955967	-0.0445937551069	0.0994736775259	-0.00422472111113	0.0119874825936	0.0	0.0	0.0	0.0
MCT.f.0361	-0.200671350231	0.126145650672	0.250368470042	-0.112029090014	-0.0332506468091	0.0188015297296	-0.0428298629173	0.0303210785691	-0.0321478044184	0.0	0.0	0.0	0.0
MCT.f.0362	-0.252757878379	0.100013743938	0.141494338239	0.0720992077117	-0.0768537373517	0.0242909408992	-0.0948736913487	-0.0661051764446	0.0283109478538	0.0	0.0	0.0	0.0
MCT.f.0363	-0.273703264579	0.0949245954385	0.0370238520202	0.289008759272	-0.0743889638939	0.0182353668286	0.00796265247324	0.068726265001	0.00674510214454	0.0	0.0	0.0	0.0
MCT.f.0364	-0.301804826314	-0.0327435302605	-0.103211194943	0.186095911308	0.0488628514362	-0.0422394393584	0.112341025877	-0.0609415598215	-0.0211130911365	0.0	0.0	0.0	0.0
MCT.f.0365	-0.260130447052	-0.0734542439439	-0.195164970343	-0.0461232529524	0.203938956001	-0.0457673240799	-0.00735818961105	0.0388582145585	0.0145734614474	0.0	0.0	0.0	0.0
MCT.f.0366	-0.15337754306	-0.146317703597	-0.189665718601	-0.138017441731	0.0668747017817	0.136975731018	-0.0978397058134	-0.0107885203148	-0.00905753625215	0.0	0.0	0.0	0.0
MCT.f.0368	0.0611881738729	-0.287310345471	-0.0421154827919	-0.0707034165237	-0.210571002946	0.117243931987	0.0699300553534	0.00929327498914	-0.00152827366935	0.0	0.0	0.0	0.0
MCT.f.0369	0.156625167009	-0.275024195593	0.0251995828014	-0.0395232240408	-0.0843086600693	-0.154455618376	-0.0246038547057	-0.00575079479082	-0.000885918101894	0.0	0.0	0.0	0.0
MCT.f.0370	0.300172091306	-0.191160267989	0.114099124514	0.0697409308669	0.0541247302348	-0.0689919705311	-0.00858243243286	0.0142124727325	0.0175978181303	0.0	0.0	0.0	0.0
MCT.f.0371	0.403703265544	0.0264106233796	0.0848018072863	0.116893413718	0.122880822256	-0.0198323658473	-0.0491247290745	-0.012283157859	-0.0240409714384	0.0	0.0	0.0	0.0
MCT.f.0372	0.441876570118	0.17820342545	-0.00426326604778	0.0462751903953	0.0684089887335	0.164066004335	0.0572378976658	-0.00411294059028	0.0116332299241	0.0	0.0	0.0	0.0
MCT.f.0374	0.202684619241	0.346835750952	-0.298688642126	-0.0811075076411	-0.15010883497	-0.103733031498	-0.0217328429919	0.00279556508192	-0.00207444707698	0.0	0.0	0.0	0.0

Biplot	0	0

Site constraints	0	0
