Eigvals	12
0.817734904701	0.479687360753	0.234261301621	0.0945732868857	0.0397212987168	0.0202144847489	0.00904206242812	0.0	0.0	0.0	0.0	0.0

Proportion explained	12
0.482372679589	0.282962212131	0.138188123238	0.0557877247875	0.0234311501057	0.0119242985946	0.00533381155358	0.0	0.0	0.0	0.0	0.0

Species	0	0

Site	12	12
MCT.f.0226	-0.250213620324	0.257966868252	0.167448541934	-0.165347232458	0.0507547019594	-0.0118917533976	0.0108178941381	-0.0	0.0	0.0	0.0	0.0
MCT.f.0227	-0.304679078559	0.179337830277	0.113673568683	-0.015513670772	-0.0406911868552	0.0258926355482	-0.0380027509094	-0.0	0.0	0.0	0.0	0.0
MCT.f.0228	-0.343010069142	0.0140966400458	0.0324055399549	0.0887931935245	-0.0786551722896	-0.00416866225781	0.0500062497393	-0.0	0.0	0.0	0.0	0.0
MCT.f.0229	-0.328565661853	-0.11316649208	-0.0486788522621	0.113780437314	0.0269228594591	-0.0571611087615	-0.0269273673148	-0.0	0.0	0.0	0.0	0.0
MCT.f.0230	-0.202175099722	-0.218634981557	-0.0727547790225	0.0466531193603	0.0918412409498	0.0685698142083	0.00874282967997	-0.0	0.0	0.0	0.0	0.0
MCT.f.0231	0.00103166481767	-0.306589379293	-0.0877281337228	-0.0634085322559	-0.0591744351823	0.0317283153135	-0.0253293204108	-0.0	0.0	0.0	0.0	0.0
MCT.f.0232	0.11882352249	-0.278680584805	-0.0265323089123	-0.114791842165	-0.00902207433264	-0.0678962857801	0.0349295735161	-0.0	0.0	0.0	0.0	0.0
MCT.f.0233	0.285869373847	-0.122640623743	0.116401785335	-0.0329921490931	0.0606843891117	-0.0113563552316	-0.0288654842623	-0.0	0.0	0.0	0.0	0.0
MCT.f.0234	0.341885139781	0.0123365342047	0.109858011185	0.00615397113372	-0.034808019626	0.0674872450443	0.0244046870414	-0.0	0.0	0.0	0.0	0.0
MCT.f.0235	0.316669344871	0.0842621794906	0.0773218373882	0.074593954413	-0.0748544372631	-0.0289368645138	-0.0236714736866	-0.0	0.0	0.0	0.0	0.0
MCT.f.0236	0.272806690372	0.194239730446	-0.00116631085268	0.126356915844	0.0771940959413	-0.0162177516268	0.0177028212888	-0.0	0.0	0.0	0.0	0.0
MCT.f.0238	0.0915577934203	0.297472278761	-0.380248899708	-0.0642781648452	-0.0101919618725	0.00395077145503	-0.0038076588197	-0.0	0.0	0.0	0.0	0.0

Biplot	0	0

Site constraints	0	0
