Eigvals	11
322.046721388	182.328551404	124.880221465	96.0341248865	56.5856295485	55.7657412853	30.5566960614	25.537774262	20.8054613818	19.4027535723	0.0

Proportion explained	11
0.344824564822	0.195224354782	0.133712797434	0.102826463127	0.0605878395536	0.0597099619205	0.0327179217238	0.0273440197076	0.0222769979958	0.0207750789329	0.0

Species	0	0

Site	11	11
MCT.f.0206	-4.59413986842	2.99063597689	0.824474885984	-3.90510418366	2.23167354326	-3.96519176423	0.154422333806	0.831282767504	1.96744751256	0.948974696452	0.0
MCT.f.0209	-4.7267839958	4.73456340295	1.03146156372	3.53338702107	1.85094187429	-1.56952527222	1.47366586559	-0.0704917075897	-2.02091377004	-1.99906484231	0.0
MCT.f.0211	-10.5434584752	0.608389147185	-5.98708749373	-1.34243810746	-0.48127051577	3.4103833695	-1.1279278582	-0.088088174713	0.10807458276	-0.133606781504	0.0
MCT.f.0213	-0.211134881598	1.33879056906	1.88016869209	5.87522712729	-1.54596055992	1.49819565516	0.612277945633	2.27969592475	1.29376014048	1.60440516864	0.0
MCT.f.0214	-3.32450452958	-11.7449621733	2.32751756173	0.25066533227	1.55628506591	-0.0589945247578	0.839662072187	0.0536399364501	-0.0325149896084	-0.395620769173	0.0
MCT.f.0215	-2.29442471451	0.953108413162	4.83013940788	0.810145913902	-1.78065264926	-0.533252294367	-2.4813151674	-2.98718286959	-0.550916749102	1.14423959928	0.0
MCT.f.0216	2.84541617581	2.2115308324	3.65945990561	-5.24378372275	-1.18797039675	3.07331590008	2.48087058233	0.326364640744	-1.07276662887	0.402343746091	0.0
MCT.f.0218	7.04390570715	1.2992117533	-1.00189266198	1.07916713354	1.63035790898	1.74603385453	0.584990734301	-2.1719020942	2.54090091722	-1.51141696031	0.0
MCT.f.0219	7.6390835372	-0.303041258113	-3.7594890891	0.454475209016	3.65998160768	0.0671513546215	-0.98474963865	0.154813609288	-1.77231405894	1.92808472552	0.0
MCT.f.0220	4.99450072887	-0.301648351519	1.19935282955	-1.54604815591	-1.40183279173	-0.386562024554	-3.14039752773	2.33019823027	-0.174674014609	-2.06833315147	0.0
MCT.f.0221	3.17154031607	-1.78657831202	-5.00410560177	0.0343064326813	-4.53155308669	-3.28155425376	1.58850065814	-0.658330262907	-0.286082941854	0.0799945687796	0.0

Biplot	0	0

Site constraints	0	0
