Eigvals	10
152.429132432	104.717159716	77.9102650024	55.7638528908	43.1922633607	39.7125518013	25.8134658084	24.3068502038	15.7282836444	0.0

Proportion explained	10
0.282499123214	0.194073831775	0.144392224776	0.103347957817	0.0800488484999	0.0735998485686	0.0478404707922	0.0450482382278	0.0291494563296	0.0

Species	0	0

Site	10	10
MCT.f.0037	-3.00570575529	3.73278731178	3.43013877058	-0.160890793464	-0.0499955956861	0.399550688215	0.146590455421	-1.22609139265	2.77451299743	0.0
MCT.f.0038	-3.36719188595	1.16401884451	4.44264655333	-0.781835693396	0.740293248019	2.4143729763	-0.901449837058	0.122076845195	-2.3690001465	0.0
MCT.f.0039	7.61164975705	2.90253880254	2.15342011839	3.78998097942	0.461090600792	-1.6006352311	0.575514182483	0.789573110137	-0.476460476795	0.0
MCT.f.0042	-3.77905857479	-1.87321467643	-2.65248420173	2.0675897541	4.40250730149	-0.526367249188	1.56339649902	-1.12554060927	-0.228229376959	0.0
MCT.f.0043	-1.50801965045	-3.23001138805	-1.5721187542	2.77958957381	-1.32455336541	2.74097562465	-0.655265853612	2.72839993153	0.99133592999	0.0
MCT.f.0044	-1.09057359516	5.78227665353	-5.3352931685	-0.346843994643	-1.01029989859	-0.384287491633	-1.98255219022	-0.376806540377	-0.559958682457	0.0
MCT.f.0045	4.38493855691	-3.21799695521	-0.98476204838	-0.1825220872	-2.3143638935	2.11687372075	0.654315175374	-3.13715328993	-0.23771209419	0.0
MCT.f.0048	-4.63016335405	-2.67833376856	1.06310442681	0.209946276164	-3.18731712554	-4.01458814889	0.565945909106	0.115593419916	-0.582239830341	0.0
MCT.f.0049	1.9128263362	1.23529412902	-1.15244895086	-4.51472832316	0.104155767978	0.419369138428	2.94036951883	1.83957500088	0.0192343110902	0.0
MCT.f.0050	3.47129816552	-3.81735895313	0.607797254569	-2.86028569163	2.17848296045	-1.56526402754	-2.90686385935	0.270373524576	0.668517368731	0.0

Biplot	0	0

Site constraints	0	0
