Eigvals	15
0.715111862025	0.629368612418	0.590759847749	0.512893843028	0.405548494796	0.358841459512	0.299279680847	0.256808947195	0.225594230211	0.213063601974	0.168407245115	0.133740248522	0.116017884022	0.106375177214	0.0

Proportion explained	15
0.151128572481	0.133007974011	0.124848568749	0.108392712312	0.0857068220301	0.0758359641376	0.0632484417345	0.0542728650591	0.0476760850745	0.0450279176222	0.0355904410223	0.0282640715609	0.0245187055698	0.0224808586368	0.0

Species	0	0

Site	15	15
sample9	-0.38648482934	0.043752779979	0.432212789437	-0.00348147601741	-0.233292499417	-0.0544001390988	0.233744911323	0.0648942499675	0.00393539668553	-0.0579109310624	0.0632928493139	0.0548359785361	0.00523319721845	-0.0124212460234	-0.0
sample2	0.357542511037	-0.0871477180814	0.117090741451	0.00581643345189	-0.0892518852409	-0.0378141223281	-0.0453167295807	0.0219809013515	0.0119751203218	0.140085298391	0.00396805850454	0.188647345547	0.0123246664075	0.186397858012	-0.0
sample3	0.101006396116	-0.389617866507	-0.0614425041036	0.09614925901	-0.0186628358	-0.19089092594	0.12444214388	0.145904895989	-0.0779907662371	0.0693613401676	-0.216270900316	-0.0542527578501	0.0275443249023	-0.0802766587432	-0.0
sample4	0.0484150271378	-0.312632602372	-0.136000428819	0.143740862913	-0.298516866545	0.0669017913287	-0.171227790796	-0.00539386846693	0.189952112402	-0.156188767658	0.100279906389	-0.0708050708525	0.0117714234885	-0.0023288243717	-0.0
sample6	-0.136502801156	0.104600674748	-0.361063087808	-0.0901674412124	-0.116579136465	0.0332374894756	-0.0290910715928	0.0678115452153	-0.0179158928462	0.174752400198	0.0898517780898	0.14516979887	-0.0710968534642	-0.146661031187	-0.0
sample7	-0.160872745245	-0.304438120095	-0.0787858292311	0.144661053319	0.303996220177	0.257271586417	0.173565677648	-0.178874591233	0.014431473891	-0.0181655137094	0.033015946667	0.0786357153028	0.023616427104	0.0103652647741	-0.0
sample8	0.108342580541	0.211793857558	-0.00280104914218	0.0667626539932	-0.207637518996	0.120201275753	-0.0612079314542	-0.239145325037	-0.216836876701	-0.125358449625	-0.160886993305	0.0320899267159	-0.00710361605979	-0.0344283123949	-0.0
sample10	0.162335564347	-0.148413692571	0.103808211013	-0.28011597067	0.046331254494	-0.181420694243	0.0338245504211	-0.214065390511	-0.0660868209824	0.0545069510134	0.133555540332	-0.119990956901	-0.137307659237	-0.0130655722944	-0.0
sample11	0.247814361829	0.20666450058	0.111192360477	-0.0458742514413	0.0168110520428	0.0751781679445	0.041706055546	-0.0486274193351	0.0840295035519	0.133365942911	0.0578161667055	-0.0871521056294	0.230205845337	-0.0892574109733	-0.0
sample12	0.0486758208673	-0.0644497638541	0.120798147866	-0.453009328982	0.163447894506	0.142070078603	-0.136631828542	0.173638561986	0.00560762032596	-0.17472453336	-0.0592287607117	0.0516033672182	0.0109030127452	-0.0349907889723	-0.0
sample13	0.182737127339	0.166265264449	-0.131478312089	0.174264566267	0.0618775049555	0.105380404096	0.11452344652	0.232689118885	-0.202295196356	-0.0802899440337	0.141937945825	-0.0999539956427	-0.0369674004248	0.0663833862197	-0.0
sample14	-0.420814857659	-0.024587780552	0.127366334058	0.0810002038134	0.0668998072924	0.0549364001175	-0.30229154032	0.0240689124071	-0.101930160031	0.176696068277	-0.0259419912117	-0.101135799454	0.0149505236477	0.0672049240592	-0.0
sample15	-0.120615307948	0.23310255053	-0.229156047666	-0.164594598706	-0.0494344973786	0.0705548981516	0.162695175403	-0.011320113048	0.203692485054	0.0415880762859	-0.153380970549	-0.100655215458	-0.0630324361233	0.119556585557	-0.0
sample16	0.147685986425	0.225622765197	0.226041578436	0.315487734602	0.208819151966	-0.0763476567462	-0.0908834038921	0.0235822511776	0.177199221294	-0.0263231433471	-0.0454972861042	0.0264374553761	-0.136073143077	-0.0852482135732	-0.0
sample17	-0.17926483429	0.139485150992	-0.237782903879	0.00936029965934	0.145192354408	-0.38485855353	-0.0478516645624	-0.0571437293481	-0.00776722037226	-0.15139479445	0.0374887103713	0.0565263142228	0.115031687535	0.0487700399115	-0.0

Biplot	0	0

Site constraints	0	0
