Eigvals	13
192.172542748	123.464699781	106.96234564	74.0438520487	61.4595741106	40.7438506752	30.7133811736	28.6653526861	22.2766361816	15.2789997768	12.4425491739	9.59731331167	0.0

Proportion explained	13
0.267716487393	0.171999263109	0.149009754717	0.103150844028	0.0856196263123	0.0567604530265	0.042786958044	0.0399338397737	0.0310336882897	0.0212852475834	0.0173337746976	0.013370063025	0.0

Species	0	0

Site	13	13
MCT.f.0004	-3.71362064627	2.02467694149	1.22792160858	-1.24591651858	0.133349999778	-2.96640097122	0.296648315058	-2.3643266394	2.64618206177	-0.868545727804	0.121536716642	0.196414865812	0.0
MCT.f.0005	-0.924428879418	4.05880262629	4.61166258477	3.01869576701	-2.28204432257	-1.7303865355	-1.41919483814	0.482359585286	-2.16523451459	-0.482705614595	-0.256684526494	0.0604747869496	0.0
MCT.f.0006	-3.320990809	0.366581080801	1.34965339078	1.28641445098	0.850508320002	4.1837023994	-1.86257666613	0.278861025257	1.09904748882	-1.15626751204	1.21797317528	-0.263522350658	0.0
MCT.f.0007	-4.58532074116	-0.319922115609	-0.540598232034	3.4234513913	0.0248858898782	0.380846751513	0.680720328091	-0.334738429563	0.554638926728	3.05496863966	0.0673495771616	0.202095955778	0.0
MCT.f.0008	-2.24113122465	0.548131935762	1.84920992869	-2.64003774226	-0.478048655101	2.40487756526	1.47823537362	0.30654888575	-0.0702555136544	-0.230522864398	-2.51506266515	0.589725838326	0.0
MCT.f.0009	-2.63007393573	0.0444128701018	-0.30772700702	-1.78788374333	-1.6669555337	-0.225215643795	3.45092709283	1.31378554042	-0.874666491357	-0.387071682569	1.39099608929	-1.19559764839	0.0
MCT.f.0010	7.55754394939	1.56561599745	-3.83071051954	2.17005074799	-3.79653209976	1.18899623015	0.869304677622	-1.24887228787	0.60936503896	-0.411753302875	0.0833524461432	0.52446362872	0.0
MCT.f.0011	4.11042817598	4.24959125963	-1.59837043376	-2.16859547695	0.949450719555	-0.66355776891	-1.67003537117	2.15065694709	1.21321044848	0.961475853135	-0.517145438613	-1.29885881135	0.0
MCT.f.0012	3.63167918523	1.10262124809	0.931258899063	-2.05536204841	3.44460297085	0.797852509548	0.0541116682054	-3.09982873947	-2.00961447335	0.604833602744	0.466845522566	-0.349093462179	0.0
MCT.f.0013	-0.539740748507	1.34820737832	-2.96599809451	-1.06434472682	2.47822414912	-0.914140368426	0.0262316633397	1.88242394106	-0.661031744312	-0.283213545272	0.808146794138	2.16383027797	0.0
MCT.f.0014	-1.57364733132	-3.38531542328	-4.32414098754	3.56949637374	2.61273065835	-1.09734186425	0.0310939956138	-0.0185829868473	-0.616489143803	-1.30397761949	-1.18915465418	-0.918023158336	0.0
MCT.f.0016	-2.04590851773	-5.68152519745	-1.84079909431	-3.39626420225	-3.34615041179	-0.59790751439	-2.57433057779	-0.474970416679	-0.746900911418	0.412803296559	0.12797230739	0.0513851390166	0.0
MCT.f.0017	6.27521152319	-5.9218786016	5.43863795682	0.890295727565	1.07597831539	-0.761324789372	0.638864338852	1.12668357496	1.02174882772	0.0899764769491	0.193874655821	0.236704938345	0.0

Biplot	0	0

Site constraints	0	0
