Eigvals	14
212.414483333	123.072293575	117.407390121	79.5513951106	58.6331374916	49.8960327972	36.0020885095	30.2532205594	23.4915115082	22.0527570911	16.1675155548	15.9702145522	11.8586903418	0.0

Proportion explained	14
0.26659423494	0.154463873806	0.147354045047	0.0998422658626	0.0735884681049	0.0626228234602	0.0451850038278	0.0379697940695	0.0294834016958	0.0276776696805	0.0202913020458	0.0200436762295	0.0148834412299	0.0

Species	0	0

Site	14	14
MCT.f.0359	-3.20720217214	-0.437722411969	2.86557474435	-3.75481049605	0.577544898535	-1.64936315611	-2.15300898088	1.40197766065	-0.387802292329	-0.438983072297	-1.48710463642	-1.42398304613	1.08128839248	-0.0
MCT.f.0360	-3.91634747583	-0.682282464618	-1.30197024067	1.88329076005	0.28334331247	-1.62256645081	0.757044215551	-3.41170712259	-2.29702360411	1.02995670255	-0.636214303039	0.0533966909179	0.695922704362	-0.0
MCT.f.0361	-1.3638791566	-6.86034749061	-0.107299334684	1.55329093368	2.09344020933	-1.67372389512	-1.06501470298	-0.36825884315	2.57758759907	0.672471831129	0.66096359052	0.332771795933	-0.182648602456	-0.0
MCT.f.0362	-4.50188477485	1.38702451713	-0.39954624142	0.147537378232	-2.84115417757	-1.06501581674	-2.02552308694	1.13048902959	-0.606585676422	-0.0139936518596	-0.199565350861	2.28135252451	-1.35689982683	-0.0
MCT.f.0363	-5.2232530706	-4.2439876975	-1.27696579795	0.155375752198	-2.81435060821	2.15933564716	2.84521384114	1.16234133533	-0.230127556393	-1.10437073756	0.0523574969722	-1.092616394	-0.327810342426	-0.0
MCT.f.0364	-1.87414845368	3.28054020938	1.55111802094	0.910324440528	0.757741170939	-1.6741908524	0.40094851582	1.01818061296	-0.640280489278	-0.487811348309	3.13868732547	-0.39822374797	0.701353297752	-0.0
MCT.f.0365	-1.00709467222	4.30750646824	3.43364223119	1.25422889436	1.4301808423	-0.250610970709	1.24717245525	-0.376309471165	1.01706454206	1.02421269524	-0.77019065805	-1.34323415341	-1.97084408726	-0.0
MCT.f.0366	-0.794541245757	3.42073949503	0.190877142018	2.21837346211	0.162419240263	1.08887728702	1.61907837559	0.916988713295	1.8513397814	0.174211996763	-1.19097434195	1.40733149817	1.83679554651	-0.0
MCT.f.0368	-1.54889165809	1.54709837501	-4.97146235675	-4.31596896339	4.07639588194	1.90906432973	0.274183470962	-0.598385078916	0.00390599343786	-0.866179258967	0.219321632523	0.652648753025	-0.476168184949	-0.0
MCT.f.0369	5.41709916694	0.165793224995	-5.92345706105	2.39583482387	0.135825360545	-0.119011054004	-0.959366332768	2.23525270817	-0.950481878586	1.59880149258	-0.318566509008	-1.03544557193	-0.0341231356261	-0.0
MCT.f.0370	7.69453801005	-0.915682438874	0.61030255555	0.604737528799	0.0976932731509	-2.73810060676	1.26016493336	-0.267975951091	-0.411653008819	-2.88167285898	-0.68555573345	0.456188488649	-0.384876893709	-0.0
MCT.f.0371	5.39430277199	-1.89646695092	3.10547705106	-4.36677134291	-1.24206011707	0.387672133375	1.69239672947	0.0920050777133	-0.509442754074	2.36519994535	0.505467586742	0.894767719386	0.0911317007978	-0.0
MCT.f.0372	2.3768624469	-1.42171981652	4.20822129615	2.58839003038	1.22212037396	4.47019066665	-2.16691202529	-0.436892296505	-1.22901419076	-0.660025433631	0.154742438386	0.187257394243	0.0302133922423	-0.0
MCT.f.0374	2.55444028388	2.34950698123	-1.98451200874	-1.27383320185	-3.93913966058	0.777442738708	-1.72637740829	-2.49770637429	1.8125135348	-0.411818302014	0.556631462168	-0.972211951391	0.296666039104	-0.0

Biplot	0	0

Site constraints	0	0
