Eigvals	10
0.54266958354	0.403039175195	0.344284066241	0.298859659097	0.260574359217	0.233028538504	0.179449365184	0.140779923981	0.117973921735	0.0

Proportion explained	10
0.215288807898	0.159894392824	0.13658496523	0.118564116522	0.103375506692	0.0924474814557	0.0711914599239	0.0558504528891	0.0468028165644	0.0

Species	0	0

Site	10	10
sample1	-0.422793742228	-0.079761081541	0.102074509489	-0.114985995471	0.118849795971	-0.268213580288	0.0173507485485	-0.123230123461	-0.0304270030096	-0.0
sample2	0.179832615876	0.236059733644	0.134297692189	-0.00238291058141	-0.0883221443597	-0.126510561896	-0.258698229374	-0.00360797676321	0.144945629276	-0.0
sample3	-0.236681246321	0.0813881891118	0.157733641735	0.296271549385	-0.173219920725	0.00299386649738	0.160460079482	0.141370500281	0.0402528163754	-0.0
sample4	0.322319347816	0.247726394808	0.0645228926235	-0.014848296076	0.0644922376719	-0.0872674734187	0.0818932782579	0.0252413479831	-0.231155916985	-0.0
sample6	0.152525689424	-0.15257985054	0.147581502964	-0.350789847105	-0.181343492565	0.0913987583057	0.149464629927	-0.000687789541446	0.0667927888253	-0.0
sample9	-0.190677145249	0.183101398177	-0.16000759857	-0.162400110709	0.252933103897	0.151433728046	-0.015276491085	0.174551690484	0.0549081318319	-0.0
sample10	-0.203118018811	0.0643155666813	-0.0234427617682	0.0389163083122	-0.129536105726	0.285798240483	-0.124969590612	-0.169485186823	-0.109190829027	-0.0
sample11	0.218618848772	0.0154553197758	-0.148507070966	0.170650800685	0.161040108015	0.0299626792101	0.156059668587	-0.187874685129	0.137394713134	-0.0
sample13	0.148293099755	-0.428898683278	0.16219945465	0.132361115024	0.167275095082	0.061267691636	-0.124369048125	0.0802148202561	-0.0386031492302	-0.0
sample14	0.031680550966	-0.166806986838	-0.436452262346	0.00720738653624	-0.192168677262	-0.140863348575	-0.041915045608	0.0635074027137	-0.034917181191	-0.0

Biplot	0	0

Site constraints	0	0
