Eigvals	13
0.732606269971	0.517241653849	0.424212623367	0.226524716441	0.092172382246	0.0290814109071	0.018198607017	0.0128544912736	0.0063614919615	0.0	0.0	0.0	0.0

Proportion explained	13
0.355763007159	0.251179185524	0.206003094363	0.110003309581	0.0447600917832	0.0141223063749	0.00883747713315	0.00624230594036	0.00308922214156	0.0	0.0	0.0	0.0

Species	0	0

Site	13	13
MCT.f.0310	-0.216074713174	0.129841544264	0.235147586404	-0.332920194588	0.0904790144461	0.0276202277319	-0.0263647065304	0.000978591895644	0.00717192610376	0.0	0.0	0.0	0.0
MCT.f.0311	-0.299818256051	0.134094004245	0.207845219915	0.0133353607233	-0.0585029069038	-0.0310155897713	0.0678390279005	-0.0150279804224	-0.0301354890493	0.0	0.0	0.0	0.0
MCT.f.0312	-0.278438887834	0.114648183852	0.0768997286202	0.136842945936	-0.0507245349546	-0.0403370177637	-0.0474730105964	0.024291817387	-0.00165070971645	0.0	0.0	0.0	0.0
MCT.f.0313	-0.295119933724	0.00600346695142	-0.0351004795137	0.151845891177	-0.00940785652	0.00096360362018	-0.0114957749349	0.0136050301682	0.0482404606878	0.0	0.0	0.0	0.0
MCT.f.0314	-0.244648534338	-0.12860695342	-0.129355763056	0.142207995402	0.0454217013904	0.0671475013668	0.0125678757116	-0.0399290525572	-0.0182396965817	0.0	0.0	0.0	0.0
MCT.f.0315	-0.0839566296173	-0.254401416411	-0.237436348188	-0.057966843046	0.0712863694331	0.00605162646731	-0.0329694370226	0.0475860757521	-0.0213777548774	0.0	0.0	0.0	0.0
MCT.f.0316	-0.0108228082023	-0.311346611822	-0.176499522205	-0.121396159516	0.02238646519	-0.0306646223284	0.054716386754	-0.0234899535684	0.0174089638314	0.0	0.0	0.0	0.0
MCT.f.0318	0.190802600636	-0.284558227711	0.0977136509269	-0.0673042754113	-0.166286826657	-0.0536560657753	-0.031561566897	-0.00150588343777	-0.0126358057151	0.0	0.0	0.0	0.0
MCT.f.0319	0.302694945059	-0.124637056633	0.255330750299	0.0458838102629	-0.0281778152344	0.0562491477887	0.0293052722187	0.014878758688	0.0316473549228	0.0	0.0	0.0	0.0
MCT.f.0320	0.318488022415	-0.0217505185647	0.1865370663	0.131914282173	0.0775680053282	0.0460293001431	-0.0231626873939	-0.00445710032478	-0.0258312485757	0.0	0.0	0.0	0.0
MCT.f.0321	0.267639025387	0.160916888011	-0.029395469408	0.0623556698349	0.143953316211	-0.0995011219892	-0.0099492604036	-0.0331882435588	0.00822225471061	0.0	0.0	0.0	0.0
MCT.f.0322	0.208535848548	0.295712982524	-0.195023224692	-0.0208444655417	-0.01631980772	0.00464651114807	0.0517843888637	0.0627404693772	-0.00770375298622	0.0	0.0	0.0	0.0
MCT.f.0323	0.140719320895	0.284083714716	-0.256663195403	-0.0839540174066	-0.121675124009	0.0464664993619	-0.0332365076697	-0.0464825293987	0.00488349724558	0.0	0.0	0.0	0.0

Biplot	0	0

Site constraints	0	0
