Eigvals	11
0.801096093635	0.399619941786	0.236040574848	0.0544907099944	0.0242853808335	0.0146922352186	0.00611690851982	0.0	0.0	0.0	0.0

Proportion explained	11
0.521430888788	0.260111343794	0.153638056297	0.0354678291017	0.0158072768213	0.00956312897941	0.00398147621923	0.0	0.0	0.0	0.0

Species	0	0

Site	11	11
MCT.f.0515	-0.293870179352	0.193320115868	0.180254325665	-0.0762699733779	0.011034520913	-0.0689163753623	0.00289134285643	0.0	0.0	0.0	0.0
MCT.f.0516	-0.346716572009	0.111602981534	0.0872249782312	-0.00142857328568	-0.0474597416089	0.0347690881544	-0.0288289965583	0.0	0.0	0.0	0.0
MCT.f.0517	-0.389770441341	0.0798300614482	0.0494096190886	0.0663948478905	0.0175034916096	0.0405985421836	0.0284738268805	0.0	0.0	0.0	0.0
MCT.f.0519	-0.262378497711	-0.210076171921	-0.192936961709	0.0851967234996	0.0592396098194	-0.023083354774	-0.0195310869015	0.0	0.0	0.0	0.0
MCT.f.0520	-0.133481757383	-0.272172203634	-0.181716099104	-0.0655463639212	-0.0705930211798	0.00993606511039	0.0121250831739	0.0	0.0	0.0	0.0
MCT.f.0522	0.167376368306	-0.275926602414	0.124630490232	-0.024301574364	0.0247134151935	-0.0268871146042	0.0378378864458	0.0	0.0	0.0	0.0
MCT.f.0523	0.245303614765	-0.175258499267	0.116128459359	-0.0354859625364	0.0106447138108	-0.00282753300541	-0.0490703651951	0.0	0.0	0.0	0.0
MCT.f.0524	0.284463599842	-0.0180354977148	0.132319893558	-0.0010269021175	-0.0329626781553	0.0475726071647	0.00877606455829	0.0	0.0	0.0	0.0
MCT.f.0525	0.287307044833	0.108391613748	0.0510176793147	0.0815028077887	0.0536986979013	0.0187785393246	0.000893530973133	0.0	0.0	0.0	0.0
MCT.f.0526	0.278808474035	0.204122990522	-0.12390241858	0.0945544299518	-0.0764887977691	-0.0514336149976	0.00301166443002	0.0	0.0	0.0	0.0
MCT.f.0527	0.162958346014	0.254201211831	-0.242429966055	-0.123589459528	0.0506697894656	0.0214931508059	0.00342104933676	0.0	0.0	0.0	0.0

Biplot	0	0

Site constraints	0	0
