Eigvals	14
0.704828506059	0.600241119917	0.532478983663	0.414541498945	0.333485951564	0.278583086182	0.250905033834	0.210932395962	0.193716458308	0.156781131614	0.146136613298	0.117037573005	0.110778332318	0.0

Proportion explained	14
0.174012537611	0.148191339535	0.131461793011	0.102344637818	0.0823331295351	0.0687783614672	0.0619450281333	0.0520763294478	0.0478259494295	0.0387071214163	0.0360791351361	0.0288949792744	0.0273496581839	0.0

Species	0	0

Site	14	14
sample1	-0.110554715242	0.432960367988	0.167285090741	-0.0143179175338	0.137183938103	-0.275855936589	0.120428277374	-0.105891134348	0.0266429645925	0.0164597252184	-0.0826017793337	0.0711468899193	0.0332847879214	0.0
sample2	0.0535306985715	0.00709399513035	0.323254519412	0.297740774648	0.0974999551326	0.127008792538	0.0655302322482	0.0160338605101	-0.0790658087659	-0.174732683657	-0.00337087828817	-0.048636110711	-0.134082536922	0.0
sample3	-0.200856001196	-0.145964984563	0.0406759295406	0.0607367788155	0.098077923149	0.0144762329689	-0.350208933124	-0.120639436444	0.0548964554905	0.0320012176031	0.0214173552109	0.147945169004	-0.0517542003199	0.0
sample4	0.0444267746302	0.147171506261	0.259793006388	-0.062823977656	-0.252827718959	0.266946842223	-0.0119873298251	-0.00977967946367	0.0426361037631	-0.0100928713051	-0.0392327687171	0.0619125180497	0.166947148412	0.0
sample5	0.368593882817	0.0840753188885	-0.0863588308843	0.244797172627	0.068809681067	-0.0333187090951	-0.0483957848384	0.208495841818	0.216190065447	0.114218328707	0.0170792668681	-0.0160913487226	0.0187610421327	0.0
sample6	-0.127039491539	0.34426235468	-0.115312269257	-0.216262270258	-0.11415033034	0.016779987695	-0.171133447648	0.0156187972332	0.0524245701949	-0.0531144748085	0.0320431111695	-0.184867155698	-0.0948734689381	0.0
sample7	0.331507061537	0.0788619761787	-0.357642710186	0.137772936114	-0.0464315680575	0.0818461125915	0.0462773776422	-0.271557714922	-0.118949427379	0.046639382148	-6.8207974624e-05	-0.00785445214445	-0.00463035141679	0.0
sample8	-0.165629357448	-0.0620932202474	0.139906020792	0.0933851701509	-0.234741661368	-0.126301264857	0.0473542311951	0.068929440776	-0.167966793915	0.191364923041	0.162147270428	-0.00724635237388	-0.0362967558554	0.0
sample9	-0.0288652067397	-0.283703527734	-0.0472472740747	-0.109296372017	-0.219788308246	-0.044256055639	0.162156986608	-0.0267694354086	0.165367803362	0.00231130834364	-0.153256856027	0.0459229224365	-0.141311653561	0.0
sample10	0.183830537284	-0.370761128615	0.19347642499	-0.0920479912599	0.0588154558149	-0.177322482184	-0.0604288011571	-0.107137580202	0.0147596442467	-0.039316799235	0.00179507407479	-0.160595452032	0.123323198259	0.0
sample11	-0.353463167652	-0.0850131169916	-0.159102305259	-0.0137229910163	0.162238242927	0.120758711155	0.200341298845	-0.0421629857889	0.144074103158	-0.034302086842	0.190245237654	-0.00998646481721	0.0561233436401	0.0
sample12	0.33196541367	-0.0221298118619	0.0501351386706	-0.399975836403	0.192117404719	0.0701853242423	0.0408131013234	0.100801594935	-0.10919063924	0.0230397765934	0.0633830836348	0.0911744872724	-0.0614998417723	0.0
sample14	-0.0319685942419	-0.0442150804076	-0.280393901958	0.0498003644526	-0.11514612261	-0.156660815823	-0.0394260414036	0.158427643244	-0.103691278695	-0.230989202471	0.00482450176063	0.0888387282449	0.0771787254038	0.0
sample15	-0.295477834453	-0.0805446487056	-0.128468838917	0.0242141593348	0.168343108669	0.115713260773	-0.00132116723951	0.115630788062	-0.13812776226	0.116513456665	-0.21440441046	-0.0716633784278	0.0488305630166	0.0

Biplot	0	0

Site constraints	0	0
