Eigvals	11
0.859790569618	0.431411727754	0.300681812843	0.113089477875	0.0591157313717	0.0275929629786	0.0200989573734	0.006919401902	0.0	0.0	0.0

Proportion explained	11
0.472749912711	0.237208762046	0.165327820283	0.0621814691659	0.0325043770348	0.0151718003203	0.0110512730421	0.00380458539646	0.0	0.0	0.0

Species	0	0

Site	11	11
MCT.f.0241	-0.330277688864	0.0933204015845	0.261755709295	-0.0445812576375	0.114232644686	-0.0129016873576	0.0324021453017	-0.0281334552048	-0.0	0.0	0.0
MCT.f.0242	-0.372595662052	0.0709956906723	0.167409238579	0.0168722953238	0.00667109681631	-0.0191342780472	-0.0539995523827	0.0276708713868	-0.0	0.0	0.0
MCT.f.0243	-0.349076431506	0.0283528883357	-0.0181037426611	0.0289694364021	-0.117256798162	0.0621830440121	0.0189698833322	0.015351554671	-0.0	0.0	0.0
MCT.f.0244	-0.256842149319	-0.00891063738445	-0.210558436165	0.0978188166433	-0.0392157619418	-0.00135451052374	0.0580192994138	-0.00879774440791	-0.0	0.0	0.0
MCT.f.0245	-0.137884648046	-0.0995502127883	-0.272345583591	0.0165456216733	0.0386251897377	-0.0359038455365	-0.0899260824713	-0.0179066390235	-0.0	0.0	0.0
MCT.f.0247	0.0445396605173	-0.202392694282	-0.18778965377	-0.186145783232	0.0766692532731	0.00296978179814	0.0483732168364	0.0142195785173	-0.0	0.0	0.0
MCT.f.0249	0.240228791795	-0.28610034034	0.160766444761	-0.0685095583779	-0.0256247693333	0.072844078006	-0.0338315776068	0.0132916456047	-0.0	0.0	0.0
MCT.f.0250	0.240441225896	-0.281674749923	0.150900071674	0.0667137402846	-0.0837954661349	-0.0768197068274	0.0178301251666	-0.0285561488538	-0.0	0.0	0.0
MCT.f.0252	0.354135250154	0.0555856289087	-0.00462817647131	0.198062019749	0.100441820463	-0.000197535205116	0.0167041368326	0.0363505460575	-0.0	0.0	0.0
MCT.f.0254	0.308112256724	0.276867490524	-0.0355028741014	0.00497556645029	0.00396827045703	0.0771360411042	-0.0154285090089	-0.0428653564027	-0.0	0.0	0.0
MCT.f.0255	0.259219394699	0.353506534692	-0.0119029975492	-0.130720897279	-0.0747154798619	-0.0688213814228	0.000886914586362	0.0193751476556	-0.0	0.0	0.0

Biplot	0	0

Site constraints	0	0
