Eigvals	5
0.440370717473	0.365061366978	0.288502630881	0.12395712151	0.0

Proportion explained	5
0.361584423306	0.299748595019	0.236886907485	0.10178007419	0.0

Species	0	0

Site	5	5
sample2	-0.367549420523	0.0313365476788	-0.0924279875301	0.23903011259	0.0
sample3	-0.336584168386	0.1114280561	0.0220040559366	-0.250704525538	0.0
sample4	0.143733216603	-0.507773212876	-0.102475730533	-0.0359267080179	0.0
sample5	0.195625626318	0.065855476865	0.442839433601	0.0515971965414	0.0
sample6	0.364774745988	0.299153132232	-0.269939771474	-0.00399607557551	0.0

Biplot	0	0

Site constraints	0	0
