Eigvals	13
0.626381431207	0.543901702169	0.425073249443	0.347494512096	0.323158683849	0.294543502608	0.222049108183	0.193229968896	0.183724053806	0.148275156572	0.122737737486	0.0870798133496	0.0

Proportion explained	13
0.178068205643	0.154620803437	0.120840157489	0.0987860130537	0.0918678046698	0.0837330584532	0.0631242950204	0.05493156745	0.0522292184358	0.042151778065	0.034891980493	0.0247551177898	0.0

Species	0	0

Site	13	13
sample2	-0.0856533125863	0.29668775334	0.00531404912259	-0.0211510388238	-0.40083110623	-0.13330439316	-0.0366459156834	-0.055745618403	0.0871060230233	0.0466394299597	-0.0878734883849	-0.0657592849601	-0.0
sample3	-0.199568544643	-0.048665273432	0.0821050235396	0.0150289289401	0.130787506669	-0.225513578511	0.0603168781438	-0.272966603901	-0.150651341613	-0.0844326469131	-0.0545374489689	0.0363832522966	-0.0
sample4	-0.00188483730384	-0.190140667815	-0.187465641977	0.0602618303561	0.0725890473574	-0.287182611871	0.0670952728826	0.179505251196	-0.0725242025955	0.123204625099	0.0426839544864	-0.108137936154	-0.0
sample5	-0.272179118436	-0.16487911959	-0.299648660831	-0.119903886176	-0.00356332124874	0.231668045181	0.0306118250628	-0.156800954325	0.0690643416247	0.136900528656	0.0662880388351	-0.005484387849	-0.0
sample6	0.160378618861	-0.169148204712	0.128842682515	-0.391242004761	0.0241277945307	0.0977162587096	0.0207597392641	0.0410508215746	-0.0220077944385	-0.113474612166	-0.0801537863969	-0.119195720279	-0.0
sample7	0.164697456224	-0.178531357608	0.275548775495	-0.135905703994	-0.105305430815	-0.067317799965	0.0321380054897	0.0368282820495	0.0195284847419	0.150826633024	0.0545894704231	0.174141817253	-0.0
sample8	-0.32723923899	-0.0761555941544	-0.138009627159	0.0045064456924	-0.133537029789	0.0138747660603	-0.0333601228505	0.184887086607	-0.0294994334744	-0.216051506824	0.0397779741784	0.10491426383	-0.0
sample9	-0.286945110071	0.218821239023	0.234672881063	0.122574737452	0.168191725725	0.154220976491	0.197537160034	0.121432259919	0.0382085029764	0.065073806449	-0.094219628765	-0.0119326110638	-0.0
sample10	-0.0454802182134	0.0463897558215	0.0949386077961	0.0794629248509	0.076080175279	0.106099249694	-0.375918071229	0.028385501036	-0.153333598319	0.0799026379302	-0.0246338551867	-0.0180953099501	-0.0
sample11	0.106834183859	0.286590431718	-0.0896723091243	-0.113761951385	0.265983954404	-0.135532108291	-0.107141907341	-0.00189763095771	0.236168467389	-0.0474297765327	0.0627226616188	0.0347572598466	-0.0
sample12	0.0948043354956	-0.127227100362	0.229951200239	0.246710708921	-0.0694309376588	0.0653792722495	0.0152249491788	-0.0738363005761	0.0821817697564	-0.092013828432	0.197472724433	-0.0974932012904	-0.0
sample13	0.326146710934	-0.238320743908	-0.159586276852	0.249172553789	0.00538094283489	0.0613509011952	-0.00102076002519	-0.0223376358141	0.103990916393	-0.0346649569608	-0.19328669902	0.0451806278633	-0.0
sample14	0.366089074871	0.344578881679	-0.176990703825	0.00424645513894	-0.0304733210585	0.118541022218	0.130402947073	-0.00850445840607	-0.208232135466	-0.0144803332903	0.0711700827472	0.0307212304567	-0.0

Biplot	0	0

Site constraints	0	0
