Eigvals	14
0.458243985595	0.430072189348	0.363212115713	0.294026548647	0.20665438916	0.178515228424	0.160475391648	0.127698232631	0.101278282936	0.0826530303183	0.0593158012391	0.0249619353677	0.0127419617272	0.0

Proportion explained	14
0.18330865928	0.172039260528	0.145293616629	0.117617719205	0.0826667456685	0.0714104019084	0.0641940315971	0.0510823765326	0.0405137587022	0.0330632079184	0.0237277527716	0.00998537689336	0.00509709236615	0.0

Species	0	0

Site	14	14
MCT.f.0256	-0.379733864913	0.0230077058072	0.00333240822537	-0.343151635205	-0.00595704833321	0.0713905043744	0.0287520088268	-0.0332238901945	0.0964280413007	0.0615103839679	0.0408609324123	0.00925952605413	-0.0024339323284	0.0
MCT.f.0258	-0.161793671845	0.0962139265509	-0.256698494232	0.122495265173	-0.0878772747007	-0.013001484201	-0.0245461623038	-0.0136673918042	0.0131143250576	-0.00788679448119	-0.0966749560364	0.0306790242521	0.0692366566258	0.0
MCT.f.0259	-0.0659173448275	0.17914921485	-0.213516419312	0.126069443974	0.094480243396	-0.164513314593	-0.108703774394	-0.0140338655356	0.0529717668708	0.0236757558654	0.0101363351734	0.0281090092101	-0.0645530780391	0.0
MCT.f.0260	-0.0508047010508	0.470930761073	0.291469519367	0.0779683993965	0.100191632658	0.0610525792257	0.0654700732846	-0.00272963037419	-0.0335116373621	-0.0511442025644	-0.011341753538	-0.0145037920925	0.0063242885028	0.0
MCT.f.0261	-0.156811006697	-0.21684420358	-0.00796397943524	0.0434402668129	0.0674635698537	0.0945580942321	-0.108971155637	-0.0160631210527	0.00220910016581	-0.103618530388	-0.0780478991486	-0.0931149955828	-0.0198313949784	0.0
MCT.f.0263	-0.100090606091	-0.176399142902	0.172892564064	0.141591734696	0.0788445891948	-0.148586008936	-0.0534828593135	0.145852534741	0.0461665181235	0.0363070808419	0.102695664345	-0.0170386774115	0.0389855286365	0.0
MCT.f.0264	-0.157083977047	-0.105865738902	0.0354252487475	0.117431536213	-0.253369451289	-0.0134146648725	0.198246030006	0.0858254156646	-0.0643642406791	-0.0383927003478	0.00299634836686	0.0166280580214	-0.0381293910612	0.0
MCT.f.0265	0.107492071887	-0.154083018486	-0.0718927424532	-0.0615881455971	0.15971382521	-0.0968501746356	0.163631229654	-0.151882640688	-0.0101476351003	-0.134145123058	0.0454990074018	0.0268621750872	0.013827323598	0.0
MCT.f.0266	-0.00524570541655	-0.201972819122	0.157723082026	0.0761315517747	0.0982378548398	0.150528894808	-0.0917108883856	-0.0530424095858	-0.108907913162	0.0793565157932	-0.0297310331054	0.0841484223109	-0.0083762044961	0.0
MCT.f.0267	0.151840091768	0.0121269958483	0.0445038609902	0.120978513516	-0.175832908056	0.0159565211195	-0.0190091285856	-0.219412493588	0.0360912953111	0.0981116114216	0.0601907333935	-0.0500527289622	0.00456900911124	0.0
MCT.f.0269	0.157606215996	0.0503033500945	0.110786513067	-0.249371670698	-0.165157159876	-0.142085755286	-0.186293487161	0.0181770162209	-0.0911651716983	-0.0750941286098	-0.00950401431687	0.012405945017	0.00403523403435	0.0
MCT.f.0270	0.324593937958	-0.0302803594512	0.045546240613	-0.00523246191843	-0.0397585183497	0.122912865804	0.00666765608875	0.0906556510067	0.214349244225	-0.0410386751907	-0.0315247202002	0.0315227294627	-0.00638709063356	0.0
MCT.f.0271	0.154002232619	0.0880870611576	-0.298333523474	-0.0432132631889	0.035265306297	0.175497210532	-0.00632009341806	0.10785150542	-0.110796155508	0.0081578470894	0.106184427362	-0.0242183450452	0.00491448898903	0.0
MCT.f.0272	0.181946327659	-0.0343737329379	-0.0132742781923	-0.12354953495	0.0937553391554	-0.11344526757	0.136270551337	0.05569331977	-0.0424375375442	0.144200959661	-0.11173907211	-0.0406863503213	-0.00218143796085	0.0

Biplot	0	0

Site constraints	0	0
