Eigvals	15
1.017212581	0.666370093758	0.396972884019	0.232612812848	0.113389475658	0.0483041326361	0.0379952205125	0.0218957462797	0.014665032986	0.0119416894164	0.00145860292199	0.00102514159126	0.0	0.0	0.0

Proportion explained	15
0.396753005895	0.259910605389	0.154835073745	0.0907281667871	0.0442263654073	0.0188405159143	0.0148196338008	0.00854020419631	0.00571994097144	0.00465772962299	0.000568912638827	0.000399845632466	0.0	0.0	0.0

Species	0	0

Site	15	15
MCT.f.0307	-0.33568842318	0.434090285382	0.231319876892	-0.118892296433	0.168192765551	-0.0130816236129	0.0367603863821	0.00142311322634	-0.0269111811964	-0.00214152435638	0.00265960084052	0.000163318610262	-0.0	0.0	0.0
MCT.f.0308	-0.376840075391	0.305081486605	0.0359385021054	0.0481991643867	-0.128368185037	0.0616601612432	-0.103233183756	0.0034575303015	0.0428233704816	-0.0100726239429	-0.00108417899848	0.000915614752452	-0.0	0.0	0.0
MCT.f.0310	-0.359947258261	0.0571661357863	-0.140513967729	0.116656730417	-0.124589777914	-0.0367567605008	0.124594888784	0.00425276904396	0.002763173679	0.00756097452911	-0.0118285404656	-0.00332586507667	-0.0	0.0	0.0
MCT.f.0311	-0.267720513311	-0.136723435745	-0.151942443947	0.0993172148674	0.0114924379815	-0.056192144736	-0.026726614571	-0.0701254949312	-0.0212741581023	0.0200132710295	0.0189938271921	0.00577414617178	-0.0	0.0	0.0
MCT.f.0312	-0.19499771015	-0.208906626946	-0.142634346985	0.0400590098858	0.034649868133	0.0287740325654	-0.0423355096603	0.0429094564121	-0.0599210361939	-0.0166035182584	8.8326987573e-05	-0.00210265353078	-0.0	0.0	0.0
MCT.f.0313	-0.156311773592	-0.270960898587	-0.0674437481221	-0.0269604413644	0.0932610473426	-0.0629369205976	-0.019690093773	0.0719108064467	0.0394171475366	-0.0303227355752	-0.000324786082387	-0.00191620394303	-0.0	0.0	0.0
MCT.f.0314	-0.0934098331851	-0.285316617285	0.0550286959856	-0.0574590472825	0.113191779897	0.0388578631031	-0.00075005916087	-0.0418022835972	0.0438666381579	0.0357705439489	-0.0157911225964	0.000683726190757	-0.0	0.0	0.0
MCT.f.0315	-0.00342838930861	-0.267144436707	0.147859544608	-0.105508733569	-0.0501743662621	0.104875476805	0.0310730708552	-0.0350722386486	-0.00635624321097	-0.00701389347673	0.00782647945396	-0.00730317297878	-0.0	0.0	0.0
MCT.f.0316	0.10535210784	-0.157617191004	0.26105927323	-0.0971988325205	-0.135729129567	-0.000855435043925	0.0154023182033	0.0391908284668	-0.0322303840886	-0.00167472666539	0.000489482324836	0.00862831677038	-0.0	0.0	0.0
MCT.f.0318	0.25182917149	-0.033520692357	0.243289388756	0.0416578512138	-0.0413036742765	-0.122515850758	-0.0115281047028	-0.0320265020602	0.0257485965812	-0.0249063777915	0.00226652621155	0.000901775276285	-0.0	0.0	0.0
MCT.f.0319	0.297202280347	0.0799802690893	0.101572827483	0.177260082006	0.0118558823382	-0.0204235736005	-0.052610370752	0.015654968919	-0.0317453767228	0.05065469831	-0.00932454947157	-0.012800198459	-0.0	0.0	0.0
MCT.f.0320	0.321630763269	0.102537805868	-0.0175346779374	0.192747003551	0.0566460600467	0.0696391989301	0.0576829950997	0.0405714174562	0.0367490073263	0.00988077235335	0.0177421981188	0.00290758049007	-0.0	0.0	0.0
MCT.f.0321	0.306713992752	0.0960582597387	-0.110252548088	0.0960540451817	0.0483997044364	0.0402257937628	-0.00135683977662	-0.0358010700161	-0.0209298161574	-0.046655876226	-0.01501399046	0.0150250361157	-0.0	0.0	0.0
MCT.f.0322	0.283604565168	0.154262799043	-0.216120134667	-0.155299626847	-0.0172574579298	-0.00726916475003	0.00373567510546	-0.0268830687427	0.00203496110173	-0.0326817734495	0.00234702676651	-0.0182005807289	-0.0	0.0	0.0
MCT.f.0323	0.222011095512	0.13101285712	-0.229626241585	-0.250632123493	-0.0402669547398	-0.0240010528101	-0.011018558277	0.0223397677234	0.00596530080782	0.0481927895711	0.000953700178565	0.0106491603395	-0.0	0.0	0.0

Biplot	0	0

Site constraints	0	0
