Eigvals	9
146.196472512	98.9050598845	58.8057806019	49.5425502091	45.203073301	28.744670886	24.3455574831	22.5975120204	0.0

Proportion explained	9
0.308209857667	0.20851060156	0.123973724932	0.104445080555	0.095296641217	0.0605992112546	0.0513250468888	0.0476398359258	0.0

Species	0	0

Site	9	9
sample1	-8.30523287314	0.814663877962	-3.6285538378	-2.2051017677	1.46922157279	0.0307772490659	0.189350509558	-0.939570745639	0.0
sample4	4.27787814093	1.26120498005	-3.47490064889	3.92920960772	1.21532285674	0.473328145961	2.05142308949	-0.626016563216	0.0
sample5	2.57321353177	-1.17334176236	-2.6554597765	0.221674017033	-3.38605896572	-1.62671256124	-2.90604851129	-0.604839501569	0.0
sample6	0.352966734519	7.92119498054	1.42474679495	-0.498783924741	-1.09361814117	1.67881568862	-0.746914186482	1.22745381583	0.0
sample7	-2.86456511528	-3.08938313791	0.789461925349	0.237263765252	-3.61425297743	-0.103157063591	2.35801589021	2.1616837186	0.0
sample10	5.30947887787	-1.37793874685	-0.385951851652	-3.67352637862	2.90643762646	-1.19993609928	0.172627740775	1.92364335133	0.0
sample11	-1.88843958727	1.50163266364	3.93517317779	1.61610592542	1.14409226778	-3.52977181186	0.291115237859	-1.16207185341	0.0
sample12	-2.18350735449	-3.84348494881	1.64893764423	2.70758624503	2.28623524261	2.12425754141	-2.19309560499	0.980378913065	0.0
sample13	2.72820764511	-2.01454790626	2.34654657252	-2.33442748939	-0.927379482056	2.15239891093	0.783525834868	-2.96066113498	0.0

Biplot	0	0

Site constraints	0	0
