Eigvals	15
227.574939397	163.849891245	86.7987590417	59.3447542093	54.9471723285	41.3488067326	36.4996582201	28.8518608391	27.9711265776	25.3969383549	22.1237055536	18.1487285262	14.8967891301	10.8476066271	0.0

Proportion explained	15
0.278004806459	0.200158494712	0.106033081992	0.0724953589006	0.067123287165	0.0505115679411	0.0445878638756	0.0352453394466	0.0341694373347	0.0310248173667	0.027026246813	0.022170427793	0.018197869194	0.0132514010062	0.0

Species	0	0

Site	15	15
MCT.f.0377	-3.29734680815	0.919081728597	4.57055237456	1.31874344278	3.25269619452	1.07415402025	2.4786345723	-1.96819368851	-0.763264636531	-0.287146434841	-0.966659029621	-0.100288405149	-0.165831383729	-0.450115914497	-0.0
MCT.f.0378	3.39937425017	-1.74867255964	2.09740591315	1.23492089292	0.876216320463	0.153458237676	-0.818820618074	-0.805470879148	-0.00306330684287	0.650001310164	2.24948340924	1.42828649234	0.922900953318	1.85488610136	-0.0
MCT.f.0379	-0.949612601255	-4.31609550849	1.68378585665	0.988206652602	0.431252193907	1.11079902231	-0.701181103129	2.80930990748	-0.194051818314	2.20974862532	0.547391446723	0.669023820644	-0.231560933736	-1.51253887403	-0.0
MCT.f.0380	-7.06505778015	-5.43158786094	1.48801424441	-4.02319600506	-0.721111612076	-1.3156794119	-0.244783296232	-0.217377800071	0.897301088354	-0.808046420641	0.495189087027	-1.05475503924	0.86956019535	0.193280620767	-0.0
MCT.f.0381	-0.103963502056	-4.04557277197	-0.251067912061	2.59345746596	-2.03130334634	-1.13709400141	0.010412180081	-0.722031938179	0.858937319854	-1.57415518086	0.183589952822	0.385577889035	-2.61945303393	0.0827609200194	-0.0
MCT.f.0382	-5.68671931384	3.81533512523	-1.85783983232	1.72564324012	2.36947495935	-3.1774242387	-0.812966394093	1.75136762316	0.397017804181	-0.155019141759	-1.1048769263	0.854724732737	0.267592143248	0.614941043833	-0.0
MCT.f.0383	3.09997192777	1.81363361741	0.41205197829	3.12743492825	-1.14511087836	-0.88594997399	-1.46832643415	-0.92752443749	1.14026450322	-1.02511593049	0.471326660297	-1.3141629638	1.76060165936	-1.3634991162	-0.0
MCT.f.0384	-0.234157384055	4.3150905829	2.30494560963	-0.597546865052	-1.49739338506	0.76718541327	-1.3932541584	1.56126312189	-3.11576032389	-1.25230168977	0.586547452877	-1.2445196388	-0.646531962155	0.485692920521	-0.0
MCT.f.0385	-3.69790929129	5.52493074403	0.413675355654	-1.16169329387	-3.36463810921	0.638149635666	-0.777914221543	-1.79267991811	0.962215196499	2.43060432566	-0.35524478729	0.779754019872	-0.436167827005	-0.0867057890612	-0.0
MCT.f.0386	1.47256912562	1.54311518403	-2.99894216883	-2.32308667653	3.86082561377	2.12184678246	-2.2766541249	-0.754652577746	1.09351677767	-0.691694292881	0.760902633464	-0.213807878884	-0.983332681295	-0.437242797125	-0.0
MCT.f.0387	-3.0164163206	-2.47977112383	-4.34959936429	1.03348053319	-1.54083820363	3.08903568296	0.585870831705	-0.198149914964	-1.31093870995	-1.20299743348	-0.998142203742	1.12183848063	1.2232753512	0.14212365183	-0.0
MCT.f.0388	4.69517438709	-2.39393352147	0.031676850638	0.401487722344	0.118754926312	0.836681107382	-0.351742159994	0.500864328151	0.901950381547	1.39358097106	-2.63485574792	-1.9156593413	-0.0599239838586	1.26573358911	-0.0
MCT.f.0389	6.02231542678	2.62568279547	1.83356903827	-2.62962041875	-0.933368597512	0.077849718353	2.01512114649	1.6852191938	1.65661835135	-1.60970286951	-0.635293841115	1.49629162274	0.256203196054	-0.228039739602	-0.0
MCT.f.0390	5.39074271709	-1.98024535542	-1.80770333527	-2.01899881945	0.336115505223	-3.03020916567	0.00596314124605	-1.50142083369	-2.68638131879	0.859303264394	-0.666277776383	0.594159406878	0.0255701060429	-0.710022539586	-0.0
MCT.f.0391	-0.0289648331277	1.83900892413	-3.57052460848	0.330767200537	-0.0115715813383	-0.322802828661	3.7496406387	0.579477813428	0.165638691649	1.06294089763	2.06691966992	-1.4864631977	-0.182901798868	0.148745922654	-0.0

Biplot	0	0

Site constraints	0	0
