Eigvals	9
0.524563411875	0.369386872588	0.255858435903	0.237922958386	0.157938301468	0.125843239805	0.103688237691	0.0477937833802	0.0

Proportion explained	9
0.287748097225	0.202626350448	0.140350578068	0.130512111618	0.0866367053012	0.0690310303437	0.0568779530266	0.0262171739689	0.0

Species	0	0

Site	9	9
sample1	-0.163766891624	0.168215133147	-0.136838697083	-0.302961080338	0.0138051383134	-0.132825236335	-0.123591554429	0.0253813636828	0.0
sample2	-0.173661279471	-0.204992719386	0.18926909269	-0.0268094849068	-0.0193877096014	0.19229674119	-0.169748400427	-0.00482162502121	0.0
sample4	0.234298277433	-0.164679404618	-0.0572748006302	-0.0930322567249	-0.0557177365809	0.0591880859118	0.106693698699	0.15525604558	0.0
sample5	0.162145050523	-0.102932607842	-0.0659596643496	-0.05712988464	-0.262582904288	-0.023763973845	0.0491707152976	-0.122698451249	0.0
sample6	-0.237931369176	-0.298844967661	0.135722261331	0.071024238303	0.103929066378	-0.197478426204	0.0822745048796	-0.0107834608407	0.0
sample9	-0.173559833884	0.247975730372	0.0644087897336	-0.106739394764	0.11137846381	0.139816177103	0.180596592912	-0.0500717070993	0.0
sample11	0.118828633537	0.328871327007	0.25387617391	0.182291220394	-0.103975930369	-0.0811224366853	-0.0362273592849	0.0459577707708	0.0
sample12	-0.242515077848	0.0452040724522	-0.320510987856	0.285566532976	-0.0135388161807	0.0450143918806	-0.0208626685273	0.0162525457223	0.0
sample14	0.476162490511	-0.0188165634723	-0.0626921677456	0.0477901097013	0.226090428519	-0.00112532301605	-0.068305529121	-0.0544724815457	0.0

Biplot	0	0

Site constraints	0	0
