Eigvals	14
0.627347802811	0.549478464136	0.482844831467	0.39531710312	0.314940141532	0.288743428298	0.22866909398	0.216531808195	0.185571130516	0.151728066629	0.143199141843	0.139379767363	0.0951211918018	0.0

Proportion explained	14
0.164275683359	0.143885018458	0.126436506656	0.103516720657	0.082469416065	0.075609612063	0.0598787012695	0.0567004628068	0.0485931793188	0.0397311215861	0.037497759261	0.0364976276755	0.0249081908236	0.0

Species	0	0

Site	14	14
sample1	-0.287601064505	0.0842467251078	0.249351716034	-0.0139824033097	-0.324034426991	0.0538819854823	0.087939873136	0.00857003454865	-0.091182950771	0.148129785769	-0.0995061014916	0.00415203584865	0.0416623082039	-0.0
sample2	-0.318149439753	-0.0523991715973	0.0898644478169	-0.0391820189745	0.226134769656	-0.159082588066	0.230603117168	0.0974639041348	0.113850399843	0.0452546377333	0.0446546664435	0.0279127603887	-0.103363637521	-0.0
sample3	-0.282937721662	0.198620740094	0.0904843823316	-0.0653776638822	-0.122945394128	0.0515227270243	-0.123387556303	-0.0424195011702	0.0571367261381	-0.237539741439	0.118027779047	-0.0863257892045	-0.052611866992	-0.0
sample4	0.315001780955	0.173075706955	0.268600791975	0.00913805729757	0.108313089791	-0.0718225522969	-0.0455451842138	0.0691529743525	-0.250245332275	-0.04064035334	-0.0119766903506	0.0496007041185	-0.103669967385	-0.0
sample5	0.285325063336	-0.228218936567	0.309951842167	-0.154344590529	0.00588281825195	0.0978770795083	-0.0583935929237	0.0154516979252	0.135289442913	0.0910140279716	0.163288127794	-0.0276180826935	0.0693697837812	-0.0
sample6	0.207448915249	-0.280412336882	0.0136437596318	-0.0573129628848	-0.0791417828972	0.0953375716513	0.138577523269	-0.0933586645719	0.0889943189813	-0.165488178583	-0.193180468976	0.0561932459028	-0.0498653249837	-0.0
sample7	-0.165498140011	-0.0491507391842	-0.0793771706231	-0.252096944814	0.247146706603	0.0743337056679	-0.151753807598	0.0556737726942	-0.0566522925578	0.0230856519242	-0.162159682188	-0.132311892504	0.0679596921706	-0.0
sample8	-0.153983194696	-0.196704241093	-0.0944150831883	0.314097236339	0.0258987799067	0.195500045304	-0.203292416302	0.0984725376305	0.0195321187699	0.0526640915778	0.00425194093932	0.130181182063	-0.06915011783	-0.0
sample9	-0.0385892797779	0.0587620238353	-0.156864224567	0.0245251609839	0.135113747758	0.202376099098	0.145133717186	-0.28528148009	-0.133694485638	0.0418268113955	0.110155654622	0.0145437692343	0.022963055232	-0.0
sample10	-0.0154425571718	-0.0588335224743	0.120636644452	0.320171763718	0.0663765551505	-0.28936010175	-0.076161258022	-0.168952632869	0.0364825365609	-0.0251209803235	-0.0468231284966	-0.0427315795728	0.11185639773	-0.0
sample11	0.127904413424	-0.000211982685454	-0.273318569463	-0.157164089621	-0.15464705474	-0.191052264765	-0.122275275178	-0.121642331764	0.043373997158	0.141018628247	0.00560492011422	-0.0359459519366	-0.137421946177	-0.0
sample12	-0.00968860435352	-0.280691090158	-0.260169419668	-0.0531532318084	-0.126141442761	-0.135055728239	0.0710745956725	0.16761943953	-0.162796180051	-0.0877571010494	0.108230994662	0.020246515531	0.0944814230296	-0.0
sample13	0.251438724205	0.235195680397	-0.154797170911	0.237699946103	-0.0303100324402	0.10111652807	0.127378702617	0.154180683136	0.0773515184242	0.024448276495	-0.0158582808227	-0.196690128092	-8.13094786848e-05	-0.0
sample14	0.0847711047609	0.396721144252	-0.123591945989	-0.113018258618	0.0223536668392	-0.0255725066897	-0.0198984385066	0.0450695665134	0.122560182506	-0.0108955563788	-0.0247097312979	0.218793210916	0.10787151022	-0.0

Biplot	0	0

Site constraints	0	0
