Eigvals	13
0.819837741376	0.518535058705	0.369602466023	0.294130114897	0.156340785432	0.104768961422	0.0474061467757	0.0250375870805	0.005758496582	0.00011501388421	0.0	0.0	0.0

Proportion explained	13
0.350128723872	0.221451159449	0.157846404523	0.125614370483	0.0667685774024	0.0447437595426	0.0202457789348	0.0106928212388	0.00245928548775	4.91190664613e-05	0.0	0.0	0.0

Species	0	0

Site	13	13
MCT.f.0615	-0.161267935374	0.360395306063	0.0250062394077	-0.19226032197	0.124853789876	-0.0297237943889	0.105510992465	0.00797750569985	-0.0216654417157	-0.00304103244901	-0.0	0.0	0.0
MCT.f.0616	-0.197667541654	0.367556883464	0.0204630541258	-0.087006534741	0.0166930012578	0.0264492413375	-0.0752079366901	-0.0118538939039	0.0386783513322	0.00416786334663	-0.0	0.0	0.0
MCT.f.0617	-0.323988624443	0.107015659162	0.0497483643999	0.141960723728	-0.138004305595	0.0959872366911	-0.040723106494	-0.0439112599173	-0.0255446780306	-0.000288986642067	-0.0	0.0	0.0
MCT.f.0618	-0.361525570076	-0.100167992139	0.0980377203798	0.156001723868	-0.0601191395529	-0.0137690313028	-0.0210280973708	0.0908639920404	0.00762586197169	-0.003897319136	-0.0	0.0	0.0
MCT.f.0619	-0.312111594318	-0.279836184238	0.0846203406154	0.0952081476974	0.0256177316325	-0.0494940334617	0.106360968204	-0.0533076158541	0.0051161828054	0.0037865219941	-0.0	0.0	0.0
MCT.f.0620	-0.155404395021	-0.264948596584	-0.173956483908	-0.121227685877	0.169584207003	-0.0649891366875	-0.051917496674	0.0403050817205	0.00417649635668	0.00163148938162	-0.0	0.0	0.0
MCT.f.0621	0.0159629174636	-0.17694175807	-0.294347773261	-0.100094844888	0.0119184343102	0.117668341174	-0.0219388612159	-0.0629606369285	-0.000613053239351	-0.00310531229115	-0.0	0.0	0.0
MCT.f.0622	0.172472986435	0.0393461853184	-0.263758069829	-0.0514557476835	-0.137365479906	0.02845174685	0.01778577707	0.0601892657037	-0.0220580309928	0.00266098458222	-0.0	0.0	0.0
MCT.f.0623	0.272364324992	0.0670313686337	-0.134360657093	0.0932031052681	-0.128921503844	-0.0762851003757	0.0725531911524	-0.00895691762118	0.0414104218947	-0.00233825906763	-0.0	0.0	0.0
MCT.f.0624	0.26518208578	0.114776283495	-0.0310181873951	0.206390427103	0.0420514987707	-0.160430611082	-0.0472193235639	-0.0192265670982	-0.0279819270697	0.00233968925636	-0.0	0.0	0.0
MCT.f.0625	0.308418351067	0.0193764452935	0.103965020525	0.204871672165	0.198222967563	0.0922741895796	-0.0233139637339	-0.0039606409404	0.00610374633395	-0.0028251565262	-0.0	0.0	0.0
MCT.f.0627	0.322037365255	-0.110926578724	0.250865184807	-0.0841768712802	-0.0178115359322	0.143043453008	0.0418005100055	0.0349683623289	-0.00139563079192	0.00362195625088	-0.0	0.0	0.0
MCT.f.0628	0.155527629892	-0.142677021675	0.264735247226	-0.26141379339	-0.106719665583	-0.109182501343	-0.0626626531548	-0.0301266752298	-0.00385229885453	-0.00271243869978	-0.0	0.0	0.0

Biplot	0	0

Site constraints	0	0
