Eigvals	14
1.15758043914	0.520336067153	0.254418351527	0.231790382986	0.0962859323091	0.0836443772823	0.0264030464762	0.0228474621683	0.00751739035933	0.00317462187135	0.0	0.0	0.0	0.0

Proportion explained	14
0.481523031557	0.21644612505	0.105831345943	0.0964187058869	0.040052416622	0.0347938620592	0.010982973236	0.00950394363513	0.00312703676811	0.00132055924224	0.0	0.0	0.0	0.0

Species	0	0

Site	14	14
MCT.f.0443	-0.430186539155	-0.185155403674	-0.143565406108	0.293278221499	-0.129060202852	0.0508852213446	-0.0172491030542	0.00719773953226	-0.00125116561951	0.00442607007035	0.0	0.0	0.0	0.0
MCT.f.0444	-0.407490615638	-0.144832792489	-0.0504236620977	-0.0191031500139	0.12051036147	-0.0128601247024	0.0538289898446	-0.0148980260994	0.0300186034834	-0.017677197008	0.0	0.0	0.0	0.0
MCT.f.0445	-0.397127699789	-0.0915915474915	-0.0293182706223	-0.0596712107914	0.116475061604	-0.0398798434277	-0.0270265732973	0.00740336590856	-0.0329364883646	0.00422778154586	0.0	0.0	0.0	0.0
MCT.f.0446	-0.329851395584	0.00497563094126	0.0802226237302	-0.186923106034	-0.00119971580972	-0.0825474877358	-0.0234954670695	-0.00762443037388	-0.0028194446731	0.0163849781492	0.0	0.0	0.0	0.0
MCT.f.0447	-0.244271291736	0.0824287262865	0.212448393219	-0.182212848638	-0.168112010893	0.0949576366277	0.0189337757352	0.00584504208337	0.0116471537421	-0.00590246859251	0.0	0.0	0.0	0.0
MCT.f.0450	0.00118942368291	0.332250175082	0.14771658567	0.125679524385	0.0722998281959	0.0773448465659	-0.0438751703444	-0.0125722421779	-0.0288646552288	-0.0017544968613	0.0	0.0	0.0	0.0
MCT.f.0451	0.0526005910393	0.342005947336	0.0394690567056	0.135028484707	0.0702612003673	0.0205146464022	0.0220687109798	-0.00674912140622	0.0309996148568	-0.000782716121259	0.0	0.0	0.0	0.0
MCT.f.0453	0.103086141983	0.266567131413	-0.17117517106	-0.0269196161399	-0.0577435429693	-0.0949694796994	0.0610080314295	0.0819523217264	-0.0208849715171	-0.00582630684433	0.0	0.0	0.0	0.0
MCT.f.0454	0.177944224689	0.156640204703	-0.203039446994	-0.0640019823208	-0.0473639591154	-0.0660586886033	-0.0567754187298	-0.0541541125691	0.0348150121032	0.0126387938606	0.0	0.0	0.0	0.0
MCT.f.0455	0.279650209907	-0.0709184296786	-0.139839062704	-0.090330574677	-0.025151944875	0.0573116063688	0.0177355873292	-0.0750185859694	-0.0306912477477	-0.0268503284009	0.0	0.0	0.0	0.0
MCT.f.0456	0.296722356232	-0.13713814805	-0.083948668187	-0.0645821185181	0.0315306159304	0.11169065301	0.0137587471815	0.0164339845063	-0.0132544215117	0.0311310574193	0.0	0.0	0.0	0.0
MCT.f.0457	0.314306067101	-0.199652150159	0.0133982253881	-0.0421722291334	0.0679507161487	0.0859436292381	-0.0098634744395	0.0596256945619	0.0281039252547	-0.00367741674241	0.0	0.0	0.0	0.0
MCT.f.0458	0.291326021774	-0.177200207307	0.117447116937	0.0451197580505	-0.0284814937776	-0.0953678303622	-0.0805750456264	0.0356070246821	0.00105901261956	-0.020493742172	0.0	0.0	0.0	0.0
MCT.f.0459	0.292102505493	-0.178379136911	0.210607686123	0.136810847626	-0.0219149134241	-0.106964785027	0.0715264100613	-0.043048654405	-0.00594092739707	0.0141559916974	0.0	0.0	0.0	0.0

Biplot	0	0

Site constraints	0	0
