Eigvals	13
0.625193570031	0.492772215091	0.42783740348	0.358445643476	0.313921212022	0.287754078696	0.228390873087	0.215190946288	0.176991519094	0.151699075271	0.143152013697	0.105182130948	0.0

Proportion explained	13
0.177282895444	0.139732859187	0.121319631717	0.101642570527	0.0890170086134	0.0815969304426	0.0647636143662	0.0610205796412	0.0501885663546	0.0430165193458	0.0405928734609	0.0298259509011	0.0

Species	0	0

Site	13	13
sample1	-0.287886202553	0.253434461287	-0.0514500349477	-0.0455177589991	0.31636327124	-0.060570444214	0.0866500891464	0.0115044466503	0.0939441539181	-0.150145553129	-0.0973188488428	-0.0441206236797	0.0
sample2	-0.30623653639	0.0348627366004	-0.126994630253	0.0814289928425	-0.208138766105	0.157642139436	0.238445374201	0.0743443931736	-0.10813855702	-0.0445115496976	0.0464722749374	0.112909465137	0.0
sample3	-0.302433891021	0.166974456912	0.0470637128104	-0.15767255558	0.100186821092	-0.0401564101833	-0.1293651777	-0.0288020271391	-0.100358097325	0.243563867872	0.106348353879	0.0204702209854	0.0
sample4	0.298165159948	0.340613041173	0.0490077559681	-0.070616249024	-0.12292123167	0.0921855882973	-0.0548839988817	0.106467410112	0.219229007187	0.0370305564032	-0.0061372974444	0.103342798814	0.0
sample5	0.318812603996	0.159944509656	-0.339530731121	0.0488912983431	0.00629996375956	-0.11210536259	-0.0497117327832	-0.00249170657917	-0.129190808929	-0.0877640867478	0.159292477149	-0.0763962682535	0.0
sample6	0.243337273401	-0.117255806055	-0.18798352693	0.069492919942	0.0906867637959	-0.11074662643	0.142841983902	-0.122193227479	-0.0281362507208	0.161509699627	-0.186426717481	0.0778637266211	0.0
sample7	-0.1598518775	-0.113060497738	-0.153236276667	-0.183149930559	-0.268725391632	-0.0512869564874	-0.156775890037	0.0822574532697	-0.00369585253928	-0.0183236405522	-0.175490388228	-0.108604261487	0.0
sample8	-0.124422956496	-0.159458104637	0.106545278887	0.332472861176	0.00624863315874	-0.225575271287	-0.186871917434	0.0826824016187	0.0322258615049	-0.0586378203633	0.0186006930235	0.111982911261	0.0
sample9	-0.0453749314091	-0.0941944526977	0.154180011505	-0.112858314947	-0.166717978992	-0.173615897978	0.12245078192	-0.267628698589	0.138050077072	-0.0432388757257	0.112125797179	-0.0341222528057	0.0
sample10	0.000139416788213	0.102881673216	0.120546229479	0.313065241972	-0.027679922545	0.273899776223	-0.0814282230901	-0.171941745514	-0.0180958745752	0.0259498021506	-0.0506359891504	-0.121535924713	0.0
sample11	0.121631528633	-0.235370651634	0.0479209291098	-0.233640122094	0.133326311712	0.206690550055	-0.134968489163	-0.102156493207	-0.0825975540633	-0.137382094243	0.000698272691327	0.118285324518	0.0
sample12	0.0229974820047	-0.361318525508	-0.0806625034344	0.0135617798933	0.13596894424	0.126556807638	0.0759945579031	0.175827582783	0.156950962868	0.0855339572953	0.11086521295	-0.0944464765343	0.0
sample13	0.221122930597	0.0219471594264	0.414593785595	-0.0554581629653	0.00510258194656	-0.0829178924797	0.127622642017	0.1621302109	-0.170187067378	-0.0135842628901	-0.0383938406621	-0.0656286398635	0.0

Biplot	0	0

Site constraints	0	0
