Eigvals	11
474.61543092	176.834987788	121.311048135	113.015987247	62.6901500386	58.963196202	41.8643802316	25.9743600194	22.3819567504	14.8519060643	0.0

Proportion explained	11
0.426619306935	0.15895231174	0.109043305185	0.101587093488	0.0563505242745	0.0530004636588	0.0376307884576	0.0233476679174	0.020118551262	0.0133499870822	0.0

Species	0	0

Site	11	11
sample1	-9.56210769733	7.40359664154	0.237660577484	-0.770925362502	4.65003093916	0.0311927327954	0.214831367145	-1.1357062439	0.117018617788	0.256968468883	-0.0
sample2	-9.56243899378	-7.76796948025	-6.57393765926	-0.84689232019	0.619359632228	0.470606629703	-0.236801387195	-0.128388095654	0.00152919955405	-0.106048878101	-0.0
sample3	-8.10385248194	2.59248309209	0.784932422907	3.0263772633	-3.04849529938	-2.76269388883	1.18868344395	2.9205075231	0.241895464574	0.248724886507	-0.0
sample4	-1.18729321803	-1.59395976754	3.61442287641	-6.59488910939	-2.36827184378	-2.98115933612	0.609544659123	-1.81556486929	0.459825618551	-0.452830211151	-0.0
sample6	-4.48968843436	0.767806233265	2.83398679186	1.60265398113	-3.33898015144	5.16844137537	-0.511585308063	-1.13711076432	-1.38197042525	-0.177053848588	-0.0
sample7	2.08836307429	-2.90919909251	3.68343321118	1.10364831274	1.2954151698	1.38270908383	-2.51382350468	0.80505703382	3.28472643378	0.426884352538	-0.0
sample8	3.80459838913	-1.90660621912	1.45720882879	3.82341468798	1.23023500074	-3.24703397779	-3.24140572418	-0.725832663142	-2.2864421027	-0.224855966084	-0.0
sample11	5.21652370174	-3.64517238605	3.01050956555	0.242628752479	3.02385894739	1.06735113659	3.77594910697	1.290949551	-0.916100610294	-1.18143047742	-0.0
sample13	7.52012255907	3.09676935339	-4.28447722683	3.80984770045	-1.45281967408	-0.524215930972	1.32189487165	-1.86567625135	1.62416396007	-1.35717305326	-0.0
sample14	7.17291822832	-0.140621606296	-1.41527793927	-0.298307825211	-0.286554426662	0.120215482633	1.52669825612	-0.449838226167	-0.432744711099	3.24702691982	-0.0
sample16	7.10285487289	4.10287323147	-3.34846144882	-5.09755608078	-0.323778293985	1.2745866928	-2.13398578084	2.24160300591	-0.71190144498	-0.680212193152	-0.0

Biplot	0	0

Site constraints	0	0
