Eigvals	12
0.50131551973	0.448328198393	0.399837001893	0.357747184019	0.314666586323	0.271582812671	0.208982084028	0.204178618008	0.174945927504	0.144377652144	0.122539988761	0.0

Proportion explained	12
0.159223525233	0.142394147797	0.126992790876	0.113624584797	0.0999416957494	0.0862577979822	0.0663750927706	0.064849457192	0.055564821367	0.0458559885632	0.0389200976722	0.0

Species	0	0

Site	12	12
sample1	0.0110070566811	0.061705776215	-0.308261522043	-0.300914229965	0.153541318534	-0.21510926077	-0.0975754416459	-0.00335685333578	0.058985838219	0.0548034173995	-0.102393110348	-0.0
sample2	0.262217985428	0.065647825432	0.218360914563	0.0671833117904	0.322894984093	-0.126133158743	0.149438404341	0.113420356741	0.0278316466784	0.023485942388	0.0926144763795	-0.0
sample3	-0.197029367297	0.286063333016	0.064802200804	-0.134194452169	-0.124511437259	-0.00868884534284	0.289331011853	-0.0701782605936	-0.0419706354978	-0.101107287258	-0.070662763853	-0.0
sample5	0.283668473618	0.110645371766	-0.311578052383	0.06306689368	-0.0502195396346	0.124141180789	0.0147800796379	-0.107239649894	-0.195083118881	0.0213388939072	0.12723267797	-0.0
sample6	0.243929671065	0.1918508768	-0.00653470532207	0.155404074282	-0.049767167312	0.175657722086	-0.120395065419	0.118379767037	0.131193854399	-0.126940433947	-0.148017132574	-0.0
sample7	0.160731498028	-0.247808536542	0.0803247286541	-0.122951692194	-0.159960764662	-0.0469641064089	-0.00563959999927	-0.188012308827	0.205931597538	-0.0990632953767	0.108841391417	-0.0
sample10	-0.133858095088	0.270240019461	0.117867718643	0.126264724804	-0.225185461862	-0.130837134007	-0.120204949267	0.0239198094752	0.0637383019192	0.196775106304	0.079197618114	-0.0
sample11	0.0889069072919	-0.118273956561	0.335229741782	-0.107144123285	-0.00918521592726	-0.020774718322	-0.154840297502	-0.086602233011	-0.232612003168	0.00672768151832	-0.107114963595	-0.0
sample12	-0.327577524521	0.00834345607731	0.0216452204641	-0.178999546257	0.104312102753	0.184106050213	-0.128121792201	0.149369315898	-0.0219606778052	-0.101076520775	0.15298773433	-0.0
sample13	-0.16632339765	-0.127527839249	-0.00207241082684	0.0854018898	0.174991960957	0.26302423752	0.0676004562848	-0.155810378314	0.0927651627963	0.177771867147	-0.0733564802896	-0.0
sample14	-0.25697939045	-0.152653633777	-0.122301061976	0.366457325304	0.0713173173088	-0.200554663987	-0.029900680984	-0.054447985246	-0.0494266990607	-0.131815607968	-0.0185065866321	-0.0
sample16	0.0313061828927	-0.348232692638	-0.0874827723596	-0.0195741757901	-0.208228096989	0.00213269697229	0.135527874901	0.260558420069	-0.039393267138	0.0791002366606	-0.0408228609181	-0.0

Biplot	0	0

Site constraints	0	0
