Eigvals	12
0.514088702941	0.388833298429	0.355961063022	0.290563342895	0.233555818464	0.197260980588	0.172221674783	0.147837812032	0.106788796543	0.08345189239	0.0302161140853	0.0

Proportion explained	12
0.203940369922	0.154251214364	0.141210710244	0.115267258932	0.0926522207987	0.0782539610813	0.0683208011825	0.0586476573047	0.0423634025525	0.033105589964	0.0119868136547	0.0

Species	0	0

Site	12	12
sample1	0.201834839685	0.150448315112	0.151454975989	-0.116180284651	-0.0054261352103	-0.0404822302203	-0.0298257162361	-0.176877975352	-0.113244171584	-0.0347621198155	0.0965528453775	-0.0
sample2	0.23253042328	-0.0408192467845	-0.00132114122585	0.0840619752394	0.0808576692194	0.110850445643	0.26155088318	0.109180223641	0.0939933163801	-0.0729008665074	0.0454400864866	-0.0
sample3	0.214013819804	0.149303662196	0.0512270823947	0.0639086276945	0.0366186132842	0.0196670350901	0.117025171756	-0.01760832675	-0.131604246556	0.129052859344	-0.0948499174079	-0.0
sample4	-0.103080126139	-0.173068847914	-0.025825547109	-0.0246849885156	0.356800070091	-0.154964998908	-0.0568201380169	0.0426860258421	-0.0704144498634	-0.0699685823023	-0.0190522191456	-0.0
sample5	-0.249378459763	-0.00533434537938	-0.179983091048	-0.338260078734	-0.0416709749473	0.208138191145	0.0295793113249	0.0635772370025	-0.0734985640057	0.00740062435218	0.0018909529838	-0.0
sample6	-0.400578903807	-0.221571800283	0.263075893334	0.0836235059542	-0.135456100814	-0.0774348131845	0.138902987298	-0.0588194545024	-0.00766249049765	0.0333528974223	0.00675391259355	-0.0
sample7	0.00149799612096	-0.189491981797	-0.218620650437	0.229372092383	0.0475921278508	0.182364389146	-0.108695981264	-0.175071898977	0.0355394215676	0.0550909785869	0.0140860223739	-0.0
sample8	0.122639717077	-0.0276579417822	0.295779112438	-0.183938122641	0.0467315601086	0.0661227408873	-0.137602863995	-0.00296536305651	0.183569161269	0.0384999175963	-0.0382411093956	-0.0
sample9	-0.135781776705	0.281365272075	-0.230376845271	-0.0397642757141	-0.033710489841	-0.162921780578	0.0702271168438	-0.129020106659	0.13353493837	-0.0526764278197	-0.0355274700101	-0.0
sample10	0.206651048008	-0.16851291749	-0.0352732424942	0.0373935888409	-0.250962657779	-0.0282258842477	-0.0902854909508	0.0418679293986	-0.0581233355172	-0.155763328028	-0.0541377085047	-0.0
sample12	0.127936914469	-0.0880840343801	-0.169361169743	-0.0273129120353	-0.0983867404945	-0.197696432784	-0.0572191338533	0.148404520495	0.0283407465116	0.14832202847	0.0557943533798	-0.0
sample13	-0.218285492028	0.333423866427	0.0992246231718	0.231780872181	-0.00298694146769	0.0745833380105	-0.136836146087	0.154647188918	-0.0204303260739	-0.0256479812982	0.0212902512689	-0.0

Biplot	0	0

Site constraints	0	0
