Eigvals	17
0.676398129215	0.656805715156	0.546753537273	0.490203956156	0.368835663635	0.330002336162	0.312409816037	0.242680884334	0.227922096529	0.206980145401	0.171016229562	0.147349320776	0.142803421592	0.10703044341	0.0797340879568	0.0661551090306	0.0

Proportion explained	17
0.141711013177	0.137606240076	0.11454939684	0.102701790987	0.0772741279611	0.0691382240555	0.0654524453054	0.0508436562911	0.0477515679444	0.0433640556434	0.0358293172531	0.0308709037419	0.0299185001924	0.0224237648233	0.0167049521592	0.0138600435493	0.0

Species	0	0

Site	17	17
MCT.f.0426	0.03683715629	-0.260198494083	0.135477397171	-0.238310663359	-0.023998601507	-0.327310507108	0.0959415660106	-0.108543613153	0.00287460390596	0.0127031596666	-0.150770409841	-0.0705351611212	-0.116007971269	-0.0145528892595	0.0161000062525	0.0320027758516	0.0
MCT.f.0427	0.0992630720381	-0.335740547002	0.0309345275969	-0.0708768712047	-0.0173127656908	0.207491780065	-0.0971614434188	-0.131147414545	0.201701442183	0.181684487745	0.0331949662544	-0.0510592190586	0.0323348956722	0.0796147696053	0.00164792470394	-0.073622604015	0.0
MCT.f.0428	-0.00522118066908	-0.232454924392	0.256343071234	-0.135224799197	-0.0391685651219	-0.10047326336	0.0632464570669	0.0482305584811	-0.0892452699969	-0.110018167336	0.220156852142	0.0904410273837	0.124035229852	-0.0293179724743	-0.0683714209327	-0.0498035911941	0.0
MCT.f.0429	-0.0174004265446	0.288479754869	-0.0242638647893	-0.335429041671	0.0172094203782	0.145313661487	0.0266412467059	-0.0295020327016	0.0745325293967	-0.219372819787	-0.137151409456	0.0632381589479	0.0144445211021	0.0811740254689	-0.0341419365287	-0.0521556036636	0.0
MCT.f.0430	0.286513578993	0.226274167798	-0.225082204472	-0.27211477414	-0.0650198942713	-0.0673665285004	-0.0812336742	0.133806604431	-0.0220520407843	0.0975426783428	0.0613024248659	-0.145971878316	0.123469626847	-0.0519193303444	0.0250726088826	0.039452058837	0.0
MCT.f.0431	0.292700243767	0.161468491196	-0.199150120226	0.0280615130092	-0.0234020009235	-0.0736423583407	0.0624702855613	-0.071307227879	-0.0824864217822	0.147977764681	0.0690883200214	0.22006998456	-0.126454902337	0.0625916960674	-0.0237843784887	-0.00961562536396	0.0
MCT.f.0432	0.23890872314	-0.129810277016	0.159500495542	0.0536746102093	-0.0954013243337	0.200808522024	-0.107732673946	0.233665020813	0.00473025262747	-0.062548970615	-0.0369740833385	0.00268914890423	-0.182405966058	-0.0969710422109	-0.032488296591	0.0238468473376	0.0
MCT.f.0433	0.0967556323418	-0.16460388297	-0.115236841195	0.17492886945	0.353706700343	-0.11094985765	0.0130129864381	0.201867640036	0.0468789459994	-0.0854300531652	-0.00589585392693	-0.0158258272971	0.021572946772	0.137079073425	0.0476981584675	0.00406369625454	0.0
MCT.f.0434	0.111925817292	-0.0134981012892	0.135195243281	0.102033030485	0.144289140272	0.174584996089	0.128416619742	-0.0637153449709	-0.280192152444	0.0888006793448	-0.159202360314	-0.0223528214767	0.110087487784	-0.0437602036179	0.0153694605325	-0.0251009550551	0.0
MCT.f.0435	-0.171629873141	-0.097199378446	-0.26147247857	-0.0564975772892	0.139770042482	0.0693850718622	-0.103277824441	-0.150154216079	-0.0573205654338	-0.116405175349	0.100298050078	0.0118721207759	-0.0740208448946	-0.133344036844	0.128161964668	-0.021406492134	0.0
MCT.f.0436	0.0236759040778	0.159772044628	0.0542373604029	0.248114062085	-0.214793021922	-0.0589956359906	-0.10461840632	-0.100904604267	-0.130279048602	-0.112192026851	0.062811677763	-0.173079353495	-0.058465568185	0.117528838322	0.00137156887069	-0.0534776038301	0.0
MCT.f.0437	0.213014643155	-0.0223597753988	-0.109621846932	0.31504368267	-0.142419198691	-0.0708494838332	0.0489385915552	-0.113099033398	0.186723052499	-0.115714180982	-0.0784026700239	0.0590856834646	0.135314037435	-0.0958605351736	-0.0138633325313	0.0402752584148	0.0
MCT.f.0438	-0.124456745804	0.28695188337	0.104113680155	0.0759038822763	0.188376773295	0.0360450437624	0.271574892035	-0.0320582936119	0.142285059957	0.0560396323257	0.112255497448	-0.115388466665	-0.0809923363287	-0.0682778733566	-0.0710433132993	0.00158383062505	0.0
MCT.f.0439	-0.109852116547	0.208449237045	0.384813863509	0.000272890852124	0.0194606498062	0.0239533774689	-0.139221781468	-0.044523310422	0.0445085076882	0.04666765854	0.0387956880354	0.0792991777284	0.0342706059889	0.0502654764918	0.108067582606	0.132248648536	0.0
MCT.f.0440	-0.310850332508	0.154910798414	0.0300673875552	0.0907708224365	0.0521376360528	-0.177162994578	-0.257986341345	0.0874580392755	0.0302189132917	0.119524033701	-0.0988898453394	0.0528710814224	0.0204836558505	-0.0719162841844	-0.0542591770069	-0.102532746071	0.0
MCT.f.0441	-0.34782702695	-0.060863665009	-0.117293856152	0.0280650141824	-0.285885341199	0.0470523402558	0.248939361816	0.175168904449	0.0124180194948	0.0621979773996	-0.0230011566049	0.0296671292485	0.00974550078337	0.0301825700423	0.102818867022	-0.0209009781135	0.0
MCT.f.0442	-0.312357068932	-0.169577331713	-0.23856181411	-0.00841465079344	-0.00754964897003	0.082115836346	-0.0679498617919	-0.0352416764575	-0.0852958279997	0.00854332233936	-0.00761568776364	-0.0150207850064	0.0125890809853	0.0474837180431	-0.148356286627	0.135143083583	0.0

Biplot	0	0

Site constraints	0	0
