Eigvals	14
241.692681013	146.078270137	107.943870856	79.5891418096	55.506700979	45.014622091	35.6562661443	32.7914639245	30.8685179405	28.3109792919	23.9262616643	16.596936598	13.6872005499	0.0

Proportion explained	14
0.281803815169	0.170321309134	0.125858153851	0.0927976954621	0.0647185510037	0.0524852146557	0.041573753049	0.0382335104241	0.0359914337821	0.0330094479578	0.0278970459158	0.0193513516167	0.0159587179793	0.0

Species	0	0

Site	14	14
sample1	-2.94193018165	5.75337333172	0.367391502585	-2.67368060288	-3.03991267135	-0.845299075096	-1.58430377347	0.220418521252	0.236226393269	-2.17312694209	0.695537075505	-1.47910488449	0.0531817635529	0.0
sample2	-1.18744197645	3.27815358458	2.34562852086	0.102499983667	2.30605235308	-3.41472269793	1.92797675368	-1.20827896189	2.20516996115	-0.0784193816452	0.753899619011	1.18933476263	-0.616048274395	0.0
sample3	-2.57372980063	5.06587822715	0.208106941785	3.1355510589	1.40141739435	4.06253027522	1.27241513623	1.7054396407	-0.376098872841	-0.145970012627	1.07549907469	0.440369903996	0.0290202351549	0.0
sample4	-5.83590595699	1.53488120286	1.85138843017	0.835082927875	0.0377398603005	-0.772656728539	-0.240869918193	-1.05137140411	-2.30991582477	0.441485477679	-3.05862689674	0.683539462546	1.06905512604	0.0
sample5	1.7939457971	-3.9263844898	3.95952734747	1.48963247522	1.01287209079	0.410687632356	1.48156620338	0.389892990128	1.45208681139	-0.755155741718	-0.896228591375	-2.48726460975	0.854942776063	0.0
sample6	-0.832072580986	-5.35966549975	4.13730696459	1.26304813082	-2.79872686227	0.30841870176	0.125835371964	-0.572357762351	-1.61152022873	-1.19889799577	1.42278456104	1.08307207267	-1.20785352578	0.0
sample7	-3.46196193897	-1.80543742325	1.51525821418	-3.15894210097	3.14380761789	1.36720896803	-2.67504910868	-1.27916526624	-0.128484065712	2.01340536209	1.32633855242	-0.578277728265	-0.182969252869	0.0
sample8	-7.95050061667	-4.3765362901	-6.3809320547	-0.118611996474	-0.0578689528255	0.19350855093	0.762179123129	0.247847241929	1.39213664521	-0.828533569309	-0.640368221306	-0.0183014679487	-0.695032083843	0.0
sample9	3.29307525576	-2.13733776614	-0.376667939573	-4.47003934707	0.148842329973	0.271189158257	0.65976865601	1.81463749097	0.129221974824	-0.794797283067	0.398257121532	1.64977049293	1.99891559884	0.0
sample10	4.37268882173	1.32806184499	-0.321822812929	-3.56864199712	-0.584479954085	0.335399673842	2.0550919071	1.10368906251	-1.19309075289	1.64194335682	-1.39032818567	-0.582702169927	-1.92087353397	0.0
sample11	7.80929632809	0.907403651776	-2.68760419988	0.569544786175	0.960707890191	1.77258518056	-0.805051123236	-3.3210163483	0.105105206853	-1.85151513294	-0.812615728285	0.335657666459	-0.197068582355	0.0
sample12	1.77473606324	-0.0206703497758	-3.75703298273	1.90484216583	-1.01827705715	-1.88403636461	1.41597204073	-1.09418935681	-1.93096662419	1.69347884949	2.03578903265	-0.988007400376	1.1389995285	0.0
sample13	3.66595101368	-0.605898389404	-1.16317003185	2.80733462677	2.13957771901	-2.46153367366	-2.84285784059	2.88603500251	-0.797684209277	-0.550662829973	-0.289068302393	0.0546709112861	-0.598369343623	0.0
sample14	2.07384977271	0.364178365145	0.302622100005	1.88237988928	-3.65175175789	0.656720398881	-1.55267342806	0.158419149686	2.82781358571	2.58676584306	-0.62086911107	0.697242988244	0.274099568683	0.0

Biplot	0	0

Site constraints	0	0
