Eigvals	12
0.84737683965	0.382247454917	0.303594677143	0.11488172133	0.0504836964541	0.031992738945	0.0281885713802	0.00912151130646	0.00735726819781	0.00134310273111	0.0	0.0

Proportion explained	12
0.476968795802	0.215158238625	0.170886411799	0.0646642600061	0.0284161034131	0.0180079717252	0.0158666939164	0.00513428743879	0.00414123585694	0.000756001417928	0.0	0.0

Species	0	0

Site	12	12
MCT.f.0325	-0.382960269	0.24271662803	0.0535844186721	-0.149826524559	0.0932278580503	-0.0763181283541	0.0210239247154	0.000837115222021	-0.00559753647665	0.00369076901177	-0.0	0.0
MCT.f.0326	-0.356705180132	0.186592234899	0.0467639703337	0.0144108168317	-0.0345991257703	0.112745943849	-0.027480181279	-0.00719111318623	0.000204333599611	0.00316318737212	-0.0	0.0
MCT.f.0327	-0.300089279584	0.0913056563169	0.057391600563	0.119084516455	-0.0668294230762	0.00645177691432	0.0431810701473	0.0192734384253	-0.00158524198833	-0.0134371038731	-0.0	0.0
MCT.f.0329	-0.240977540249	-0.174185998377	-0.122614458361	0.110798094936	-0.0333068327176	-0.0465685959786	-0.018813539903	-0.0176206352749	0.0203100635141	0.023509936744	-0.0	0.0
MCT.f.0330	-0.181175724418	-0.232561063878	-0.153669854182	0.0275446746459	0.026015458384	-0.0440510734471	-0.0565599614813	-0.00205891126654	-0.000608104070379	-0.0221412772679	-0.0	0.0
MCT.f.0331	-0.0374082740659	-0.351034194815	-0.0630977888778	-0.12199723035	0.0532565527514	0.0778834320871	0.0406975557669	0.0184936106845	-0.018473289899	0.00462818646877	-0.0	0.0
MCT.f.0334	0.151502120718	-0.12924570114	0.223616123743	-0.0746498882792	-0.099630099167	-0.0333378539668	0.063866912656	-0.0419698020226	-0.0044852198702	-0.00319849837071	-0.0	0.0
MCT.f.0335	0.216238270486	-0.0307286058628	0.255770353841	-0.00639569021003	-0.0342288542345	-0.0286909533232	-0.0770823145905	0.0543581498737	-0.0149562788783	0.006127588837	-0.0	0.0
MCT.f.0336	0.25256287829	0.026121712238	0.16232728779	0.0090659345487	0.0854634072585	0.0358192475451	-0.0538155507633	-0.0404084441106	0.0331887140018	-0.004119328894	-0.0	0.0
MCT.f.0337	0.287190644885	0.04978309934	-0.0121383294469	0.127398179374	0.0734749555474	-0.00313026539695	0.0826057565829	0.029714107459	0.0266066916862	0.000524953429418	-0.0	0.0
MCT.f.0338	0.299565541703	0.152664063689	-0.151958334307	0.0877484637519	0.022111079429	-0.00288425934479	-0.00551456193655	-0.0256703016317	-0.0615587766639	0.00271632283934	-0.0	0.0
MCT.f.0340	0.292256811366	0.168572169559	-0.295974989768	-0.143181347144	-0.084954976455	0.00208072941536	-0.0121091099149	0.0122427858281	0.0269546450452	-0.00146473629661	-0.0	0.0

Biplot	0	0

Site constraints	0	0
