Eigvals	12
214.549681405	202.014342825	103.014088743	80.2063427827	57.819406779	40.3698257871	34.2523570859	28.2338407588	16.2781844946	15.06727609	12.4314548355	0.0

Proportion explained	12
0.266774264721	0.251187638301	0.128089250007	0.0997297594744	0.0718935103006	0.0501964417786	0.0425898902143	0.0351063775036	0.0202405366957	0.0187348751764	0.0154574558277	0.0

Species	0	0

Site	12	12
sample1	-4.17017950638	1.00932884245	1.38312053506	-1.7202065	0.554534000437	0.711600638574	0.909799834784	-1.97488961678	1.73869262984	-2.4327107851	-0.452196314423	-0.0
sample2	2.16686978131	3.91778973693	0.919477562301	-4.99756002747	1.74634997674	-0.13024384625	-2.90933089332	-0.895111608356	-1.5648887219	0.186258089879	-0.470456614472	-0.0
sample3	-5.41807155093	-0.704967767051	1.49235375117	-0.289833308735	0.223676630209	1.09670790393	0.807176860108	-1.01735076439	-0.803663756345	0.880553983057	2.67879028142	-0.0
sample5	1.06352389129	5.6417963881	0.392600526407	-0.535915109373	1.87441957322	0.706954736236	0.645304990329	4.04986413979	0.89201747467	-0.332105780389	0.572204313902	-0.0
sample6	-2.5491437593	3.22873616093	1.03759963099	2.58371459736	1.52244737185	1.457370331	2.39287444113	-0.718144373081	-0.859819412452	1.46774591538	-1.84750811863	-0.0
sample7	1.66127266793	5.29839980365	-1.62357392734	5.54339174855	-0.417067826566	-0.95477258139	-2.66553052546	-1.28322463951	0.86370245797	0.0598470667454	0.482319879077	-0.0
sample8	7.66955332405	1.28506993907	4.22375694809	-0.51466241082	-4.12660836138	-1.37846971265	1.89818349319	-0.362310540916	-0.232362845772	-0.0697221937035	0.185680074325	-0.0
sample9	-4.25309290528	-3.31664516237	0.227452205486	-2.27991638451	-1.89644156583	-1.41388979525	-1.12783758258	0.595158720868	2.01324545527	2.01338020842	-0.642016449724	-0.0
sample11	-0.248275774858	-4.58466179453	-0.43485905799	1.22809616973	-3.09713185674	3.99976724471	-1.74089712719	1.16775423561	-0.781097370913	-0.743201624276	-0.480634319212	-0.0
sample12	5.72428330031	-2.14265207816	-7.53664874721	-1.70144423804	0.683499644146	0.749589486324	1.62151729148	-0.901161235207	0.422820791364	0.353101120271	0.293886365677	-0.0
sample13	-5.38536674234	-0.932110995293	-3.1451871832	0.6256527815	-1.12448031444	-3.62936660254	0.590415668995	1.10294362092	-1.72682253895	-1.12679501683	-0.303434635454	-0.0
sample14	3.73862727419	-8.70008307371	3.06390775624	2.0586826818	4.05680272834	-1.2152478027	-0.421676451476	0.236472061049	0.0381758372157	-0.256350983454	-0.0166344624821	-0.0

Biplot	0	0

Site constraints	0	0
