Eigvals	10
0.516264554044	0.491606268743	0.213179161576	0.142665272737	0.118948953218	0.0808954645726	0.00635656484748	0.00492457137693	0.0	0.0

Proportion explained	10
0.32782015198	0.312162515267	0.135365530326	0.0905902817164	0.0755307789705	0.0513673915495	0.00403632214927	0.00312702804129	0.0	0.0

Species	0	0

Site	10	10
MCT.f.0581	-0.189459256849	0.326470813424	0.011243234636	-0.010177413143	0.0107990922459	-0.178603695817	-0.0344271631752	0.00531517021183	0.0	0.0
MCT.f.0582	-0.0643257683409	0.312178078194	0.0508228132909	0.0402856682049	0.0217041850931	-0.00707486534161	0.046726959233	-0.00644198882442	0.0	0.0
MCT.f.0583	-0.0558635479099	0.298916255948	0.0775632054402	-0.0318859499061	-0.0882672817706	0.186674602822	-0.00504970822724	0.00116218450948	0.0	0.0
MCT.f.0585	-0.243552665646	-0.195367230052	0.00681114206978	0.177794969169	0.0594084838693	0.0879795358896	-0.0371742478553	-0.000197081512693	0.0	0.0
MCT.f.0586	-0.286864290288	-0.272384654837	0.0355738887579	0.0745024199732	0.0567443980527	-0.0455133704342	0.0379569845275	-0.00195546230147	0.0	0.0
MCT.f.0587	-0.160237175963	-0.254524984133	0.0800804053113	-0.279697887417	-0.0902917489406	-0.00629445356405	-0.00380611579538	0.000933839174371	0.0	0.0
MCT.f.0590	0.0491769927117	0.00762685692938	-0.427112422402	-0.0548742306039	0.0220593562123	0.0232253363349	0.00322866649708	-0.0051309618514	0.0	0.0
MCT.f.0592	0.282091826332	-0.123526637141	-0.00387635381295	0.132754228921	-0.224936749367	-0.0519915323558	0.00396074608035	0.0252057600662	0.0	0.0
MCT.f.0593	0.338317183823	-0.0698962045554	0.0880749751273	0.0124504212219	0.0228706922288	-0.0262167822244	-0.0098316152925	-0.0542153343223	0.0	0.0
MCT.f.0595	0.330716702131	-0.029492293777	0.0808191115818	-0.0611522264196	0.209909572376	0.0178152246905	-0.00158450599232	0.0353238748504	0.0	0.0

Biplot	0	0

Site constraints	0	0
