Eigvals	13
0.552241616549	0.323309544464	0.282917670681	0.243336865011	0.221375629893	0.178942939011	0.166426207528	0.140363899806	0.110170400293	0.0633496589708	0.04739825688	0.00661237109952	0.0

Proportion explained	13
0.236359769789	0.138376694566	0.121088946409	0.10414833593	0.0947489130669	0.0765876938688	0.0712305246822	0.060075840086	0.0471530027265	0.0271136950962	0.0202864846633	0.00283009911604	0.0

Species	0	0

Site	13	13
sample1	-0.39013726082	0.15783934431	0.233978895964	0.15514186774	0.00683553746407	-0.00609557885823	0.0943621022671	0.0146447397837	0.0359905187992	0.0207975333291	-0.0978611698691	0.00354570947889	0.0
sample2	-0.282235537989	-0.142452704099	0.100544175627	-0.0692274479567	0.0873840384674	0.186204477656	0.0352891438122	-0.142869174854	-0.0209400584216	-0.0216019093585	0.11120323304	-0.00691946896394	0.0
sample3	-0.140667845215	-0.225256761899	-0.100548021844	0.0340683653058	0.0409550634575	-0.107128775253	-0.0222255913349	0.144913433475	0.0354290547079	0.0222527107067	0.00100578066626	-0.0543227100689	0.0
sample4	-0.121532533554	-0.217193844274	-0.0662823090586	-0.206779290267	0.0678558244277	-0.17821591263	0.0251351306391	-0.0294288365088	-0.0224150994116	0.0518707790833	-0.0377961991967	0.0425458911172	0.0
sample6	-0.103810942048	0.179708979262	-0.153161991418	-0.0103990349065	-0.0926208594236	-0.072558829724	0.0549981283855	0.079224875303	0.163038247754	-0.0951203428892	0.0851276227443	0.0185887470819	0.0
sample7	0.126377823277	-0.245541953226	0.0699740958352	0.21578341567	-0.302421231329	-0.0119550854988	-0.0592622468557	-0.0531717741849	-0.0237019773994	-0.0281494255262	0.00251557975635	0.0131363513579	0.0
sample8	-0.0132428212969	0.19446323388	-0.219273667281	-0.0156525897786	-0.0526996461601	-0.0714178682228	-0.0555255301665	-0.247885183709	-0.0289442985742	0.00812654260777	-0.0419631198846	-0.0246240790842	0.0
sample9	-0.0481728570541	0.0953247753105	-0.191682074564	0.18487964848	0.104662278462	0.119528299291	-0.146890590494	0.0975863983852	-0.0861117251442	0.0906319614191	0.0275589458971	0.0230892072961	0.0
sample10	0.0312616664113	0.102008951276	-0.0211663055677	-0.208825628575	-0.186173974338	0.104874593424	0.117780404531	0.126003131542	-0.173083122404	-0.0143473074689	-0.0198964057836	-0.00825521259866	0.0
sample12	0.13841067529	-0.0574681470036	0.0135753405064	-0.125668366814	0.0689567274241	0.179699228555	-0.167627384094	0.0240806599619	0.115527945672	-0.0841443985699	-0.0983656188804	0.00209579241659	0.0
sample13	0.312167113763	-0.0317757315286	-0.0257946775746	0.154031887274	0.224779859513	-0.0375472153238	0.185214991361	-0.0163258166475	-0.0735713497013	-0.0963924378883	-0.0123133570553	0.00182248205983	0.0
sample14	0.150486030875	0.157890764771	0.290241437286	-0.0705904462328	0.056074637663	-0.166595870079	-0.18195626203	0.0247381613603	-0.0592553516167	-0.0103209742385	0.0599617245843	-0.00558797718879	0.0
sample15	0.341096488363	0.0324530932222	0.0695951020895	-0.0367623799388	-0.0235882556273	0.0612085366629	0.12070770398	-0.0215106139074	0.13803721574	0.156397268793	0.0208229839814	-0.00511473290384	0.0

Biplot	0	0

Site constraints	0	0
