Eigvals	13
0.694546312351	0.390799079718	0.322736903453	0.297179706452	0.265466167708	0.249323115967	0.227253973763	0.196603078759	0.172343173306	0.131742007692	0.113456232005	0.109578226709	0.0

Proportion explained	13
0.219028755721	0.123240501958	0.10177674423	0.0937171505658	0.0837161228345	0.0786253283495	0.0716657107248	0.0619997931681	0.0543493070728	0.0415455204467	0.0357790069328	0.0345560579956	0.0

Species	0	0

Site	13	13
sample1	-0.162626250533	0.150263760546	0.0155607776016	0.0635259922292	-0.0953706419746	0.151492878842	-0.132127321512	-0.1682081381	-0.224148505777	0.0273158926031	0.03616262849	0.131217055928	-0.0
sample2	-0.0456978556664	-0.43036121956	0.104297518233	0.13412127889	-0.0107031533552	0.025386694005	0.202196802137	-0.0797448645976	-0.109981219121	-0.0721577277478	0.0205216068923	-0.0504445618531	-0.0
sample3	-0.140639598783	-0.0626654505516	0.0402652106058	-0.179069101356	0.0363872107117	0.201915757448	-0.087982810888	0.187417516773	-0.0817475641179	0.0222179997149	-0.177900010842	-0.0869038625434	-0.0
sample4	-0.142204773609	-0.0235282709167	0.0461904134015	-0.0631538674164	-0.055274157338	-0.0179761931319	-0.046983689165	0.249129197939	-0.00311919067788	0.00204035004145	0.24616753886	0.0033850791081	-0.0
sample5	-0.103591340058	-0.0554475454948	-0.11760763188	0.111429028828	0.164507352348	-0.322576125044	-0.220926004449	-0.0131227321662	-0.0782942471458	-0.00470780324526	-0.0361798128601	-0.0600443087072	-0.0
sample6	0.382744480184	0.175142440429	-0.0518029425422	-0.0259179186546	-0.0925200969986	0.0401567347743	-0.0447673505838	-0.0311850790538	-0.00512564517705	-0.251964184513	0.015946411491	-0.097257143283	-0.0
sample7	0.372948713232	-0.0332619805405	0.135801202966	-0.339439412532	0.0573623105434	-0.15227962624	0.0660103752038	-0.0666164956383	-0.0543776986515	0.0831649115364	6.78987860803e-05	0.0799463734552	-0.0
sample8	-0.0888793629877	-0.205037608208	-0.117482668853	-0.0808800354074	-0.289819607462	-0.00896519156888	-0.130958232805	-0.106716017067	0.214639259788	0.0427220078562	-0.0266794723404	0.0139841548628	-0.0
sample9	-0.179647287853	0.277194768657	-0.0144540272121	0.00786215902967	-0.0925275415375	-0.0611925654522	0.197041677192	-0.0768363623026	-0.00608765343339	0.135687756659	0.0112650762848	-0.178235537176	-0.0
sample10	-0.225273990081	0.0263694024262	-0.28868942742	-0.119713503605	0.268945037514	0.100475000665	0.12259354516	-0.0674260031864	0.0981706765482	-0.0666688887779	0.0318875140445	0.066973528731	-0.0
sample11	-0.135271951815	0.136345719969	0.077066438541	0.120099318407	-0.110811168307	-0.150883307155	0.151438289393	0.146789081413	0.0445688920706	-0.0827714400534	-0.126002561401	0.158988654656	-0.0
sample12	-0.00140550285567	0.0699175092042	0.363831257665	0.128276449716	0.186184839536	0.087530108205	-0.0969435121521	-0.0746024852787	0.190365669638	0.0129110443168	0.0116939646921	-0.0120274384552	-0.0
sample14	0.469544720824	-0.0249315259604	-0.192976121107	0.242859611871	0.0336396163205	0.106915834652	0.0214082324697	0.101122381265	0.0151372260563	0.152210081609	-0.00695078209642	0.0304180052769	-0.0

Biplot	0	0

Site constraints	0	0
