Eigvals	16
1.00202375028	0.72255713091	0.299687426284	0.232503104302	0.0977722260469	0.068709602146	0.0561813833467	0.0211178454825	0.0167811584817	0.012847660943	0.00813222882496	0.00313378774699	0.0	0.0	0.0	0.0

Proportion explained	16
0.394272880807	0.284309310505	0.117919984301	0.0914845268927	0.0384710813647	0.0270356194348	0.0221060587173	0.00830937766943	0.00660299288917	0.00505525372048	0.00319984160585	0.00123307209285	0.0	0.0	0.0	0.0

Species	0	0

Site	16	16
MCT.f.0222	-0.263401633541	0.180009612003	0.256250468249	-0.227455934461	0.0988347774063	-0.0433705943589	0.0981467532038	-0.00725294694348	0.000263228017652	0.00165310512895	-0.00637733448248	-0.0107801316849	-0.0	0.0	0.0	0.0
MCT.f.0223	-0.315891670997	0.216762914149	0.146351234276	-0.0447338487538	-0.0159895175444	0.0722434798559	-0.087391312031	0.0354384121887	-0.0418304395729	0.000498052596129	0.0317757277822	0.0159915291362	-0.0	0.0	0.0	0.0
MCT.f.0224	-0.33105391741	0.177035471734	0.0454414286164	0.119168454785	-0.0598960361477	-0.0118952627257	-0.103413782498	-0.0452490264048	0.0243985807855	0.0163468056789	-0.0339807977931	-0.0173921266479	-0.0	0.0	0.0	0.0
MCT.f.0225	-0.338739648174	0.0642452430363	-0.0443450898723	0.124663441698	-0.0311750262971	-0.0281528925983	0.0265428128138	0.0205587061422	0.0708500390317	-0.043231092618	0.015777653263	0.0157235249123	-0.0	0.0	0.0	0.0
MCT.f.0226	-0.302048308043	-0.0965673423588	-0.127654604918	0.127338965566	-0.0253921616463	-0.0231747381698	0.0816897356045	-0.0282796775634	-0.045957850281	0.0428909572894	-0.0138700627597	0.0080649404497	-0.0	0.0	0.0	0.0
MCT.f.0227	-0.202269903436	-0.173557564959	-0.149249710113	0.0730131948671	0.00062313219522	0.0269785626437	0.0450333879466	0.0170268772732	-0.0471339213676	-0.0184993953653	0.0242570123371	-0.0213889398645	-0.0	0.0	0.0	0.0
MCT.f.0228	-0.0839146463658	-0.303411138553	-0.0994241637111	-0.0313225974565	0.0988578690301	0.00842954911592	-0.0015480596561	0.0536055179426	0.0135893810609	-0.026657148639	-0.0329969029639	0.00495985129946	-0.0	0.0	0.0	0.0
MCT.f.0229	0.00423577096279	-0.353718591983	-0.0140258269343	-0.0937868690437	0.0705956166161	0.0573881385356	-0.0471588793395	0.000701777871894	0.0499618753036	0.057584955535	0.0130875719563	-0.00683257087781	-0.0	0.0	0.0	0.0
MCT.f.0230	0.117003358608	-0.317471212885	0.0744670875549	-0.0816788939161	0.00224655209204	0.0140963903954	-0.0480865910509	-0.0848835054862	-0.027309837035	-0.0522475152355	-0.0086271020195	0.0125345459039	-0.0	0.0	0.0	0.0
MCT.f.0231	0.200408962065	-0.235412738388	0.0843271475248	-0.0124447127119	-0.0879375650698	-0.119501761959	-0.0274473550366	0.0152405592366	-0.00368441813299	0.0264076522351	0.0314371912277	0.00773959272783	-0.0	0.0	0.0	0.0
MCT.f.0232	0.274708186178	-0.086301919045	0.178072616322	0.0258675254249	-0.151603585372	-0.0060762331035	0.0224069179069	0.0490645176988	-0.00317183558177	-0.0173556462229	-0.021120851991	-0.0204204965951	-0.0	0.0	0.0	0.0
MCT.f.0233	0.309677578416	0.0984974589844	0.12417186414	0.128613826991	0.00586858920985	0.0394500839776	0.0778404832076	-0.00861464163784	0.010250019511	0.0230381793443	-0.0155606398896	0.0256432707281	-0.0	0.0	0.0	0.0
MCT.f.0234	0.306123315369	0.145301599022	-0.00296764757707	0.110861878571	0.0445812791577	0.0870075051339	0.0384413933207	-0.0417327378433	0.0223993397982	-0.0128887023284	0.0360281566389	-0.0170159166477	-0.0	0.0	0.0	0.0
MCT.f.0235	0.304892289031	0.21329430596	-0.048352336876	0.0693276346626	0.0995072176533	0.0407961266624	-0.0611699185861	0.0398766733933	-0.0296327113961	0.00456967227802	-0.0213000798121	0.00098460857662	-0.0	0.0	0.0	0.0
MCT.f.0236	0.215511077298	0.240793427698	-0.147120973724	-0.0109413393523	0.084836164588	-0.16714523557	-0.0355963910937	-0.0092666977984	-0.00433091699254	-0.00613788803894	0.00890899154986	-0.00301817836905	-0.0	0.0	0.0	0.0
MCT.f.0238	0.104759190038	0.230500475585	-0.275941492958	-0.276490726871	-0.133957305871	0.052926882165	0.0217108052875	-0.00623380806969	0.0113394668512	0.00402800836253	-0.0074385330437	0.00520649695275	-0.0	0.0	0.0	0.0

Biplot	0	0

Site constraints	0	0
