Eigvals	15
0.615732557112	0.454161850675	0.340520616878	0.291181464321	0.285869999777	0.25777700562	0.219601652525	0.194869033114	0.14957896286	0.124444607792	0.106543060055	0.084692778755	0.0695860482999	0.0626052013439	0.0

Proportion explained	15
0.189039421559	0.139434714884	0.104545097868	0.0893972146643	0.0877665128713	0.0791415290143	0.0674211049705	0.0598278081518	0.0459230558624	0.0382064199813	0.0327103678557	0.0260019934323	0.0213639934534	0.0192207654313	0.0

Species	0	0

Site	15	15
MCT.f.0002	-0.186038057576	0.16527678123	0.133304630665	0.0850962556015	0.0725919404624	-0.143174921793	0.0640631800844	-0.0159110654945	0.192934550469	0.00583441216466	0.0734292829372	0.0110116625302	0.147756688149	0.0210351440671	-0.0
MCT.f.0003	-0.0730099463382	0.225020261992	0.18511877871	-0.00707837750648	0.00829163582556	-0.047779497215	-0.023798656315	-0.00945804623959	0.11704577553	0.069855666974	-0.139908912764	-0.0683142556409	-0.137540243779	-0.060652171875	-0.0
MCT.f.0004	0.123783060212	-0.0533680205557	-0.0400560753474	0.296215148329	0.0444762187397	-0.157755880509	-0.253747866558	0.0547887948315	-0.0463673718429	0.0246267445911	0.0908923872574	0.0505796355155	-0.0461768275755	-0.0406706070226	-0.0
MCT.f.0005	0.189112108312	0.00418327452006	-0.335690237162	-0.0701376377921	-0.169805147226	-0.184740970247	0.150705213227	0.0929089401501	0.0258627041749	0.116105811405	-0.00273374275976	-0.048061169058	0.00953363398548	-0.0176213933831	-0.0
MCT.f.0006	0.306708083863	-0.329627584484	0.0261417255261	-0.0546082679732	0.290593920735	-0.0655173678329	0.0863047544481	-0.141621767434	0.0551189000277	0.00485853123662	-0.0479791283901	0.0216579142416	-0.0233239886376	0.0393340478668	-0.0
MCT.f.0007	-0.030035096522	0.0659873598865	-0.0989267255795	0.289137931035	0.140591246558	0.171701066192	0.163454108212	0.114768229576	-0.0766234379116	-0.0879511792532	-0.0694767634871	-0.0833586864994	0.0163799509853	0.00810357158377	-0.0
MCT.f.0008	-0.0410139355432	-0.0896757143318	0.23451102747	-0.048127558757	-0.149888505763	-0.232399807831	0.0247729546085	0.0217404891121	-0.196328083008	-0.0993905970336	-0.0880781998343	-0.0160958778458	0.0430611050588	0.0256592964007	-0.0
MCT.f.0009	0.200906485686	0.301293803735	-0.188049147086	-0.118671524026	0.00217192042506	0.0331028087373	-0.112805134258	-0.133047508257	0.00465211588065	-0.17521884188	-0.0551920291423	0.0601883229018	0.0368556609053	-0.039479095563	-0.0
MCT.f.0010	-0.253438142332	-0.0311307346361	-0.0114936141019	-0.0311212390709	0.0587221555124	0.0964650893763	0.0665102042162	-0.0955299821984	-0.13461748292	0.149731396879	-0.0211115466241	0.10745242699	0.0475589887112	-0.120959930705	-0.0
MCT.f.0011	-0.270463908163	0.0584769155481	-0.048343451024	-0.0655953476665	0.00341793188588	-0.0394855980066	0.143714640215	-0.0800479995349	-0.0396619905507	-0.0916375588849	0.17696950916	0.0156674386654	-0.133562753275	0.036376196081	-0.0
MCT.f.0012	-0.140761658291	0.0412862318582	-0.0919842176714	0.0198764091401	-0.0561267391552	0.087850145538	-0.159778374358	-0.160471684663	-0.0514021550325	0.1211120775	-0.0304492759805	-0.0726894910447	0.0200122883362	0.152086243503	-0.0
MCT.f.0013	0.337013210764	0.197248861957	0.196254174502	-0.174962175592	0.0827688977189	0.13387800839	-0.011598726302	0.156811329653	-0.0836841720188	0.0763285786978	0.111048185912	-0.0156087087666	0.0135395585359	0.0247500572998	-0.0
MCT.f.0014	0.214104624698	-0.160397686659	0.137590001484	0.132011905549	-0.329784983528	0.198605486612	0.0668014472886	-0.0920566387639	0.0927142922509	-0.0214115516134	0.0332384399414	0.0328468558533	-0.00414848022698	-0.017716209143	-0.0
MCT.f.0016	-0.193925951775	-0.116834007638	-0.0577122977564	-0.0887412510259	-0.0192186630201	0.0721819031762	-0.0565114596445	0.23278173542	0.0871345565729	-0.0237828788604	-0.0815722640314	0.152907808521	-0.0252726095633	0.0743315750191	-0.0
MCT.f.0017	-0.182940876995	-0.277739742422	-0.0406645726281	-0.163294270244	0.0211981708301	0.0770695354131	-0.148086284863	0.0543451738422	0.0532217983775	-0.0690606119236	0.0509240578052	-0.148183876363	0.0353270283906	-0.0845767241294	-0.0

Biplot	0	0

Site constraints	0	0
