Eigvals	15
0.697096661493	0.57449739028	0.517416205159	0.416312963558	0.407965357853	0.33000231484	0.288260602458	0.251865010048	0.236650387347	0.204648199607	0.178155504746	0.140235474035	0.101998246656	0.0413767036137	0.0

Proportion explained	15
0.158919338314	0.130969993359	0.117957014427	0.0949081875651	0.0930051573997	0.0752316750506	0.0657156844022	0.057418465691	0.0539499398668	0.0466542995615	0.0406146758336	0.0319699260845	0.0232528640045	0.0094327784411	0.0

Species	0	0

Site	15	15
sample1	-0.240374878539	0.200154089691	0.14934075594	0.092176996602	-0.00565771282388	-0.143300573704	0.000472200530185	-0.262592819226	-0.244203769899	0.068803140267	0.0631346831492	0.081937422616	-0.0508469044035	-0.0207344396772	0.0
sample2	-0.201402847608	-0.282345684724	-0.0861096569402	0.25374509187	-0.0394770714359	0.0104581155312	-0.0407249888441	-0.0374620718326	0.0903788645268	0.0577175327445	0.0249491502903	0.0463423693493	-0.00922354708953	0.141145178547	0.0
sample3	-0.218224549804	-0.24855851328	-0.230048950855	0.142421976344	-0.0735532270079	0.103836763778	-0.096483899426	-0.0446084948843	0.110312063441	0.0558968577549	-0.00582943428368	-0.0116224028257	-0.026299053717	-0.135803133244	0.0
sample4	-0.325376366997	-0.0134498486286	0.0741737540668	-0.172838242611	0.102344110551	-0.0524189099195	0.125452015272	0.0614762883154	0.127748373141	-0.26699247847	0.115042783213	0.117240948321	0.0161326718292	-0.0111526738459	0.0
sample5	-0.141522033573	0.239306361591	-0.177753425664	0.00136576455806	0.180483415327	-0.101941489944	-0.247363887024	0.0659946397683	-0.0307242037285	-0.0748633544459	0.0536334372897	-0.21900600817	0.0141873517592	0.0217512319305	0.0
sample6	-0.119941406448	-0.179236793835	0.342201352972	0.0043060089632	0.282768437119	-0.0560518573894	-0.00372821055164	0.166993907533	-0.0498565399982	0.130975664868	-0.169250444452	-0.00313626637691	0.0708594208187	-0.0200471286888	0.0
sample7	0.240986542853	-0.0501458327371	-0.0704837629346	-0.20625295271	-0.0493598692177	-0.261541230804	-0.128529663754	-0.110817414462	0.114852313861	-0.0464510675103	-0.204534679888	0.0594421773295	-0.0937965860491	0.00906486441652	0.0
sample8	0.035687640525	-0.0479703815958	-0.378058617376	-0.257138868385	0.211328455995	0.149454926699	0.226032694522	-0.073746044346	-0.115392003606	0.0924236886216	-0.0300030764275	-0.00786372612337	0.00952274644813	0.0223439549332	0.0
sample10	0.318549717981	0.0969576690267	-0.186419287412	0.344783029772	-0.00429637485232	-0.209662854809	0.195865526987	0.126460409362	-0.043833880515	-0.0646049509384	-0.00371883284443	0.0374837983061	0.0593537204534	-0.025498280824	0.0
sample11	-0.0642215796515	0.0317975375337	0.206278130005	-0.0273609830496	-0.237050711011	-0.016064827965	0.2602527515	-0.0945186425134	0.113502860709	0.0103643860584	-0.0411073260902	-0.227066132885	-0.00128585951992	0.00471924118546	0.0
sample12	-0.102283839507	0.118853616587	-0.017373405039	-0.00637492914237	-0.290351308399	0.237477899936	-0.0722262533826	0.119815269523	-0.185041488553	-0.138319374021	-0.177676311578	0.043244633732	0.0222479075611	0.0168463037852	0.0
sample13	0.154838983893	0.433294027365	0.0934690675051	0.0818712962524	0.119927110087	0.230471982657	-0.0451778861251	-0.0743352241517	0.229355611237	0.0811883455563	-0.0149815812746	0.0815249435423	0.0327517874808	0.00327222287599	0.0
sample14	0.349684419672	-0.181887306408	0.195087953521	0.0701471224964	0.129066786924	0.177159575762	-0.0167401057112	0.0234277950029	-0.0806202216005	-0.104585048934	0.0997055558798	-0.0463568242115	-0.181656627365	-0.00354906354382	0.0
sample15	0.298242711218	-0.210639244824	0.0908466956401	-0.130170738199	-0.10780527635	0.0115295297363	-0.13672274985	-0.12205909748	-0.0465987324535	-0.01926928167	0.132117095617	-7.60945609737e-05	0.204386067717	-0.00427824940949	0.0
sample16	0.0153574859855	0.0938703042382	-0.00515060343003	-0.190680572761	-0.218366764905	-0.0794070495632	-0.0203775441421	0.255971499392	0.0101207534383	0.217715940118	0.1585189814	0.0479111619574	-0.0663330959239	0.00191997155862	0.0

Biplot	0	0

Site constraints	0	0
