Eigvals	11
0.504706804501	0.459432722734	0.410636309517	0.352966933004	0.325036211278	0.244431645827	0.228553937201	0.159005011489	0.110288157049	0.0437430228843	0.0

Proportion explained	11
0.177788738264	0.161840425696	0.144651331631	0.12433663487	0.114497719028	0.0861038399243	0.0805107356547	0.0560113319618	0.0388502633854	0.015408979584	0.0

Species	0	0

Site	11	11
sample1	-0.116721568223	-0.070298804182	0.249860314023	0.130879920408	0.181257237717	0.0944193796903	-0.274738549377	0.163327887785	-0.0611886176579	-0.00740828940082	0.0
sample2	-0.0590472719126	0.133845444836	-0.0358096706938	0.198558079822	-0.0424131619504	0.19256453346	-0.0699237549616	-0.152392370572	0.212938729821	-0.0234340189247	0.0
sample3	-0.272784333981	0.08700766811	-0.24728203559	0.195915534181	-0.130836524765	-0.299288104302	-0.0956444814685	-0.0153520996816	-0.0512938665042	0.0115297713153	0.0
sample5	-0.240401333798	0.332240077847	-0.0957313505796	-0.341982139559	0.235278545603	0.0490818308008	0.0358362256063	-0.0318112451318	-0.0289400648545	0.00636395878832	0.0
sample6	-0.313911273533	-0.264022979101	0.25114271197	-0.190844358909	-0.28659431448	0.0362853503007	0.0766997568086	-0.0540877320599	-0.0108198632472	-0.00947517197734	0.0
sample8	0.104006199099	-0.298266901355	-0.0382202233583	0.00548865275205	0.197079207476	-0.046667364732	0.0355085374028	-0.0951828746132	0.0322604366948	0.146410169624	0.0
sample9	0.12877495738	-0.241241977947	-0.0377546822499	-0.00421301131926	0.214558020703	-0.130499658026	0.0825549509936	-0.0629911552863	0.00601218927088	-0.144847099898	0.0
sample10	0.157838494966	0.289592571779	0.35016715919	0.126432622307	-0.00945613500404	-0.147195508383	0.212967264859	0.0663682507576	0.0297406026696	0.021143852956	0.0
sample11	-0.0242109375076	-0.068575582289	-0.26796472519	0.146287171476	-0.0482935414216	0.221145205244	0.226446198179	0.175879222984	-0.063042155574	0.000714471230999	0.0
sample12	0.291642076638	-0.0142290280414	-0.127392610739	-0.259169308445	-0.166376893945	-0.0712424118659	-0.13456107527	0.171268403794	0.124525365135	0.0018550744449	0.0
sample13	0.344814990872	0.113949510344	-0.00101488678242	-0.00735316271497	-0.144202439934	0.101396747812	-0.0951450727727	-0.165026287975	-0.190192755753	-0.00285271815874	0.0

Biplot	0	0

Site constraints	0	0
