Eigvals	14
290.598002096	178.277480988	122.170327339	115.976415749	87.871831755	53.3197692678	44.9916261266	36.0364026042	32.5260646128	24.4593746307	20.9003192737	13.5471936548	13.1743482139	0.0

Proportion explained	14
0.281083560712	0.17244051504	0.118170360341	0.112179243017	0.0849948285188	0.0515740318036	0.0435185596002	0.0348565381943	0.0314611318433	0.0236585525861	0.0202160239201	0.0131036462835	0.0127430081395	0.0

Species	0	0

Site	14	14
sample1	-5.05809633538	6.19165948635	4.3666223411	-1.51790676586	4.42096571982	1.2695093845	-1.25563469878	-0.379470500182	0.402160569544	0.0691693538547	0.099188994344	-1.2896355501	-0.622953317708	0.0
sample2	3.36705124158	2.23719627909	2.63946622943	1.00065404778	1.45675574439	1.50514511847	-0.979894663813	1.19912603219	0.23802527297	0.701330123752	-1.20088592391	2.3722023217	1.45957010507	0.0
sample4	0.315430664905	-4.67726693752	7.04932461198	-2.04941805611	-1.34429801694	-3.30398275412	1.43739668006	-0.775226903063	-0.595134964309	-0.0228437994474	-0.928008174343	0.174788203158	-0.516913039657	0.0
sample5	-1.44447301409	-0.371683660612	0.507806589521	4.57555777916	-2.10136824339	0.268165805262	-2.34655195043	-2.65138226702	0.935259157278	-2.6397078721	0.69286358789	0.606699018053	-0.30393691192	0.0
sample6	-0.318305850645	-2.81601660665	0.265258549281	-4.83782358922	-4.79421191568	3.02663676293	-2.07182069366	1.55869377719	0.944637540339	-0.0852962527666	-0.159885916669	-0.824185765236	0.282758636581	0.0
sample7	-5.8931993078	0.985514426656	-3.21448137146	-0.176807823209	-1.75604910814	-1.58016399201	-1.9831834038	-1.6228019293	-1.19814851987	3.09847448647	-0.0773010679794	0.587708156685	-0.428233140329	0.0
sample8	-6.68214678693	4.18227093499	-3.15019377703	-2.03025299164	-1.33228576941	-1.45140536519	3.07394803143	-0.127438327221	0.990050648687	-1.45288518152	-1.03730485812	0.044620401859	1.26669198822	0.0
sample9	1.72357394112	3.48093135368	-1.24221803105	-0.324793552304	-1.32550101375	1.02072952907	1.48863736547	1.9627789868	-2.35136472509	-1.00570897713	0.43649600525	0.944977738606	-2.16193552378	0.0
sample10	1.95102742783	2.01095855576	2.31498674817	4.44561714514	-2.55464280676	0.19643403037	1.85327395703	0.662472734154	-0.744658954502	1.24930081942	2.21895081007	-1.08417460246	1.21360379234	0.0
sample13	5.84191736963	-0.75104571221	-2.4213419695	1.73506950816	1.09355577924	0.351551601823	-0.658332410019	-0.877138649145	-2.62181268613	-0.537340147479	-2.38010849513	-1.52356939952	0.533188941477	0.0
sample14	6.52497659578	0.546214644136	-2.31665642238	-3.94873730894	2.26058678337	-3.46076181123	-1.80653945732	0.502412415183	0.132256463203	-0.756074380433	2.00711252943	0.0553558238336	0.548164763859	0.0
sample15	1.2008745486	-4.53608678924	-1.53622025082	-2.41311345676	2.69388011991	3.29145992249	2.62874839578	-2.7838586971	0.056859931118	0.485219120032	1.09382356706	0.483540258504	0.0158245290754	0.0
sample16	5.78997494171	0.494754045592	-1.7808864265	2.36739797717	0.075312069408	-0.696202702956	0.925461627845	0.414745996026	3.84596642399	1.22461397209	-0.975280928789	-0.439229361856	-1.30246290387	0.0
sample17	-7.31860543632	-6.97740002002	-1.48146682075	3.17455708664	3.20730065794	-0.43711552941	-0.305508779797	2.91708733149	-0.03409615722	-0.328251264731	0.210339870889	-0.109097243235	0.0166320806502	0.0

Biplot	0	0

Site constraints	0	0
