Eigvals	13
0.965824845123	0.558342142213	0.397390514809	0.230165328675	0.0753072640402	0.0371893626799	0.0228286579795	0.00530867922157	0.00350804290257	0.0	0.0	0.0	0.0

Proportion explained	13
0.420680185213	0.243194692065	0.173089682064	0.100252124995	0.0328012619931	0.0161984111914	0.00994338064034	0.00231227863876	0.00152798320052	0.0	0.0	0.0	0.0

Species	0	0

Site	13	13
MCT.f.0412	-0.074151382063	0.226198583697	0.338665071248	-0.223892853261	0.128734321311	-0.0139278078279	-0.00970413323587	0.015242415567	0.00618167807042	0.0	0.0	0.0	0.0
MCT.f.0414	-0.288381731868	0.197666975789	0.195704050555	0.039352713599	-0.0779372770243	0.0384706422849	0.058490693341	-0.032933811308	0.00144287977585	0.0	0.0	0.0	0.0
MCT.f.0415	-0.385697198478	0.215680831631	0.0569652751358	0.167259379595	-0.0480144744772	-0.0384557816485	-0.0394067734712	0.0107578290333	-0.02061472073	0.0	0.0	0.0	0.0
MCT.f.0416	-0.395248426937	0.0211666572504	-0.207904434588	0.119233563281	0.0143466456308	0.0463059716033	-0.0309066948921	0.0119169205331	0.0308799871274	0.0	0.0	0.0	0.0
MCT.f.0086	-0.280319071577	-0.121256714113	-0.259418906363	-0.05244352149	0.0735523618587	-0.0542339340899	0.0759942894068	0.00883874810298	-0.0166150285386	0.0	0.0	0.0	0.0
MCT.f.0418	-0.140162916698	-0.297400049714	-0.0540754153078	-0.0956403547363	0.0517689774454	-0.0233418989409	-0.0744418861462	-0.0160661788249	-0.00932082490667	0.0	0.0	0.0	0.0
MCT.f.0419	-0.0492706716135	-0.317464094575	0.0254608167135	-0.131197213077	-0.0233288702196	0.0856895183216	0.0290295360568	-0.00671255022108	0.0111471751795	0.0	0.0	0.0	0.0
MCT.f.0420	0.124439951443	-0.295519795088	0.172001321925	0.00390937853965	-0.125311876543	-0.0786640403535	0.0161987583163	0.00828832024467	-0.00223870159093	0.0	0.0	0.0	0.0
MCT.f.0421	0.24938522117	-0.163194181866	0.152205999591	0.1501414206	0.00649340220842	0.0676423962474	-0.0374230070363	0.0108170081038	-0.0123974561591	0.0	0.0	0.0	0.0
MCT.f.0422	0.349812181314	0.030619746493	0.00492483791861	0.140774220636	0.0327338546275	-0.0188790148928	0.0410968548441	0.0327853829212	0.0168818174572	0.0	0.0	0.0	0.0
MCT.f.0423	0.339151348251	0.0606553818782	-0.0447768307858	0.137136025458	0.0874285635235	-0.0563806656697	-0.00401709297992	-0.0456859458981	0.0115889403288	0.0	0.0	0.0	0.0
MCT.f.0424	0.325034256732	0.204587156202	-0.180643055931	-0.04489699483	0.00976224572983	0.0763525373643	0.00953940042881	0.000638704068336	-0.0294511202184	0.0	0.0	0.0	0.0
MCT.f.0425	0.225408440325	0.238259502416	-0.199108730112	-0.209735764314	-0.130227874071	-0.0305779223983	-0.034449944632	0.00211315767774	0.0125153742046	0.0	0.0	0.0	0.0

Biplot	0	0

Site constraints	0	0
