Eigvals	14
0.980933716294	0.771254145761	0.507889145342	0.261958939339	0.137040483883	0.0454779694665	0.0318012506939	0.0268047304126	0.00805037329623	0.0	0.0	0.0	0.0	0.0

Proportion explained	14
0.353972975424	0.278309451748	0.183273374109	0.0945286961358	0.0494514838545	0.016410866403	0.0114755799942	0.00967257014617	0.00290500218476	0.0	0.0	0.0	0.0	0.0

Species	0	0

Site	14	14
MCT.f.0599	-0.252181664569	0.113855917619	0.278592592933	-0.144501797832	0.180687795275	0.00615814089394	-0.0493220106702	0.00449135074344	-0.0406326666495	0.0	0.0	0.0	0.0	0.0
MCT.f.0600	-0.329513301614	0.130678167536	0.234547885214	-0.0674445029001	0.0296089911152	-0.0271056165902	0.052251166439	0.0403982003777	0.0387282689287	0.0	0.0	0.0	0.0	0.0
MCT.f.0601	-0.365869869715	0.126176351692	0.142952855942	0.0769070768814	-0.0697864574271	0.0019882184054	-0.00842120183574	-0.0570712145867	0.0246338687737	0.0	0.0	0.0	0.0	0.0
MCT.f.0602	-0.348606060804	0.00356736738334	-0.0476096324754	0.164954606983	-0.108794752308	0.0852463169473	0.033083155657	-0.00179220596007	-0.0238414459817	0.0	0.0	0.0	0.0	0.0
MCT.f.0603	-0.252416469436	-0.15223192366	-0.20358415506	0.158621996365	-0.0703523808846	-0.098075691845	-0.025338638572	0.0480458051508	-0.00512331811272	0.0	0.0	0.0	0.0	0.0
MCT.f.0604	-0.13243293671	-0.297260227142	-0.238835151728	0.00560024482858	0.0739361133923	0.0187703239538	-0.0660499258285	-0.0590634514477	-0.00933993197297	0.0	0.0	0.0	0.0	0.0
MCT.f.0605	0.00980147596638	-0.379854218561	-0.17176160566	-0.0876975833329	0.10534125492	0.0372116979785	0.0522472846665	0.0562643170613	0.0143166483388	0.0	0.0	0.0	0.0	0.0
MCT.f.0606	0.186063420412	-0.336388025365	0.0810806603863	-0.132600754267	-0.0187284554726	-0.0843209468698	0.0125818400823	-0.0265952872627	0.00770774167767	0.0	0.0	0.0	0.0	0.0
MCT.f.0607	0.295948076922	-0.221995433464	0.172261996636	-0.0492244662629	-0.0855356829622	0.0923790171822	0.0184384903305	-0.0454278187194	0.0104089463826	0.0	0.0	0.0	0.0	0.0
MCT.f.0608	0.341393910725	-0.022614213209	0.208701823013	0.0888638825447	-0.0801993530347	-0.0125951263631	0.024971316923	0.0529202833675	-0.0442524900249	0.0	0.0	0.0	0.0	0.0
MCT.f.0609	0.343606116887	0.102474715123	0.133314684125	0.106766150116	-0.0283895465993	-0.0479513498638	-0.0736801860097	-0.0100094290015	0.0200993599604	0.0	0.0	0.0	0.0	0.0
MCT.f.0610	0.289904444919	0.250804001853	-0.114779164985	0.177043223427	0.142187014655	0.0639520559316	-0.0276711681096	0.0385884905793	0.0244900740583	0.0	0.0	0.0	0.0	0.0
MCT.f.0611	0.171168084845	0.341688478675	-0.214408744552	0.0182171459802	0.082754188069	-0.0581467299956	0.0947983555357	-0.070066517294	-0.0166027892529	0.0	0.0	0.0	0.0	0.0
MCT.f.0612	0.0431347721704	0.34109904152	-0.260474043789	-0.315505222531	-0.152728728738	0.0224896902348	-0.0378884786082	0.029317476992	-0.000592266125532	0.0	0.0	0.0	0.0	0.0

Biplot	0	0

Site constraints	0	0
