Eigvals	16
357.809073552	232.747545537	146.404806413	119.319225799	80.1352435361	75.1823455404	57.2544603029	44.9449716751	43.7539616218	29.9589389168	26.7836636977	22.143452397	20.0633777385	18.0213456776	16.420330907	0.0

Proportion explained	16
0.277168817444	0.180292694423	0.113409217544	0.0924279766995	0.0620749788875	0.0582383269357	0.0443508905406	0.0348156197538	0.033893030383	0.02320702376	0.02074736764	0.0171529314616	0.0155416480261	0.0139598334403	0.0127196430609	0.0

Species	0	0

Site	16	16
MCT.f.0427	-0.462263729711	0.601181823121	3.40462871332	-4.66635842438	3.25144536894	-1.70504635651	-2.45179004697	-2.09133117349	1.47286716998	-1.35333046108	0.619781038812	-0.549700997082	-1.10430162654	1.1374846476	0.696043639485	0.0
MCT.f.0428	-4.949762273	-3.01451120038	3.44896678406	-0.15517286342	-2.27028494968	1.60356751877	-2.40014944929	-1.29373170452	0.866434046078	-0.785494295018	-0.552164356567	1.25241805797	1.36331640905	-0.579609088138	-2.14768133295	0.0
MCT.f.0429	-2.75309137278	-2.50009392965	1.66327818851	0.706217140892	-1.48791752643	-2.27848153809	-1.00813549705	2.52551149513	2.58229918897	2.73000604622	1.10485648456	-1.45810487947	-0.788418747131	-0.793732772872	-0.148190765653	0.0
MCT.f.0430	-1.48241770323	5.32369054957	3.84495097889	0.834471023359	-0.591996708369	-0.735519526631	0.97881531342	-1.95840035497	-0.516988151639	2.75078672039	-0.728248513113	1.66363311762	0.872937334693	0.0810487151429	1.55533324362	0.0
MCT.f.0431	-0.938177652084	6.44620080671	0.584160652406	-1.11773361854	-1.32598218189	-1.90273754253	4.29085075749	-0.60677051276	1.10395254531	-1.85658760123	-0.312256790264	-1.14525029654	-0.0794805982643	-1.31001824367	-0.835589119623	0.0
MCT.f.0432	3.56269435528	4.96675115625	1.82146285465	2.15054293962	-3.35844504991	-0.343371997918	-1.88779408024	1.60506458444	-2.6654110505	-0.858372723158	0.366367314533	0.521234593414	-2.02819587803	0.928369620713	-0.506633060657	0.0
MCT.f.0433	-3.19484512732	4.0130356368	-6.66448053179	-6.55506498226	-0.924721128549	0.822655636634	-1.31810305502	1.59469135004	-0.59172091579	0.813425559496	-0.407056114615	0.307694114563	0.741189382092	0.176250864494	-0.0245627404301	0.0
MCT.f.0434	-3.11090153939	-1.3486158089	-0.989998496499	2.61474032136	-1.08707485015	-0.195659005714	-1.15144934039	1.2741879874	0.130245654531	-2.56001599672	1.24223650884	0.251935299751	1.32212052779	-0.938706694295	2.39204897484	0.0
MCT.f.0435	-0.78172832794	-2.86460177667	-4.19527351221	2.28090187777	-0.710281370232	-3.12217246649	0.132033438847	-2.99963259159	-2.11895730913	0.59631985067	1.49931972059	-1.25840483388	0.916572003442	1.04691981097	-0.673671202902	0.0
MCT.f.0436	-4.68233138187	-4.93127061114	-2.44569248236	1.02254666927	2.75752930118	-2.91303705705	0.848579526951	0.48832918909	-1.01048313285	-0.266546148184	-1.99376348747	1.7764451347	-1.67747399848	-0.834640705213	-0.124411512544	0.0
MCT.f.0437	12.5957024886	-6.58172329109	0.890790785918	-3.36625877599	-2.0084000929	-0.832642434624	1.94453354197	0.603198280421	0.372361111866	-0.099691519309	0.0529740648915	1.01406795685	0.549335377032	0.297171107277	0.253422123275	0.0
MCT.f.0438	2.28938546277	3.13038552555	0.62533041949	2.78725262879	4.89320858871	-0.316717753206	0.616862305374	2.73964055772	0.713938238644	-0.114369823609	0.481406348851	0.530621758325	1.6370651365	1.33662372373	-1.09513104479	0.0
MCT.f.0439	8.74259222627	1.51379535665	-0.75419313284	1.25547717305	2.47474464717	1.5391197645	-2.52773914035	-0.975105625365	-1.06196014281	0.556664763713	-1.13645021698	-1.38205386849	0.182234607675	-2.26183498868	-0.0453569971735	0.0
MCT.f.0440	1.69157138517	0.846103874612	-4.64712475202	2.6822291809	-0.142476755647	3.86536609096	0.778390710409	-1.77083605755	3.09127126202	0.243349717642	1.13979515421	1.09351105386	-1.4914807372	0.315347195949	0.0129675212737	0.0
MCT.f.0441	-2.07143671475	-2.46083964193	0.372874826734	1.55389366004	-1.21782667131	2.26736174879	0.68375375228	0.376368731228	0.483657487487	-0.253088222341	-3.17907843646	-2.03545231961	0.112129873828	1.79573719296	0.685421029274	0.0
MCT.f.0442	-4.45499009602	-3.1394884695	3.04031870374	-2.02768395047	1.74847937906	4.24731491912	2.47134126257	0.488815844796	-2.85150600216	0.456944132515	1.80228128017	-0.582593891975	-0.527549066462	-0.39641038598	0.00599124496866	0.0

Biplot	0	0

Site constraints	0	0
