Eigvals	14
0.620403151691	0.553311530688	0.463057571565	0.410676558916	0.384902887139	0.314215506527	0.270397326361	0.192040679439	0.135533158263	0.0731659745873	0.00412601974	0.0	0.0	0.0

Proportion explained	14
0.181307395613	0.161700456095	0.135324525819	0.120016632948	0.112484502764	0.0918267339458	0.0790212539854	0.0561222091569	0.0396083802553	0.0213821162315	0.00120579318668	0.0	0.0	0.0

Species	0	0

Site	14	14
MCT.f.0053	-0.237243415419	0.0170103977653	0.219922726306	-0.117527731021	0.23323650969	-0.223834226177	0.089800881172	-0.0500606209967	0.159665212937	-0.0793530774823	0.013756279417	-0.0	0.0	0.0
MCT.f.0054	-0.322412005596	0.0452338669846	0.0861715507982	-0.0829958304689	0.182033597047	-0.0968051345932	-0.0485945952572	-0.00964687658774	-0.12997286278	0.100207303085	-0.0304096443161	-0.0	0.0	0.0
MCT.f.0055	-0.279729957158	0.149328171529	-0.0934166879901	-0.00974180707214	-0.101293871734	-0.00418902843366	-0.270958145717	0.0820326319105	-0.128741445103	-0.0387018105994	0.0216456789922	-0.0	0.0	0.0
MCT.f.0056	-0.193398050926	0.246127826885	-0.176202826541	0.0607364891121	-0.262064205126	0.0431888084321	-0.0209717857971	-0.025771578997	0.14151382237	-0.0816784022333	-0.0119845322747	-0.0	0.0	0.0
MCT.f.0057	-0.150127013171	0.0313108550267	-0.164822396295	-0.0804417941495	-0.198066230028	0.034355169055	0.331960043	-0.033832971878	-0.00862956665224	0.0897180179735	-0.00292066340588	-0.0	0.0	0.0
MCT.f.0058	0.0241967741983	-0.189245388464	-0.261227923347	-0.134220202927	0.18704086136	0.116742000224	0.141770299983	0.0257913479794	-0.114606489961	-0.0641428227369	0.0241800564741	-0.0	0.0	0.0
MCT.f.0059	0.188271877064	-0.0480303717388	-0.332520114052	0.0166900253308	0.264263507347	0.0828978660078	-0.130603376443	-0.0207304703017	0.111468298505	-0.00759229979341	-0.0219683255494	-0.0	0.0	0.0
MCT.f.0060	0.259394224014	0.340297577284	-0.0302184095873	0.149973474161	0.0915860941344	-0.0901238318649	-0.0168534663322	0.0414505559434	0.0506691949146	0.142863101428	0.0246862895031	-0.0	0.0	0.0
MCT.f.0061	0.321251575339	0.256981627108	0.137974616692	0.144932261183	0.00824150464741	-0.0834072707123	0.13182802299	0.00665821692936	-0.15176826836	-0.123347880016	-0.0169239081717	-0.0	0.0	0.0
MCT.f.0063	0.323251494301	-0.0264400018728	0.129312867651	-0.489332722576	-0.179046866903	-0.0118695514608	-0.106587036933	0.015731401176	0.0213554852436	0.0153224548256	-0.00385958684118	-0.0	0.0	0.0
MCT.f.0065	0.0980419423937	-0.347253625137	-0.0302745624595	0.176199613645	-0.162955343877	-0.225464224856	-0.0716924335635	-0.217147470342	-0.0285474024458	0.0139201500628	0.010358263273	-0.0	0.0	0.0
MCT.f.0066	0.0155662848113	-0.330148903029	0.0182883542363	0.164327992617	-0.0752645098162	-0.082730321283	-0.0143536933676	0.207728517418	0.0266970982015	0.00875711192544	-0.015223420722	-0.0	0.0	0.0
MCT.f.0067	-0.0217771875746	-0.128867681671	0.254909440898	0.109424251291	-0.0218837168101	0.193775731755	0.0388987496119	0.197762024068	0.057326697588	0.00896247589188	0.00861886099407	-0.0	0.0	0.0
MCT.f.0068	-0.0252865422775	-0.0163043506693	0.24210336369	0.0919759808746	0.0341726700692	0.347464013907	-0.0536434633457	-0.219964706322	-0.00642977445766	0.015065677669	4.46526274455e-05	-0.0	0.0	0.0

Biplot	0	0

Site constraints	0	0
