Eigvals	10
0.695051080328	0.572863342658	0.285634006444	0.261778158443	0.105622213932	0.0525307979783	0.0441697037753	0.00745898814699	1.48660484547e-05	0.0

Proportion explained	10
0.343214227573	0.282878273583	0.141045252162	0.129265302923	0.0521559459372	0.0259395571954	0.0218108728875	0.00368322692792	7.34081203792e-06	0.0

Species	0	0

Site	10	10
MCT.f.0037	-0.372079104686	0.0943906263902	0.0390011780038	-0.0200021296531	0.187706078951	-0.0492019687249	0.02465585298	-0.0036197697461	0.0020519348874	0.0
MCT.f.0038	-0.411560691434	0.113089405165	0.00539632860857	0.00601150586748	0.0439376820873	0.0416505489931	0.0256411923005	-0.00906807826565	-0.00287634346646	0.0
MCT.f.0039	-0.358300593767	0.10943053051	-0.0858544977086	0.0423557518546	-0.232636590412	0.0335983441931	-0.0245404427837	0.0101468848809	0.00122179169758	0.0
MCT.f.0042	0.0441363052337	-0.265482901993	-0.224279885126	-0.211592300196	-0.0235403727921	-0.132985231246	0.000102516581084	0.0204113163646	-0.000659633552591	0.0
MCT.f.0043	0.119265018114	-0.322874798041	-0.0878587339899	-0.0953997578796	0.00342424596817	0.0854864707755	-0.00730640471378	-0.059686349534	0.00051330084803	0.0
MCT.f.0044	0.111405171159	-0.324511080727	0.0754366345272	0.0718799933786	0.045206603407	0.105382033315	0.0459243459536	0.0530722302726	0.000194055599186	0.0
MCT.f.0045	0.0660015620249	-0.20105083988	0.289303317375	0.25694317603	-0.0540588976863	-0.101134865928	-0.0229904832535	-0.016474820216	-0.000327665527523	0.0
MCT.f.0048	0.210116030187	0.257672479777	0.283352017928	-0.310099605894	-0.0223033217322	0.0183881794335	-0.0493232087497	0.00660428655202	-3.45086535559e-05	0.0
MCT.f.0049	0.35512502912	0.328380426556	-0.0940849351853	0.0822424842384	-0.0327881340159	-0.0176340458794	0.140204047605	-0.00932291187276	0.000102128711146	0.0
MCT.f.0050	0.235891274048	0.210956152243	-0.200411424432	0.177660882254	0.0850527062255	0.0164505350677	-0.13236741592	0.00793721156438	-0.000185060543268	0.0

Biplot	0	0

Site constraints	0	0
