Eigvals	17
259.784357154	173.337940876	141.86277964	122.991304095	75.1425871628	59.0786404199	40.9338148429	37.8851015107	33.4113963007	32.5525633772	28.9642480978	24.7568210825	23.2412334448	19.1291838312	15.6223669041	13.4852876338	0.0

Proportion explained	17
0.235700561812	0.157268322448	0.12871112498	0.111589164917	0.0681763528963	0.0536016444201	0.0371389688789	0.0343728922257	0.0303139302354	0.0295347170264	0.026279063235	0.0224616936206	0.0210866113732	0.0173557770199	0.0141740661234	0.0122351087891	0.0

Species	0	0

Site	17	17
sample1	-0.70305405723	0.435052399652	7.9778162843	-0.999859738855	0.983469840914	-0.380260370383	-2.26461676675	0.335699963465	0.158927453024	-0.406957305873	0.732952930374	-0.0197960658259	1.82306001888	-1.77133290695	-0.184943340128	-0.238248006885	0.0
sample2	1.98917252383	5.48913132448	1.18203255398	-0.707665088099	1.73049471507	4.10163523421	1.71167706167	0.930119460343	-1.01295214527	0.453007337287	0.44100953451	-2.03132407887	0.782421583122	1.24274037964	-0.162088036734	-0.0137967321142	0.0
sample3	4.72345175098	2.8374966248	1.5367350652	-4.91768016437	0.259857817721	-1.83359659012	2.22761887258	1.58214728846	1.21328797326	-0.729237931175	-0.732231899904	2.36642124752	-0.513860303069	0.431150690974	-0.505866857992	0.326354915471	0.0
sample4	3.19192035003	3.93730196318	-0.847647501044	3.0192706807	2.64444340511	-3.12322099135	-1.50096568969	-0.560279545569	-0.806782484117	0.855873660445	-2.34626755753	-0.183233099167	0.322818159375	0.592485813327	1.55769137239	-0.06250979785	0.0
sample5	0.589370744473	0.748813324085	-1.9419346125	4.60275554941	-2.44858548191	-2.21874520379	2.11676641694	0.229183002542	-0.537036656153	1.66547594513	0.954351131144	0.385311289579	1.89847125	-0.468626395879	-1.49271532003	-0.56096677888	0.0
sample6	2.71687367378	3.6819213783	-0.65071091389	2.45012578693	-3.31937896184	2.88782908389	-1.56112789649	-2.6923192849	0.236481182113	-2.01175676066	-0.52857903744	1.54458755589	-0.187593372843	0.0460572242454	-0.386576244085	0.109803261597	0.0
sample7	5.3434477763	-0.546218117816	0.465379712046	2.6855315297	-1.17170686343	-0.762028550176	0.446233006672	0.90250282442	1.65844085162	-0.524833455329	0.305618330491	-2.37647202864	-2.17022637966	-1.53879384187	-0.0135768925789	0.945838535166	0.0
sample8	-3.00180122812	-4.15928244476	2.15496786426	1.43834615726	-1.53562083605	1.58385113791	2.89318979255	-0.0742275702108	-0.563018673921	0.0708925025101	-0.741940862498	0.884234523592	0.510954712343	-0.518959215134	2.36678374687	0.682523408293	0.0
sample9	-0.557038652943	-5.78210546083	4.2183755944	0.492396595909	-0.0119669891091	-0.584236359081	0.487417067682	-1.76964619141	0.952080868512	0.00660041794362	-1.41304972933	-0.965416955459	-0.551357069265	2.11785690787	-1.07828226491	-0.969897862234	0.0
sample10	2.12695961041	-3.86680438818	-1.55899161603	3.16897843559	1.74010179795	1.87170043205	-2.12772230242	2.71494103635	1.40870950941	0.799572498328	1.50586454389	1.58288718575	-0.0878304463803	1.15640713647	0.274555542242	-0.0706970393508	0.0
sample11	7.4461528161	-4.98474239056	-4.2217915886	-4.68857784674	0.426307829751	1.07107394938	-0.454274705441	-1.09674685003	-1.16914423067	0.681543062843	-0.339426413899	-0.374377005704	0.665378313374	-1.24277517091	0.103607545489	-0.869808372557	0.0
sample12	-4.16776319795	-2.41403649965	-2.49474884224	0.546808435776	3.72056880156	-0.0142982135894	0.0817135351907	-0.444058849163	-1.09560210232	-1.38078391719	-0.738725827851	0.144767854636	0.434234820358	-0.350242591245	-1.51141125661	2.10911402903	0.0
sample13	-4.49492839863	1.37515480492	-2.11859217415	0.825002464561	3.13101505134	-0.60536486903	1.34382911241	-0.69241518632	0.422087418728	-2.2916294742	1.53115965534	0.138552034967	-0.976690650969	-0.706938096751	0.510531803902	-1.97637236533	0.0
sample14	-7.55899197102	2.30873289167	-2.49231979561	-2.16606438658	-0.664749241825	1.32313096929	-0.668543209244	0.14334398	2.75747644219	2.37709811514	-1.7824431001	-0.231370690831	-0.132976925295	-0.882594910727	-0.230882830486	-0.222248599473	0.0
sample15	-1.64533402212	0.326590987622	-2.04938728966	-3.27139924887	-1.79392717066	-2.18848940065	-0.727187047568	-1.41226333029	1.26982443885	-0.489459140195	2.46058335616	-1.03713830991	1.2071685912	1.44141295357	1.0078419954	1.0362219109	0.0
sample16	-3.96143611302	-0.45937962855	-1.18566674002	-1.311454394	-3.58444982645	-0.79520780798	-1.45219339168	3.16100708164	-2.40604988499	-1.68670031116	-0.999284860124	-0.711000718841	-0.420466163449	0.45291274854	-0.0783362304293	-0.57391547814	0.0
sample17	-2.03700160485	1.07237323163	2.02648399956	-1.16651476832	-0.105873888133	-0.333772450598	-0.551813856404	-1.25698782933	-2.48672996027	2.61129475615	1.69040980677	0.883367261312	-2.60350613772	-0.000760725169316	-0.176332732304	0.348604972355	0.0

Biplot	0	0

Site constraints	0	0
