Eigvals	12
0.544991278172	0.449804254804	0.383713606256	0.353238074047	0.315546838906	0.249304664802	0.217332538115	0.201152428756	0.164220705359	0.133165490608	0.108078487415	0.0

Proportion explained	12
0.174645996163	0.144142696048	0.122963518298	0.113197435988	0.101119034788	0.0798912996893	0.069645623954	0.0644606027798	0.052625592054	0.0426737467063	0.0346344535306	0.0

Species	0	0

Site	12	12
sample2	-0.322145526951	0.120714634188	0.212758209568	-0.173907505339	0.110302262873	-0.261658817736	-0.0133114949956	-0.0578416055636	0.158740701746	0.00662814185882	0.0251634568773	0.0
sample3	-0.0390668414328	0.303067323874	-0.27227380581	0.158020732586	0.164417984306	0.00755927909017	0.237836674683	-0.100145291771	-0.0174014864631	0.0665649853034	-0.0397588983553	0.0
sample4	-0.188567499078	-0.2404144717	0.0183767710076	0.298011003485	-0.137400014882	0.0610673414866	-0.0168694709536	0.0456595668593	0.107864030648	0.187779614351	0.0724186136737	0.0
sample6	-0.265969970639	0.183372333481	0.101929315572	-0.127634598911	0.093835289967	0.330509951047	-0.0910275983377	0.147652886885	-0.0524224848714	0.000556730081133	-0.0322132700308	0.0
sample7	-0.118787710237	-0.256062316795	-0.0712853725075	-0.127298229368	-0.0801463499026	0.139505052082	0.153046669027	-0.170451789987	0.0112952033554	-0.175365290773	0.105784326187	0.0
sample8	0.126966982932	-0.230656283463	-0.153025721135	0.0902243513724	0.372081332028	-0.0346020518501	-0.217476402159	-0.0116123703748	0.00231055095417	-0.0551542781418	0.00153699853013	0.0
sample11	-0.251235184702	-0.129434825594	-0.0678779861307	0.0597117374054	-0.149551377566	-0.185188744766	-7.79606269638e-05	0.0908120106546	-0.218666665949	-0.0659224778196	-0.134855165197	0.0
sample12	0.15306332142	0.235182274599	-0.233012995344	0.0154076213287	-0.203045914944	-0.0619992600992	-0.0942641591441	0.178709625495	0.122236947775	-0.117371451197	0.0859640200458	0.0
sample13	0.134213660853	0.15527819548	0.0118597647471	-0.0755403508417	-0.1635517557	0.00501213837622	-0.21042961807	-0.258079605127	-0.131960671882	0.100268910242	0.0363377410853	0.0
sample14	0.250026702531	0.0624903622156	0.3408022462	0.248242361442	-0.0411844559021	0.0526753533389	0.0338584031533	-0.0593250549377	0.0722426136161	-0.120731205528	-0.121068596602	0.0
sample15	0.267895908328	-0.0230490918712	0.203616914926	-0.0586332785356	0.0918553929263	-0.0755340200699	0.148525817865	0.149539071535	-0.163763213454	0.0550535730812	0.153374269842	0.0
sample17	0.253606156977	-0.180488134415	-0.0918673410941	-0.306603844624	-0.0576123932039	0.0226537790995	0.0701891395579	0.045082556332	0.109524474524	0.117692748542	-0.152683496057	0.0

Biplot	0	0

Site constraints	0	0
