Eigvals	11
0.594392519159	0.482272941449	0.468103915024	0.405213367774	0.404138142841	0.323663013672	0.318570215597	0.256457033017	0.221437209804	0.185858511676	0.0

Proportion explained	11
0.162397585718	0.131764715779	0.127893510121	0.110710802216	0.110417033489	0.0884299352906	0.0870385010359	0.0700681816474	0.0605002033187	0.0507795313844	0.0

Species	0	0

Site	11	11
sample1	-0.155467550321	0.136168721241	0.0548030109563	0.177098740334	0.176393373228	-0.254317465515	-0.179542214215	0.298846430352	0.0537053619991	0.0357810575323	-0.0
sample4	0.0516399669886	0.366997981356	0.0525554319405	-0.13424699956	0.0177734645118	0.354348798957	0.118800499439	0.179858811276	0.0335047824003	-0.0446255519331	-0.0
sample6	-0.327106734078	-0.0625691697265	-0.0214389603749	-0.0064666399189	-0.473907928478	-0.052713176511	0.050636903431	0.0085348654229	0.170078933697	-0.0555478048302	-0.0
sample8	0.105261834117	0.062909820516	0.540137194165	-0.105465041356	0.0378579837242	-0.156959051938	0.118265874166	-0.158033643129	0.0202685916134	0.0402867538903	-0.0
sample9	-0.320596834237	-0.00766892631054	0.0115549900719	0.269214147116	-0.00465226730304	0.127757268885	0.0757768005245	-0.0889078796545	-0.282916198979	0.133652687139	-0.0
sample10	-0.0536697304011	0.190218618467	-0.158007181299	0.151731250298	0.18557982505	0.00755192856524	-0.114337447819	-0.287470571682	0.112659407671	-0.19900701287	-0.0
sample11	0.0923295708518	-0.406887473377	-0.0652774415454	0.11872257808	0.201612886921	0.0328745590395	0.307788258412	0.0921789950628	0.0942278060957	-0.0783844796091	-0.0
sample13	0.144309423859	-0.305118498134	0.127328629724	-0.0123027572035	-0.0234752892656	0.240664086789	-0.365648591202	-0.0103961880583	0.0606921265866	0.0733589877091	-0.0
sample14	-0.243343797424	-0.103344223674	-0.174288490007	-0.483492844948	0.149745204053	-0.0880918540516	-0.0382005380679	-0.0173677113995	-0.11521829035	-0.00824193696236	-0.0
sample15	0.406119204798	0.00449709854738	-0.0681384901621	0.0330289535063	-0.214013633842	-0.122643933311	-0.044273244279	0.0626241036909	-0.244843691662	-0.176168027255	-0.0
sample16	0.300524645846	0.124796051094	-0.299228693469	-0.00782138634835	-0.0529136186003	-0.088471160908	0.070733699609	-0.0798672118813	0.0978411709278	0.278895327189	-0.0

Biplot	0	0

Site constraints	0	0
