Eigvals	14
205.225768525	136.796120087	112.136916765	100.120971811	70.6012778235	63.8810282057	55.2724066257	45.1176284136	28.5391756957	25.5164466579	19.4106341273	16.8943459296	14.3222579195	0.0

Proportion explained	14
0.229601406794	0.15304404433	0.125455950429	0.11201281468	0.0789869265748	0.071468481024	0.0618373726134	0.0504764632113	0.0319289090038	0.0285471560961	0.0217161272409	0.0189009675548	0.0160233804479	0.0

Species	0	0

Site	14	14
sample2	-2.47761159664	0.117832455406	0.0554041265896	-1.73554123215	5.12439693833	-2.26492496997	-0.488328659915	0.555365426268	-0.368206403558	1.23666129097	-1.06743806634	-2.15884691664	0.288144541772	-0.0
sample3	-1.84292870401	2.27169431109	-1.3296900956	1.29863640492	1.75668086935	-4.09333770825	0.02111253625	-3.21378861701	0.779286268933	-0.606502942518	0.467121402952	1.70294363222	-1.12369428661	-0.0
sample4	-3.17635634936	4.78118489174	-6.54425208001	1.37207473412	-0.412657827792	1.71489575647	-0.185719392311	0.713680569893	-1.8787819911	-0.499386743807	-0.338637721916	0.388416920716	1.21411971012	-0.0
sample5	2.0362387643	-6.3433865809	-4.59897408803	3.54315440792	1.04162481851	1.0963312867	1.63881692002	1.24112977622	2.16078418008	0.100546674632	-0.367848252488	0.0313810752225	-0.419313324108	-0.0
sample6	7.480633173	1.82070293388	-2.01770029059	-2.99598793135	-2.7680327854	-2.49969433508	-2.74442811379	1.51423980908	1.12415073354	1.27772615821	-0.0458975756387	0.1419621594	0.197240275584	-0.0
sample7	0.635952208709	-0.867770848646	0.508193460337	-3.99379329137	-2.44713076948	-0.954235214623	3.93028692903	-1.31955089229	0.225166033522	-2.09032249877	-1.51944183405	-0.540536180767	0.688415596677	-0.0
sample8	8.90137359392	-1.09266909271	1.63878161598	2.17552780961	1.78868479983	0.127256423979	0.461650870031	-0.646306626243	-2.80922327541	-1.05522236899	1.21923038609	-0.310649116185	0.141487116085	-0.0
sample9	-1.31022525399	2.02447082134	3.39870901699	-1.24649285266	2.01904252639	0.493733341023	2.23589973983	2.71904748999	1.40816556867	0.206645335262	1.70689920788	1.40228149109	1.30112113979	-0.0
sample10	0.126985352924	1.92708301573	3.63517664744	2.18674075898	-0.79618540277	0.720924876319	0.791123085837	1.88774801061	-1.117237687	1.03385932121	-2.47460202364	1.08570824562	-1.50163758533	-0.0
sample11	-4.20990214538	-0.626083795455	2.32906422328	2.89278013872	-2.07973560658	-1.51233423671	-2.79066218129	2.01438053487	0.473414334064	-2.66039472478	0.554508183911	-1.1315810757	-0.19385877437	-0.0
sample12	-0.396793374898	1.21178812784	2.60787518062	4.11175743075	-2.17553782793	1.06146852595	-0.0308264082939	-3.12223758571	1.1298921519	2.00194890559	0.00104616065094	-0.907196858708	1.3971085107	-0.0
sample13	1.10259614675	3.24838419708	0.118449245158	-2.8106532431	1.24072001346	4.91911019195	-1.22658720893	-1.28492086653	1.44721403518	-0.849396453662	0.40846120946	-0.723656248645	-1.51765611069	-0.0
sample14	-2.5896664976	-6.12593887487	1.18296767136	-2.7897266527	0.469051354812	1.48805602966	-3.34614135446	-1.23816829822	-0.933297740584	0.082032389413	-0.58192299503	1.62360466147	0.869259957174	-0.0
sample15	-4.28029531773	-2.34729156153	-0.984004633535	-2.00847648169	-2.76092110074	-0.297249967422	1.733803238	0.179381269079	-1.64132620823	1.82180565724	2.03852191815	-0.603831789088	-1.34073676679	-0.0

Biplot	0	0

Site constraints	0	0
