Eigvals	12
0.880941337548	0.40065665669	0.336970733578	0.130290285458	0.0490140961216	0.0302731296909	0.020912977916	0.0	0.0	0.0	0.0	0.0

Proportion explained	12
0.476426784739	0.21668135504	0.182239016728	0.0704630139803	0.0265075859502	0.0163721796536	0.0113100639091	0.0	0.0	0.0	0.0	0.0

Species	0	0

Site	12	12
MCT.f.0616	-0.226286026857	0.321448287531	0.142611320151	-0.182810022016	0.0969932609975	-0.0095887379329	0.0173010656744	0.0	0.0	0.0	0.0	0.0
MCT.f.0617	-0.313184196596	0.240914997401	0.0391660324142	0.0189113490035	-0.110032122829	-0.0518366022907	-0.0179249794402	0.0	0.0	0.0	0.0	0.0
MCT.f.0618	-0.353304581234	0.0836254892296	-0.0752564683495	0.0983380941335	-0.0126715387468	0.100162261687	-0.0191928514572	0.0	0.0	0.0	0.0	0.0
MCT.f.0619	-0.312156015281	-0.120361216283	-0.178009557901	0.0983415476566	0.0378075999134	-0.032899664898	-0.024805222854	0.0	0.0	0.0	0.0	0.0
MCT.f.0620	-0.264893426809	-0.23870503791	-0.0906225230192	0.00393412141956	-0.0151208607392	-0.0185165545116	0.0813796161955	0.0	0.0	0.0	0.0	0.0
MCT.f.0621	-0.057957501858	-0.31129728591	0.0627816948734	-0.0981122229542	0.0819893167071	0.0266261261669	-0.0309557968082	0.0	0.0	0.0	0.0	0.0
MCT.f.0622	0.09014193186	-0.190202162465	0.199284825759	-0.047035434521	-0.0661997926739	-0.0781341563249	-0.0200847697479	0.0	0.0	0.0	0.0	0.0
MCT.f.0623	0.194213628014	-0.0634572114598	0.244059224348	-0.024242256543	-0.0523277109275	0.073896235886	0.0261978911026	0.0	0.0	0.0	0.0	0.0
MCT.f.0624	0.260298828519	0.0456098039605	0.164976884052	0.151652278544	0.0321381483029	0.00349540502116	-0.06099353874	0.0	0.0	0.0	0.0	0.0
MCT.f.0625	0.328685397099	0.120490237554	0.0165509315677	0.141410319002	0.0349548717258	-0.0113135684862	0.0801110713619	0.0	0.0	0.0	0.0	0.0
MCT.f.0627	0.333438411716	0.0766434360133	-0.243721185534	-0.0135876340069	0.0540731058097	-0.0434887044711	-0.0185615398518	0.0	0.0	0.0	0.0	0.0
MCT.f.0628	0.321003551425	0.0352906623381	-0.281821178362	-0.146800139718	-0.0816042775396	0.0415979601544	-0.0124709454351	0.0	0.0	0.0	0.0	0.0

Biplot	0	0

Site constraints	0	0
