Eigvals	10
0.513412440026	0.501341872897	0.470044560495	0.415502156751	0.413622524519	0.311879991041	0.255299764419	0.236269030308	0.189336576466	0.0

Proportion explained	10
0.155263875026	0.151613548544	0.142148756454	0.125654288657	0.125085858753	0.0943173405573	0.0772066035544	0.0714514147585	0.0572583136958	0.0

Species	0	0

Site	10	10
sample2	0.0495711188366	0.122165646963	0.0687911186657	-0.406378288586	0.0367858416564	0.296072852763	-0.200739974797	0.0366141614644	0.0436645696358	-0.0
sample4	-0.0462707575823	-0.211712515459	-0.395301381437	0.270210852575	-0.0210154857046	0.244780589043	-0.0337892877743	0.153618637453	-0.0116753190566	-0.0
sample6	-0.399374526425	0.166854630489	-0.0542512011356	-0.184602929706	-0.185282106196	-0.114635922812	0.214075595534	0.17762108981	-0.0373067977971	-0.0
sample7	0.283898434899	0.243249721358	-0.0763395685963	0.0392046050772	0.0429477145866	-0.119375861548	-0.05691799176	0.010974626699	-0.321389147483	-0.0
sample8	0.161932373473	-0.314589099899	-0.216969272502	-0.254767527679	0.259346882355	-0.196210154562	0.124823823097	-0.0723274145025	0.0700735802613	-0.0
sample9	-0.423309377298	-0.0515658465816	0.0173172087183	0.0983054128723	0.0924310586874	-0.119484276753	-0.246812745776	-0.223625332525	-0.0310237522945	-0.0
sample11	-0.047099130452	-0.131172257575	0.433682460421	0.144278563627	0.26274278605	0.155645582014	0.186032622188	0.0350015397558	-0.0699004282269	-0.0
sample12	0.14058058427	-0.0921595225744	0.0451019422659	0.0118338345565	-0.413880906727	0.102365268756	0.13223296459	-0.27653478755	0.00137275719871	-0.0
sample13	0.172452574227	-0.174645389303	0.24220248739	0.0841038176173	-0.205523228744	-0.220475708808	-0.180144425959	0.209976768977	0.113221471095	-0.0
sample14	0.107618706054	0.44357463258	-0.0642337937904	0.197811659646	0.131447444036	-0.0286823680923	0.0612394206568	-0.0513192895821	0.242963066668	-0.0

Biplot	0	0

Site constraints	0	0
