Eigvals	11
0.539184047801	0.483610601881	0.426326923008	0.350739131228	0.316901130842	0.270700954758	0.261714520685	0.193182610785	0.174185078006	0.11769777818	0.0

Proportion explained	11
0.172030083862	0.154299024123	0.136022303732	0.111905540242	0.101109312	0.0863688533415	0.08350167466	0.0616361349515	0.0555748518508	0.0375522212373	0.0

Species	0	0

Site	11	11
sample2	-0.268064896415	0.210555231653	-0.019113834904	0.27250508275	0.11057382923	-0.110063065251	-0.092978773726	-0.252211866114	0.0594437563737	0.0257618843094	-0.0
sample3	-0.234621708299	0.13029986174	-0.192649269933	-0.116069752869	-0.0668595640007	0.0572106399745	-0.0610872448403	0.0509770109931	-0.108025004766	-0.248702450094	-0.0
sample4	-0.289624865284	0.189862015048	-0.173737189169	-0.116446233548	0.0492266050876	0.0314768990102	0.0481985964993	0.212147441752	0.0386065786189	0.190335871171	-0.0
sample5	-0.0874403379979	-0.227190053826	0.0417942314354	0.242963805269	-0.302773831257	-0.167146176419	0.188440318868	0.102808776373	0.0669537860645	-0.0290422297119	-0.0
sample6	0.418814885692	0.100304820175	-0.271387713752	0.0364831743306	0.119657635744	-0.159029541219	0.165665808571	-0.0263102388013	-0.154301174064	0.0177370979569	-0.0
sample8	0.0853575858873	-0.301593550915	-0.222870555798	0.0132179503995	0.125137296798	0.278710684092	0.0634554791635	-0.0729848532577	0.189583320255	-0.0238036240687	-0.0
sample10	-0.0515297424683	-0.165426876331	0.229099242508	0.179857279582	0.0659917314388	0.217491039144	-0.0401928630528	0.0343491131802	-0.265197702893	0.0571074007594	-0.0
sample11	-0.0157646028272	-0.234297952251	0.209244792122	-0.141603597737	0.300366435452	-0.242641441321	-0.104571872081	0.0963087397061	0.0572365606434	-0.0536555193168	-0.0
sample13	0.348490348705	0.329747946034	0.195357181834	0.115748341164	-0.0610674394479	0.105205072831	-0.141230383959	0.127478488174	0.135776350181	-0.038311695289	-0.0
sample15	0.11521462176	-0.161218142693	-0.0957293958323	-0.194871354342	-0.269980562052	-0.06086613877	-0.284148459542	-0.10865213559	-0.0325721659276	0.097978116625	-0.0
sample16	-0.0208312887533	0.128956701365	0.299992511489	-0.291784694999	-0.0702721369924	0.0496520279291	0.258449394099	-0.163910476415	0.0124956955136	0.004595147659	-0.0

Biplot	0	0

Site constraints	0	0
