Eigvals	15
0.943191613783	0.794557213691	0.471922896481	0.405858080154	0.327292459443	0.148892648091	0.0916355297108	0.0414342021962	0.0225648969138	0.0160674470944	0.0	0.0	0.0	0.0	0.0

Proportion explained	15
0.289019643331	0.243474007986	0.144610050839	0.124365988687	0.100291339014	0.0456247695771	0.0280796263733	0.0126965699922	0.00691450004699	0.00492350415398	0.0	0.0	0.0	0.0	0.0

Species	0	0

Site	15	15
MCT.f.0292	-0.190657875089	0.249836848279	0.072905054359	-0.263414270631	0.125648312097	0.0226472317851	-0.0290870964278	0.0104284795058	-0.0222912146058	0.0930970494877	-0.0	0.0	0.0	0.0	0.0
MCT.f.0293	-0.206168060171	0.325417174885	0.0669009244649	-0.241599429536	0.0879989810199	-0.0740746716025	-0.0013576878844	-0.0706460781347	-0.0178976827672	-0.0629460385461	-0.0	0.0	0.0	0.0	0.0
MCT.f.0294	-0.234104493576	0.198500057124	0.0699530577914	-0.119310068352	-0.221059107277	0.0803630437545	-0.0690555093643	0.0742799877096	0.0438955325585	-0.0397387562739	-0.0	0.0	0.0	0.0	0.0
MCT.f.0295	-0.298076337638	-0.0839704465881	-0.00468350801029	0.0687091763617	-0.316532654439	0.0415178955188	0.101671862979	-0.0358704725418	-0.0337803162594	0.0141499559666	-0.0	0.0	0.0	0.0	0.0
MCT.f.0296	-0.260393375354	-0.153689013877	0.149008819607	0.236306537496	-0.114844270146	-0.040342379112	-0.0894621496483	0.0297673785351	0.0156566830503	0.0225501724092	-0.0	0.0	0.0	0.0	0.0
MCT.f.0297	-0.275091832185	-0.0975306532584	0.117776443679	0.232216946976	0.143467455413	-0.149127981197	0.0427593040436	-0.0491722485157	-0.0285914394062	-0.00772299286462	-0.0	0.0	0.0	0.0	0.0
MCT.f.0298	-0.195531722562	-0.152977339639	-0.00434255059226	0.106532141408	0.314535610779	0.0510422863698	-0.0456321427803	0.0429458184516	0.0501250153248	-0.01371640427	-0.0	0.0	0.0	0.0	0.0
MCT.f.0299	-0.105215645551	-0.19841840311	-0.288130137129	-0.0435044785376	0.0777397942531	0.182986566288	0.0877850355985	-0.0354507175422	0.01877911756	-7.18713142124e-05	-0.0	0.0	0.0	0.0	0.0
MCT.f.0300	0.103359680464	-0.35381462713	-0.222924280924	-0.103358978442	-0.00621205345611	0.0451915127087	-0.117879439051	-0.0201867261336	-0.0510176275553	-0.0130993684714	-0.0	0.0	0.0	0.0	0.0
MCT.f.0301	0.225375749058	-0.298128103251	-0.046179117137	-0.20493710776	-0.0988729718604	-0.16099312677	-0.0102401445722	-0.0174324611731	0.0355242187349	0.00699834038259	-0.0	0.0	0.0	0.0	0.0
MCT.f.0302	0.312130643007	-0.226822860062	0.176752420078	-0.116428298228	0.0258142036822	-0.0686516430513	0.0503937488163	0.0914333290125	-0.0367060010101	-0.00984131319274	-0.0	0.0	0.0	0.0	0.0
MCT.f.0303	0.333726095245	-0.00439746165339	0.285484190942	-0.00290183743509	0.00926299444217	0.078222571059	0.117341510248	-0.0436807268518	0.0601543168986	0.00605139168387	-0.0	0.0	0.0	0.0	0.0
MCT.f.0304	0.361818405715	0.201064657363	0.14784026096	0.176646941508	0.0250003459691	0.15055771649	-0.044809185342	0.00245586766207	-0.0662337068334	-0.0136019935493	-0.0	0.0	0.0	0.0	0.0
MCT.f.0305	0.346252500779	0.275629428972	-0.169934787149	0.158293813598	-0.0672769074259	-0.0623531548467	-0.105108369859	-0.0666256626753	0.0386647816675	0.019030032736	-0.0	0.0	0.0	0.0	0.0
MCT.f.0306	0.082576267858	0.319300741945	-0.350426790941	0.116748911574	0.0153302669492	-0.0969858673948	0.112680263244	0.0877542326917	-0.00628167735714	-0.00113820418362	-0.0	0.0	0.0	0.0	0.0

Biplot	0	0

Site constraints	0	0
