Eigvals	15
0.689352973959	0.660267146372	0.523446715366	0.43842229891	0.371178870814	0.324345610206	0.316097235156	0.30122900514	0.243344462076	0.236819065174	0.203663328146	0.194861014778	0.177218386902	0.130724576108	0.0

Proportion explained	15
0.143287710216	0.137241980681	0.108802723856	0.0911296965293	0.0771525945179	0.0674179144223	0.0657034215302	0.0626129370985	0.0505811566525	0.0492247990017	0.0423331051688	0.0405034716214	0.036836305676	0.0271721830282	0.0

Species	0	0

Site	15	15
MCT.f.0052	-0.239464949159	0.167150777161	-0.22943962311	0.107283263877	-0.240459237632	0.198427900229	0.171968857093	0.23673299578	-0.00404062682804	-0.0600774695925	0.131609008383	0.0390882271879	-0.0107278741965	-0.0448586472674	-0.0
MCT.f.0053	0.206899250373	0.21100048993	-0.0370678837213	-0.0192965353351	0.0885351857229	0.158047907544	0.10939262701	0.0451716344133	-0.178275321099	-0.0101869725382	-0.296176929271	-0.121351385226	-0.0370802805649	-0.040390294792	-0.0
MCT.f.0054	0.309101768935	0.0882534707673	0.2040198409	-0.0466724793696	-0.0666101923048	-0.0704610393734	0.190727133678	-0.0317950048639	0.125521812149	-0.124916851379	0.0993861535143	-0.0805190552901	-0.182767170028	0.140893651853	-0.0
MCT.f.0055	-0.0583581726033	0.205056679511	0.232247036589	0.178369038415	0.0820343596877	0.0858132591594	-0.260236084372	0.166537351998	0.249635046754	0.122722599211	-0.0486511450578	-0.0368078703047	-0.0228635194602	-0.0097957530754	-0.0
MCT.f.0056	0.142727759861	-0.191772073039	-0.011408505492	0.216753435249	0.163734470952	0.245069065367	0.0488591049327	-0.231822450672	0.0836982392479	-0.112302768158	0.0074415120469	0.195374083228	0.024525405219	-0.0453297932839	-0.0
MCT.f.0057	0.0211458995799	0.267627129856	-0.0804372882159	-0.317007418255	-0.0439219386189	0.010489205654	0.0344190010415	-0.214861281569	0.0546971232639	0.252242859912	0.0672352201858	0.0718488852959	-0.0460634673617	-0.101276131582	-0.0
MCT.f.0058	0.0784318467169	-0.267051322877	0.0697072547542	-0.108761057895	-0.215192529264	-0.0457805080407	-0.206811113573	0.110090698183	-0.128795316158	-0.0104168535775	-0.0855131728777	0.206406604751	-0.16312665279	0.0024879550657	-0.0
MCT.f.0059	-0.354410467094	0.00813860302729	0.379289822298	0.178918271316	0.0998349218238	-0.136805579614	0.174464886144	-0.0355683709627	-0.194653604598	0.102729227937	0.0359188451299	0.0466133380323	-0.00418574303532	-0.00597711506244	-0.0
MCT.f.0060	0.141523797543	-0.111042157545	-0.182436642193	0.231442080707	-0.0270140883873	0.00213008726197	-0.203021937968	-0.12002534884	-0.169781938943	0.0752879736231	0.170012438513	-0.205212062121	-0.056643112201	-0.0120430956729	-0.0
MCT.f.0061	-0.209452701307	-0.183970030994	-0.189767017599	-0.205482364271	0.379622026452	-0.0972433202561	-0.00240662155485	0.131289206404	0.0445752739253	-0.103726528938	0.0500048301551	-0.0450427868983	-0.111707119303	-0.0646556357493	-0.0
MCT.f.0063	-0.384150730969	0.203920503479	-0.109000441958	0.00332505117416	-0.132498790948	-0.12539952176	-0.132009983128	-0.233580604602	0.0470012780337	-0.209607812538	-0.12187817389	-0.0326570355247	0.0246342258749	0.05726820709	-0.0
MCT.f.0065	-0.133889345292	-0.426133932365	0.193392089055	-0.237023626843	-0.136024986793	0.183642190674	0.0330946400114	-0.0229145124445	0.0566877556481	0.0249341309922	-0.0148950049505	-0.164964410331	0.143304723335	0.0126376584603	-0.0
MCT.f.0066	0.156654790637	0.231431198172	0.0308854098321	-0.171345332945	0.136655168707	0.0343342303091	-0.1270001824	0.0880376351541	-0.141790079037	-0.063670034953	0.119951695995	0.0891968776902	0.21009352716	0.143190277568	-0.0
MCT.f.0067	0.0361311871523	-0.187186801689	-0.311869574899	0.125864247311	0.00964768369993	-0.154815011975	0.126682728061	0.0445594499651	0.0945535207077	0.206242531568	-0.110982903897	0.0469361261966	0.0692488454346	0.165576924663	-0.0
MCT.f.0068	0.287110065626	-0.0154225333947	0.0418855237604	0.0636334268654	-0.0983420530975	-0.287448865179	0.0418769450248	0.0681486020559	0.0609668369323	-0.0892540315698	-0.00346237397881	-0.00890953668607	0.163358211918	-0.197728208214	-0.0

Biplot	0	0

Site constraints	0	0
