Eigvals	13
0.667809146383	0.478053969597	0.225646077317	0.0450932257805	0.0287019493984	0.0236988762335	0.00799174699766	0.00455206875525	0.0	0.0	0.0	0.0	0.0

Proportion explained	13
0.45075122094	0.322672146133	0.152304360313	0.0304365801019	0.0193729582842	0.0159960333802	0.0053941904452	0.00307251040263	0.0	0.0	0.0	0.0	0.0

Species	0	0

Site	13	13
MCT.f.0549	-0.172577419388	0.305729384857	0.228451335831	-0.107917122258	0.00234480340439	-0.0290249426768	-0.00841782543912	0.0123339243669	0.0	0.0	0.0	0.0	0.0
MCT.f.0550	-0.209731957716	0.239905650833	0.102656778728	0.0840594087985	-0.0372112014883	-0.0092410328189	0.019754311205	-0.0155023769902	0.0	0.0	0.0	0.0	0.0
MCT.f.0551	-0.247452374504	0.173161278015	-0.0424389017838	0.0225761640786	0.00390390765459	0.0884977204016	-0.00812505347417	0.00919109344434	0.0	0.0	0.0	0.0	0.0
MCT.f.0552	-0.21278365976	0.0338430668659	-0.154230283041	0.0209952853785	0.060138946959	-0.0348436126729	-0.0117158191325	-0.0437218155413	0.0	0.0	0.0	0.0	0.0
MCT.f.0553	-0.210999375846	-0.0668294281626	-0.140932176741	0.029241762823	0.0481747403681	-0.0367071025353	0.0123970359625	0.0379090899676	0.0	0.0	0.0	0.0	0.0
MCT.f.0554	-0.195107561803	-0.198784824942	-0.131084746402	-0.00571650649744	-0.097120407622	-0.00449734811027	-0.0268645082609	0.00898506221395	0.0	0.0	0.0	0.0	0.0
MCT.f.0555	-0.12047801479	-0.309271939319	0.00116777063697	-0.0887907878641	0.0337134028192	0.0483951644765	0.012373738999	-0.00385528691226	0.0	0.0	0.0	0.0	0.0
MCT.f.0556	0.0264608497388	-0.303627458837	0.191402345842	-0.016370355243	0.0100412758431	-0.0519716699519	-0.00142375941676	-0.0103668072782	0.0	0.0	0.0	0.0	0.0
MCT.f.0557	0.121251454609	-0.162634572358	0.1330272247	0.0925565578035	-0.036287671721	-0.000138301600736	0.0302054740581	0.00589197859771	0.0	0.0	0.0	0.0	0.0
MCT.f.0558	0.278529418164	-0.0231208673311	0.065080947975	0.00291263925285	-0.0167876676331	0.0614679218734	-0.0347386340696	-0.0128613656044	0.0	0.0	0.0	0.0	0.0
MCT.f.0559	0.315182737631	0.0504565356849	0.0135673483904	0.0304818223482	0.0802499047059	0.0284279206625	0.010845469748	0.00964174047672	0.0	0.0	0.0	0.0	0.0
MCT.f.0560	0.33728622231	0.115718658271	-0.0786683057704	0.0171633557075	0.000322703236881	-0.0514650239726	-0.0421106768859	0.0118431186593	0.0	0.0	0.0	0.0	0.0
MCT.f.0561	0.290419681357	0.145454516422	-0.187999338366	-0.0811922243283	-0.0514827365267	-0.00889969307477	0.0478202467064	-0.00948835540024	0.0	0.0	0.0	0.0	0.0

Biplot	0	0

Site constraints	0	0
