Eigvals	12
0.902718626315	0.5807068917	0.3208840729	0.154587498479	0.0881296506872	0.0389191895156	0.0179773107441	0.00927385457359	0.00646788354211	0.0	0.0	0.0

Proportion explained	12
0.425877973873	0.273961639034	0.151384334865	0.0729301564399	0.0415771603451	0.0183610098346	0.00848120383494	0.00437515110541	0.00305137066841	0.0	0.0	0.0

Species	0	0

Site	12	12
MCT.f.0035	-0.233316261237	0.236608601299	0.460537586087	-0.083086575124	0.00330688575124	-0.0396844563755	0.00409446418926	-0.00903870041581	0.0029865414409	-0.0	0.0	0.0
MCT.f.0036	-0.332945219606	0.106490285023	0.0156900310442	0.153744081528	-0.0967207225178	0.118430722533	-0.00650237312477	0.00585895587812	-0.0238092608214	-0.0	0.0	0.0
MCT.f.0037	-0.352365283278	-0.00531741359977	-0.0992416646539	0.0626042052341	-0.0108372672068	-0.0222140658098	-0.0220863255537	0.0474800123018	0.0433464948281	-0.0	0.0	0.0
MCT.f.0038	-0.338036287417	-0.0444515267481	-0.16172153216	0.00919536355532	0.0478292448721	-0.0513990542708	-0.00877919494672	-0.0523368445947	-0.0180398020971	-0.0	0.0	0.0
MCT.f.0039	-0.322703932525	-0.0867976736711	-0.155832954739	-0.0808336912017	0.0677567788077	-0.0269906061035	0.0477541017453	6.77089939842e-06	-0.0049456435263	-0.0	0.0	0.0
MCT.f.0042	0.0654683990723	-0.302805333829	0.0360877137001	-0.203450080454	0.0590606816279	0.0415238259479	-0.0357975756228	0.0305550721221	-0.00432898534328	-0.0	0.0	0.0
MCT.f.0043	0.184498916192	-0.309163742183	0.0444723512446	-0.0652500350698	-0.0613730800743	0.0631276543806	-0.00944834730364	-0.0286960880938	-0.00210436750663	-0.0	0.0	0.0
MCT.f.0044	0.243431474762	-0.240639047617	0.0708820609103	0.0992140182842	-0.0591673454927	-0.0280046249956	0.0944849071439	0.00916930433645	0.00775014813884	-0.0	0.0	0.0
MCT.f.0045	0.257458824681	-0.172932261352	0.0636801193146	0.189244947818	0.00900291364065	-0.0829517772129	-0.0659406681155	0.000449170801721	-0.0106796826749	-0.0	0.0	0.0
MCT.f.0048	0.300234515163	0.222741095169	-0.0146130013808	0.0790741409415	0.180713590024	0.0716466070526	0.00603533123367	-0.0211507745178	0.0295124020925	-0.0	0.0	0.0
MCT.f.0049	0.289771010693	0.324384698472	-0.0991588907915	-0.041007453112	0.0264783232986	-0.0209004988775	0.0119298225064	0.0381681163161	-0.0444935569292	-0.0	0.0	0.0
MCT.f.0051	0.238503843499	0.271882319037	-0.160781818575	-0.119448922399	-0.16605000273	-0.0225837262685	-0.0157441421515	-0.0204649950335	0.0248057123986	-0.0	0.0	0.0

Biplot	0	0

Site constraints	0	0
