Eigvals	14
0.622886635125	0.445876844051	0.435800805181	0.293289070777	0.222693396361	0.121377577197	0.0645669113201	0.0437744119645	0.0322946059726	0.00711988920815	0.0	0.0	0.0	0.0

Proportion explained	14
0.272040894401	0.194733244556	0.190332612929	0.128091721082	0.0972596092244	0.0530107130238	0.0281990964547	0.019118134041	0.0141044180396	0.00310955624828	0.0	0.0	0.0	0.0

Species	0	0

Site	14	14
MCT.f.0003	-0.103167582577	0.345346486348	0.0462620102846	-0.144761851381	0.0804951384911	-0.129336833902	0.039690959075	-0.106742320226	0.0355374983801	-0.0154700013251	-0.0	0.0	0.0	0.0
MCT.f.0004	0.0173159951298	0.356585924579	0.107413617033	-0.0465066847269	0.0323081865988	0.00858866315736	-0.0733856964287	0.0647053185588	-0.0470145882999	0.0385294874567	-0.0	0.0	0.0	0.0
MCT.f.0005	0.208204070134	0.238848609424	0.118496304699	0.112214652035	-0.0648492325924	0.100660451741	0.03073707996	0.0605255329471	0.0488612756054	-0.034468733342	-0.0	0.0	0.0	0.0
MCT.f.0006	0.380968407793	-0.00476020001301	0.0804739214898	0.161845596239	-0.0720991359409	0.0624151277166	0.00671164190492	-0.0588766552549	-0.0658139605196	0.0107078579822	-0.0	0.0	0.0	0.0
MCT.f.0007	0.355282962451	-0.202591969809	0.0601698221133	0.0481057278531	-0.030007435845	-0.0781219507137	0.0244826453568	-0.0269958005243	0.0755630425031	0.0061805654678	-0.0	0.0	0.0	0.0
MCT.f.0008	0.220161360438	-0.193755138135	0.031273072201	-0.186228074076	0.0904709377966	-0.123331443532	-0.0799677902855	-0.00188984620954	-0.050646856711	-0.00370857986543	-0.0	0.0	0.0	0.0
MCT.f.0009	-0.0219009082566	-0.155309009305	0.125431185084	-0.212877484627	0.129792937732	0.0523422113445	0.0289041064488	0.0971276212338	0.0502437529807	0.00421348194414	-0.0	0.0	0.0	0.0
MCT.f.0010	-0.185415461068	-0.122535178005	0.124721279571	-0.140766122454	0.00572477077136	0.165054503228	0.0106481499534	-0.0494972108969	-0.0592094797904	-0.0346003347183	-0.0	0.0	0.0	0.0
MCT.f.0011	-0.277682137992	-0.103628603781	0.142143736091	-0.0234794125023	-0.163791703357	0.0643380620474	0.0277933779433	-0.0543295511092	0.03887557787	0.0465727891879	-0.0	0.0	0.0	0.0
MCT.f.0012	-0.254295496401	-0.0690240838979	0.0407480873149	0.109387143279	-0.218392814416	-0.0988291159658	-0.131226863272	0.0287694861941	0.00598342531284	-0.0251343885833	-0.0	0.0	0.0	0.0
MCT.f.0013	-0.230205427748	-0.0617553700153	0.0435391773183	0.215162718037	0.075152821368	-0.120723588325	0.0960558059272	0.0482062902769	-0.0253163330507	-0.000267652517084	-0.0	0.0	0.0	0.0
MCT.f.0014	-0.135178737357	-0.0673177584086	-0.109622623156	0.23256603536	0.260262221776	0.0397788567775	-0.00541532035293	-0.0205138175526	-0.013963817871	0.00287394632458	-0.0	0.0	0.0	0.0
MCT.f.0016	-0.00324055725834	0.023340493911	-0.428328098865	0.003197405035	0.047179078763	0.0900406278477	-0.0902573776179	-0.0196845596373	0.0553661217374	0.00413814958986	-0.0	0.0	0.0	0.0
MCT.f.0017	0.0291535127124	0.0165557971079	-0.382721491179	-0.12785964807	-0.172245771146	-0.0328755714212	0.115229281388	0.0391955122	-0.048465658147	0.000433412397937	-0.0	0.0	0.0	0.0

Biplot	0	0

Site constraints	0	0
