Eigvals	14
0.729620019279	0.563848174675	0.44825138722	0.385848288665	0.349095800805	0.31103454835	0.278505015459	0.248353864005	0.214132645816	0.158295870167	0.153550146537	0.114111392708	0.0880262154181	0.0

Proportion explained	14
0.180479586814	0.139474086377	0.110879941636	0.0954438445643	0.0863527099353	0.0769378378987	0.0688912979187	0.0614330769098	0.0529680798485	0.0391562354199	0.0379823281572	0.0282267159102	0.0217742586109	0.0

Species	0	0

Site	14	14
sample1	-0.231219434762	0.142946158992	-0.0136296020654	0.276548112322	-0.0302437046405	-0.068913718335	0.283854186437	0.0723005706326	0.105727059977	0.102406418603	-0.0483169918664	-0.0537161811389	-0.108302184841	0.0
sample2	0.139698088061	-0.156703134316	-0.0747887991107	-0.0974305775032	0.272812921211	0.333609004741	0.204260050744	-0.0630433606039	0.0728105442358	0.00191972539122	0.07396040148	-0.0345987464289	0.0344286174185	0.0
sample3	-0.198266199239	0.0300558129426	0.342092978503	-0.0908291475388	-0.0460187268293	-0.0637061262358	0.0867907195873	0.204757184485	0.0316318035768	-0.0932279303186	0.0337282307417	-0.0429038053191	0.16047232393	0.0
sample4	0.0437294014598	-0.355307336981	-0.0825447162955	0.164066794363	-0.104390337826	-0.0964098627376	-0.063986348632	0.0326840909568	-0.00801005704217	0.182263971194	0.184377004825	0.080738654995	0.0652115139407	0.0
sample5	-0.042717804519	-0.270445933813	-0.198750019818	0.194711961408	0.145956427793	-0.0827920130652	-0.0284853677935	0.0969917625721	-0.189201012939	-0.204379759037	-0.0818356757263	-0.0321522797534	-0.0145054088897	0.0
sample6	-0.111855691771	-0.276550800843	0.10615894489	-0.229780567967	0.0898198398454	-0.260572470113	-0.00339925331566	-0.220492645732	0.148609356218	-0.00914865853326	-0.0847052861512	0.00791257351876	-0.0475229440961	0.0
sample7	-0.282374699966	0.214780736731	-0.192160859857	0.0732325788055	0.0506104821779	0.0998409941007	-0.136285656097	-0.0285132767967	0.139642767642	-0.0205324182167	-0.106788414584	0.179139891238	0.0852824895592	0.0
sample8	-0.148623848855	-0.133020534959	0.263301087044	-0.106847481289	-0.116374708695	0.233480983942	-0.0580640383781	0.0710772705642	-0.150728612419	0.0388590636012	-0.0552950199891	0.107959955503	-0.132175782232	0.0
sample10	-0.390366129689	0.214999957852	-0.157174326174	-0.163326646746	0.0523308970128	-0.00771501608023	-0.165208031457	-0.033100000481	-0.0839401850199	0.0287333752528	0.166886348952	-0.135442126065	-0.0447780241035	0.0
sample11	0.142505506233	-0.0734312176348	-0.209248592721	-0.109657575157	-0.363708357784	0.0987331430852	-0.00533369541653	-0.0273506206375	0.0123954590121	0.0350140330686	-0.152355678161	-0.131754657465	0.0572116090585	0.0
sample12	0.330217932339	0.0535719919224	0.169771648509	0.1852246209	0.00413427579806	0.0597757508946	-0.258030380804	0.0404416592915	0.209645993253	-0.0813485458672	0.0461569293227	-0.0734693296797	-0.0698290710248	0.0
sample13	0.369104449534	0.205090792997	-0.0354458300632	-0.160479053849	0.216896048936	-0.139083834054	-0.0384713732769	0.180803378224	-0.0834806097556	0.161905592144	-0.098223689935	0.0175667156821	0.00335060558662	0.0
sample14	0.257239758407	0.194841141652	-0.131479314008	-0.135602037918	-0.181877577972	-0.0980323292249	0.161198447734	-0.0170241052697	-0.00945514673782	-0.163634819789	0.138489946705	0.123502961829	-0.056338914446	0.0
sample16	0.122928672767	0.209172365456	0.213897401167	0.200169020171	0.0100525209733	-0.00821450691799	0.0211607406675	-0.309531907204	-0.195647360001	0.0211699525066	-0.0160781056128	-0.0127836269159	0.0674951701399	0.0

Biplot	0	0

Site constraints	0	0
