Eigvals	9
0.475755524267	0.400900912869	0.373421291381	0.318541301506	0.245045725929	0.229165435088	0.183128426468	0.153290714632	0.0

Proportion explained	9
0.19996034793	0.168498907388	0.156949205086	0.133883110611	0.102992873685	0.0963183773942	0.0769689935366	0.0644281843696	0.0

Species	0	0

Site	9	9
sample1	-0.0020328348344	-0.00561085841302	-0.114370082871	-0.288404135408	0.190702602929	0.140507451225	0.0599530120743	-0.227780314436	0.0
sample2	-0.0356752413802	-0.375721447678	-0.20223598883	0.162186483731	-0.237475881823	-0.0343834532605	-0.0323559536937	-0.124410156338	0.0
sample3	-0.0345531719567	-0.120448761827	-0.32354997131	-0.0706507252277	0.164843168145	-0.0327543542311	0.00324676987501	0.259279779921	0.0
sample5	-0.318808580456	-0.0165566485271	0.206678198858	0.198937848225	0.153799551594	-0.156299049434	0.204376666336	-0.0268799439991	0.0
sample7	0.366486559078	0.293649448775	-0.123908454055	0.310644785946	0.0799771961204	0.0136487963539	-0.0256625193798	-0.0509182297618	0.0
sample8	-0.149468870992	0.346762988637	-0.0790565097575	-0.197178709838	-0.231247059811	-0.204387338137	-0.0220888714103	-0.00193647942427	0.0
sample10	-0.064542235577	0.0730697054927	0.126212959875	0.0199676174602	-0.180688063778	0.347448144637	0.122130617933	0.111731198584	0.0
sample12	-0.18266568766	-0.0137081161705	0.208527792633	0.0310745831338	0.089755349852	0.0562124878943	-0.345480781501	0.00760015963072	0.0
sample13	0.421260063779	-0.181436310289	0.301702055457	-0.166577748022	-0.0296668632289	-0.129992685047	0.0358810597658	0.0533139858232	0.0

Biplot	0	0

Site constraints	0	0
