Eigvals	6
0.604159623413	0.391299082066	0.360287566873	0.248647672576	0.126298924586	0.0

Proportion explained	6
0.349085406229	0.226093889308	0.20817533441	0.143669438383	0.0729759316694	0.0

Species	0	0

Site	6	6
MCT.f.0069	-0.26829957289	-0.208615178417	-0.0130886239868	0.382892355221	0.0403229932045	-0.0
MCT.f.0070	-0.288666339535	0.0212711414499	0.159317172392	-0.125180021352	-0.266131987571	-0.0
MCT.f.0071	-0.275253089124	0.101680546691	0.192911093682	-0.195834231793	0.231403989195	-0.0
MCT.f.0072	0.0421163147276	-0.193893429676	-0.46850444319	-0.175982729335	0.00827214164506	-0.0
MCT.f.0074	0.223037489146	0.500553110242	-0.121939629417	0.129647695015	-0.0151299917588	-0.0
MCT.f.0075	0.567065197676	-0.220996190289	0.25130443052	-0.0155430677562	0.00126285528563	-0.0

Biplot	0	0

Site constraints	0	0
