Eigvals	14
0.612403709784	0.550969126271	0.468528408419	0.36356129264	0.275065218365	0.268600388793	0.23039557441	0.198772331182	0.166945701577	0.155549222585	0.114088140382	0.0931017125479	0.0708422160734	0.0

Proportion explained	14
0.171598227875	0.154383985877	0.131283732135	0.10187148207	0.0770744906789	0.0752630168419	0.0645578588886	0.0556968862802	0.0467789239097	0.0435855800944	0.031968001497	0.0260875116041	0.0198503022479	0.0

Species	0	0

Site	14	14
sample1	-0.0092237682702	0.162473825794	0.179338640855	-0.0679288089361	0.101058772883	-0.171555293497	0.225979766402	-0.0122569398607	-0.138271567745	0.199800381536	-0.0255203813825	0.0697731764659	-0.00805689863271	0.0
sample2	0.131757168499	0.205984625303	0.191363221415	0.213054528808	0.059690094561	0.072555261063	0.14429666582	-0.0119604942431	0.255325810715	-0.0919703775433	-0.0564906182719	0.0462616834455	-0.00717115874989	0.0
sample3	-0.117806990205	0.282754638771	-0.283637755786	0.0773190941641	-0.0424091757083	0.115467078014	0.0463823134278	0.0816235438206	-0.0713649864016	-0.0283838079953	0.0986802859049	-0.00432804600626	-0.157997316232	0.0
sample4	-0.295993218375	0.190090634502	-0.155372007523	-0.0606858494016	-0.14326550862	0.15563857806	0.0676629936101	-0.0993825772849	-0.0345981543486	-0.0252886226816	-0.0101793087283	0.022133678736	0.169688840229	0.0
sample5	0.147270220434	0.151351657364	0.0289906475622	-0.172187223828	-0.0964413626556	-0.191999817008	-0.0572364586283	-0.245827991489	-0.0272551144191	-0.135269649822	-0.0522669500159	-0.0932214084722	-0.0529425451015	0.0
sample6	0.270315862265	-0.0982943278606	0.062876598112	0.027699403113	-0.175703814613	-0.0920766027867	-0.0814101024207	0.0856384271774	-0.0787880584677	-0.111195282325	0.0972653901133	0.182338236823	0.0326054142143	0.0
sample7	-0.328981794171	-0.105414166004	0.237878577836	0.139977504302	-0.235430880785	-0.0671972658906	-0.0705801647213	0.159330615468	-0.0212012691626	0.0155044927133	-0.115461341001	-0.0723183424597	-0.0292628990324	0.0
sample8	-0.141917693429	-0.343557251629	-0.253447812239	0.0935952639894	-0.0215074241493	-0.218602940259	0.102327200245	-0.0689913529026	0.152328537548	0.0587478357455	0.108358742335	-0.0244410634987	0.0073490551227	0.0
sample9	0.0333252176576	-0.392827662138	-0.102096141636	0.0794950153821	0.113168458674	0.178425246198	0.0492331112248	-0.112680679421	-0.120141895904	-0.0501192187928	-0.150682635203	0.0556138384064	-0.0481495439186	0.0
sample10	0.105354319338	0.185778888853	-0.201361922256	0.200448569291	0.15428394184	-0.0881838385912	-0.290749658608	0.00815876686792	0.00461335012343	0.116230466083	-0.074142491626	0.00793252477373	0.0477408382996	0.0
sample11	0.203375226818	-0.0669012947389	0.170606384567	0.165239092891	0.10874700204	0.0865030768104	0.040579067888	0.0258819198306	-0.123734240189	-0.0333844646722	0.133984813959	-0.170611264263	0.0680883642213	0.0
sample12	0.0608809018329	-0.0344696154165	-0.155141031844	-0.311010020403	0.148120204337	-0.0564045149316	0.0552241410092	0.258588542315	0.0438541977557	-0.102151017537	-0.0717981205104	-0.0429608962232	0.0357858720981	0.0
sample13	-0.354261271694	-0.0531135522906	0.254441574551	-0.177095721958	0.204694755749	0.0682033044519	-0.178788643052	-0.0605812101287	0.0533946813228	-0.0207730536598	0.108308663913	0.0533042746655	-0.0315291014169	0.0
sample14	0.2959058193	-0.0838564005105	0.0255610263857	-0.207920847415	-0.175005063552	0.209227728367	-0.0529202321967	-0.00754057014858	0.105838709173	0.208252318951	0.00994395051386	-0.029476392393	-0.026148921101	0.0

Biplot	0	0

Site constraints	0	0
