Eigvals	10
199.102814763	95.9481578272	78.5277426909	48.7363577825	42.5994882025	30.4414314902	24.9982774286	21.575306848	20.3831983232	0.0

Proportion explained	10
0.354078412387	0.170631296375	0.139651357985	0.0866712618288	0.0757576389325	0.0541361192993	0.0444561790594	0.0383688719047	0.0362488622285	0.0

Species	0	0

Site	10	10
MCT.f.0565	-3.19973775942	4.90459239293	1.11069023142	1.44975394754	2.45951067757	-0.843147794759	1.5669004208	-0.0753215841351	2.368440508	-0.0
MCT.f.0566	-2.82418874489	1.99270732509	-0.905649066729	-0.783815668906	-1.51524885342	-2.7349278564	0.277742821695	-2.57597449708	-1.94319767216	-0.0
MCT.f.0567	0.425868541676	4.61571020704	-1.51659530868	0.0528782358585	0.978380733199	3.34937347044	-0.261981363358	0.640407620079	-2.1883928382	-0.0
MCT.f.0568	-7.11007714325	-5.04179173597	2.23782072328	0.431734339091	-0.620832668596	1.61031502007	2.26122010175	0.139518225608	-0.532190354849	-0.0
MCT.f.0570	-2.02466744964	-2.67330919799	-6.59631596821	-2.03312225872	0.855094291041	0.44273348613	-0.848770268643	-0.330428192592	1.48741607403	-0.0
MCT.f.0573	0.174111603489	-1.22519397387	3.66448085628	1.18684847182	0.263145447616	1.20777004227	-3.30742668256	-1.87384548986	0.837546634602	-0.0
MCT.f.0574	4.78088419233	1.4541179858	2.20339967771	-4.12558175254	-3.13697623224	0.608289915147	0.800595874662	0.431666806893	1.23369030952	-0.0
MCT.f.0575	-0.574674293872	-1.38021245965	2.04351850085	-2.01017055816	2.54544907697	-2.31693813832	-1.31158450772	2.4821357322	-1.10202416175	-0.0
MCT.f.0577	10.1386119685	-2.90892941515	-0.536106465269	1.86109171476	1.74276194848	-0.369705425537	1.62090870679	-0.80862063988	-0.442606911223	-0.0
MCT.f.0578	0.213869085125	0.262308871776	-1.70524318065	3.97038352925	-3.57128442061	-0.953762719034	-0.797605103428	1.97046201877	0.281318412023	-0.0

Biplot	0	0

Site constraints	0	0
