Eigvals	13
1.11022012489	0.673892086342	0.569211166453	0.436752323228	0.298281323856	0.224736287341	0.194462524701	0.134403644497	0.111974602784	0.0783848525302	0.0161204873411	0.00152683287056	0.0

Proportion explained	13
0.288371391027	0.17503843966	0.147848352032	0.113443156145	0.0774763475723	0.0583735732599	0.0505101893701	0.0349103435019	0.0290845673218	0.0203598803992	0.00418717626745	0.000396583442217	0.0

Species	0	0

Site	13	13
sample1	-0.570593499603	-0.278014911119	-0.0103667346759	0.056809692116	-0.0710685643784	0.145136544093	-0.035547274882	0.171811915953	-0.128371528399	0.0382223256989	-0.00426424239848	-0.00241512943033	-0.0
sample2	-0.54735613467	-0.294994559511	-0.0785740172315	0.0185327817228	-0.0159525699233	-0.173727221763	-0.0103510000481	-0.150244905432	0.129522112892	-0.0586072165913	0.0116904220993	0.00319493586414	-0.0
sample4	-0.0161039891873	0.0766290510104	0.439676143729	0.000985616956072	0.152238913696	-0.0548277563529	-0.112744960104	0.052319971965	0.117051243638	0.144315484339	0.00834199588564	-0.00285041967003	-0.0
sample5	-0.0315727925429	0.155581824348	0.456645065495	-0.0199498271571	0.040071814551	0.0123231742378	0.0371993472577	-0.0185378579547	-0.0916992660301	-0.182795660726	-0.00205006688089	0.0015806204583	-0.0
sample6	-0.122545896621	0.141549804822	-0.0729635596857	-0.529978026587	0.00750221559553	0.115299361998	0.132164101875	-0.0719474595116	-0.00168440370969	0.0531079263955	-0.00767194754547	0.00019016896297	-0.0
sample7	0.162285449451	0.0667840820163	-0.153127783695	-0.0727748912749	-0.0105968714805	-0.239990557318	0.141812196702	0.235249276993	0.0449552390019	-0.0354871253103	0.00869690988738	0.00662830194277	-0.0
sample8	0.302147451782	-0.0946413652809	-0.101886441489	-0.112035066999	-0.0898996280186	0.051381148121	-0.264334460002	0.0252867384884	0.0553546764432	-0.0525335021997	-0.0669840075609	0.00749202770827	-0.0
sample10	0.332394675115	-0.107425059915	-0.103424845081	-0.0869003181478	-0.0698105597087	0.03497331074	-0.133925653118	-0.00948524011118	-0.0212755252493	-0.0330618433512	0.08979435008	-0.0144896842622	-0.0
sample11	0.255446961338	-0.20309604636	-0.0212103644305	0.15697823203	0.0522079205828	0.0735312732081	0.181921901946	-0.0166772671102	0.0654621167378	-0.0110778562779	-0.0452968610767	-0.0238743123201	-0.0
sample12	0.256717024877	-0.139935707875	-0.000327466013553	0.18984052646	0.0258361584787	0.212658373692	0.118153245111	-0.0337119597867	0.0508691018227	0.0216680325207	0.029236136575	0.0242863477601	-0.0
sample13	0.250632447878	-0.157031347856	-0.0333120788321	0.0405782566103	0.0857822602094	-0.202972376697	-0.000775388459331	-0.114960219344	-0.209901316269	0.0856792888392	-0.0165605620571	0.00457892954125	-0.0
sample15	-0.0655885488188	0.398008808551	0.00990509661986	0.186927831708	-0.398602236032	-0.0281733276208	0.023802347228	-0.0565015221224	0.00136441052134	0.0534610845217	-0.0051582637406	-0.0021278761128	-0.0
sample16	-0.205863148998	0.436585427168	-0.331033014709	0.170985192563	0.292291146428	0.0543880536618	-0.0773744035059	-0.0126014720275	-0.0116468613996	-0.0228909378586	0.000226136732861	-0.00219391044232	-0.0

Biplot	0	0

Site constraints	0	0
