Eigvals	13
0.750258090637	0.675741161395	0.510852277188	0.287534234938	0.277504284607	0.187974453749	0.155585383151	0.120717821592	0.0653304611346	0.0350155332785	0.0	0.0	0.0

Proportion explained	13
0.244661581074	0.220361370317	0.16659057382	0.0937658405965	0.0904950414721	0.0612990751178	0.0507368948218	0.0393664706361	0.0213044739044	0.0114186782402	0.0	0.0	0.0

Species	0	0

Site	13	13
MCT.f.0155	-0.127943625927	0.00759329892051	0.0584724823291	-0.466899682382	0.070587967187	-0.00448742031663	0.0828187869605	-0.0522183412272	0.0244208837316	-0.0339043963267	0.0	0.0	0.0
MCT.f.0157	-0.260863319609	0.13445874106	-0.189014975193	-0.051399820525	0.0755232259251	-0.207457025777	-0.0666539589848	0.134833197514	-0.0365417665386	0.0899146803721	0.0	0.0	0.0
MCT.f.0158	-0.182241461668	0.138417363754	-0.283270087623	0.143903243001	0.102132506116	-0.0716525723447	-0.0465386676395	0.00906440888248	0.0586925900718	-0.101025167398	0.0	0.0	0.0
MCT.f.0159	0.116370774214	-0.131300456283	-0.386996865935	0.0536809230896	0.120932304644	0.108141752262	0.111919772616	-0.112963219891	0.0373547327861	0.0286855359204	0.0	0.0	0.0
MCT.f.0160	0.327250901483	-0.218364236427	-0.240347754084	-0.0784976428618	-0.111774520027	0.154668205624	-0.0995157637089	0.076526014634	-0.0601531800666	0.0221807066412	0.0	0.0	0.0
MCT.f.0161	0.437805107805	0.156137269901	0.0522872403817	-0.0498014711892	-0.2254520507	-0.107989795997	-0.0579807741028	0.0717764396883	0.0798533678377	-0.0334258053481	0.0	0.0	0.0
MCT.f.0162	0.313700025803	0.345238556737	0.160765934279	0.0945818108986	0.0777570988484	-0.0659253653025	0.0869838641537	-0.121979041486	0.0282521080578	0.0637281668586	0.0	0.0	0.0
MCT.f.0163	0.0939544479044	0.25755652838	0.215175888048	0.0387939309428	0.252423983379	0.169605910584	-0.0455462539442	0.0986208556107	-0.0923965857156	-0.0414048974887	0.0	0.0	0.0
MCT.f.0166	-0.143037603258	-0.245126882308	0.215900986301	0.0211922900062	0.0615783014826	0.0259668433549	-0.266684948599	-0.124460718799	0.0610277531894	0.035205771514	0.0	0.0	0.0
MCT.f.0167	0.0912310302407	-0.383266021376	0.106511075384	0.0866467035871	-0.000324592834449	-0.195933367731	0.0497460959741	-0.0598054358181	-0.103260627879	-0.0643128043977	0.0	0.0	0.0
MCT.f.0168	-0.0703414460865	-0.331691917516	0.207736833694	0.0863623982396	0.0251282141562	0.0151288690076	0.172868762554	0.140258834641	0.0430359462224	0.0389482823455	0.0	0.0	0.0
MCT.f.0169	-0.328050463701	0.0641990704218	0.0888874259885	0.0874179226238	-0.181414258869	0.134180333084	0.0470113718421	0.0437813613531	0.0851608137179	-0.0175336679584	0.0	0.0	0.0
MCT.f.0170	-0.267834367201	0.206148684737	-0.00610818357215	0.0340193945696	-0.267098179308	0.0457536335525	0.0315717128794	-0.103434355102	-0.125446035415	0.0129435952654	0.0	0.0	0.0

Biplot	0	0

Site constraints	0	0
