Eigvals	5
0.387461917966	0.281000524077	0.137175661209	0.113085348513	0.0

Proportion explained	5
0.421739444249	0.305859748695	0.149311156633	0.123089650423	0.0

Species	0	0

Site	5	5
MCT.f.0481	-0.244563894048	0.0493307753657	-0.0269599549759	-0.267269614856	-0.0
MCT.f.0482	-0.421438098199	0.000633193185092	0.0114043127392	0.196273526996	-0.0
MCT.f.0486	0.248741801726	0.174059842958	-0.263874618978	0.0530640321627	-0.0
MCT.f.0489	0.18502043772	-0.446060131879	0.0221389559256	0.00023581399859	-0.0
MCT.f.0492	0.232239752801	0.22203632037	0.257291305289	0.0176962416989	-0.0

Biplot	0	0

Site constraints	0	0
