Eigvals	11
440.839637775	240.163052963	129.8254343	72.577254355	65.548141771	43.0520361467	41.476985059	32.8588731278	23.6352974944	19.2635902092	0.0

Proportion explained	11
0.39742482896	0.216511293603	0.117039954215	0.0654296946707	0.0590928237838	0.0388121816548	0.0373922448898	0.0296228626321	0.021307644003	0.0173664715874	0.0

Species	0	0

Site	11	11
sample2	-6.75594187782	2.97090864241	2.26242115861	-0.776051724766	1.04617256099	-1.68849820367	0.90208721433	2.40619974247	2.38094332342	1.97501016134	0.0
sample3	-13.7438517112	-2.49000805377	2.36277834294	-0.514482870787	-2.83781828859	1.508431411	-2.48234052076	-0.371165077394	-0.0481679733351	-1.23809287307	0.0
sample4	-7.46433574722	-4.49120629191	-4.85663740802	1.52908070135	0.296902109898	0.0474343162778	3.73556317279	-0.648656285049	-1.58804609972	0.727553271606	0.0
sample5	-1.63250444812	4.60023926635	-0.165106752665	2.1154933122	3.19133007221	-3.17609506681	-2.70598134989	-1.31696805201	-1.77573396895	0.110569144706	0.0
sample6	2.69739225502	-0.844401115452	-7.05215150103	0.745694002575	1.80466311602	1.14797967632	-1.50029707674	-0.266286205337	2.67596904761	-1.06778012157	0.0
sample8	4.79368948485	-7.15770275997	5.27968512755	1.74667976902	3.89546262881	1.62204470716	0.287138367746	1.41257346002	-0.387361038229	-0.696921015041	0.0
sample9	8.02782804363	-6.61720639253	0.0273613874097	1.00840988995	-4.4738747525	-3.17700674108	-0.737828864708	0.217916546833	0.293867712632	0.405468039078	0.0
sample10	3.84036816221	-1.77294269696	-0.156138344705	-6.32607337051	0.933191712533	1.19603725237	-0.862336965266	-1.70256952715	-0.67042765704	1.63800526367	0.0
sample11	2.00440366536	4.25451652174	2.99929636565	-1.65483370993	-0.277483281957	-1.34558971924	3.09262882051	-2.10585052111	0.906944853969	-2.29743316885	0.0
sample13	3.58551988924	5.49983518401	-2.42862530915	-1.69877533174	-1.38314413301	0.691197906491	0.104759214883	3.68832197584	-1.89929863716	-1.08940517097	0.0
sample14	4.64743228405	6.04796769608	1.72711693341	3.82485933264	-2.1954017444	3.17406446118	0.166607987102	-1.31351605712	0.111310436809	1.53302646911	0.0

Biplot	0	0

Site constraints	0	0
