Eigvals	13
0.746201220343	0.350860144961	0.18373585566	0.151940851876	0.0314710057813	0.0249404420528	0.0114960287882	0.00903338944339	8.0681849877e-05	0.0	0.0	0.0	0.0

Proportion explained	13
0.494251674296	0.232394707169	0.121698748022	0.100639101607	0.0208450440379	0.0165194788031	0.00761447625844	0.00598332961036	5.3440195888e-05	0.0	0.0	0.0	0.0

Species	0	0

Site	13	13
MCT.f.0141	-0.171975379978	0.177335225142	0.276645830816	-0.0918807219345	0.0801111311714	-0.0259942975152	0.00605873984207	-0.0099395157282	0.00108252512322	-0.0	0.0	0.0	0.0
MCT.f.0142	-0.31101528731	0.151851625156	0.109541143753	0.0663685990094	-0.066209523313	0.0817210270204	-0.0100852420695	-0.00245111239324	-0.000750323542116	-0.0	0.0	0.0	0.0
MCT.f.0143	-0.32134253853	0.100776247761	-0.0532783813721	0.143821830074	-0.014346922067	-0.0608516419294	0.00545082876487	0.0362613153495	0.000543424557999	-0.0	0.0	0.0	0.0
MCT.f.0144	-0.29237687617	0.00276566016854	-0.141829865898	0.0123746612393	-0.00572345592478	-0.054042071487	-0.01605479737	-0.0366390566133	-0.00409599720598	-0.0	0.0	0.0	0.0
MCT.f.0145	-0.251956348119	-0.118850110363	-0.155359419304	-0.0277567020505	0.00558265196992	0.0578593857599	0.0215526107832	-0.0160097608941	0.0050500681312	-0.0	0.0	0.0	0.0
MCT.f.0146	-0.101294789254	-0.206816395609	-0.0799114476742	-0.0951124637316	0.0937774503242	0.00397361745241	-0.00436472628743	0.0287516094646	-0.00045526114811	-0.0	0.0	0.0	0.0
MCT.f.0147	0.0447814328484	-0.236761857873	0.0748181743878	-0.171138698403	-0.0634351561257	-0.0172774683291	-0.00749122792923	-0.0263816710811	-0.00145003219668	-0.0	0.0	0.0	0.0
MCT.f.0148	0.110796574192	-0.210693685505	0.116997081463	0.0408587508954	-0.0221679728242	0.0289591168416	0.021786897522	0.0193066378499	-0.00162468394639	-0.0	0.0	0.0	0.0
MCT.f.0149	0.205868551037	-0.172792801534	0.0645351237603	0.122941306159	-0.0157918334084	-0.0209314528332	-0.0458079614241	0.0294811215129	0.00132354650877	-0.0	0.0	0.0	0.0
MCT.f.0150	0.313746934158	-0.0220520624121	0.0193014299038	0.169296736386	0.0121387162607	-0.0342200029018	0.0411434517797	-0.0445781207606	0.0019452084697	-0.0	0.0	0.0	0.0
MCT.f.0151	0.28132660402	0.1339131578	-0.0821201614097	0.0556434757968	0.0560525045778	0.0632143464143	0.0089847361633	0.00136374526169	-0.00441286725738	-0.0	0.0	0.0	0.0
MCT.f.0152	0.273369144201	0.196401460923	-0.0725812886442	-0.06170383317	-0.000394505785215	0.00620162290481	-0.0651749048646	-0.0124335034401	0.00251021398461	-0.0	0.0	0.0	0.0
MCT.f.0153	0.220071978904	0.204923536346	-0.0767582197821	-0.16371294027	-0.0595930848557	-0.0286121813977	0.0440015950897	0.033268311472	0.000334178521152	-0.0	0.0	0.0	0.0

Biplot	0	0

Site constraints	0	0
