Eigvals	14
219.474087841	209.645502436	104.223686163	97.0595400404	85.3466171766	62.1046386546	49.5328219806	35.3138621829	31.7767311206	23.0796976189	18.2400320629	17.2196808896	11.921777758	0.0

Proportion explained	14
0.227448741891	0.217263032011	0.108010683749	0.100586226319	0.088447711037	0.0643612285466	0.051332611301	0.0365970015131	0.0329313477773	0.0239183050641	0.0189027888694	0.0178453629429	0.0123549589787	0.0

Species	0	0

Site	14	14
sample1	-2.75475163348	0.0342890628003	3.80331152807	-5.58133759666	0.711596370365	-2.19794980151	-0.743266477325	-1.34773106185	0.608640830785	-0.500999117694	-0.535054342473	2.07231553245	-0.0614496319058	0.0
sample3	3.68917460264	-4.95342299155	-1.74799837843	-4.29309918453	3.22866844221	-0.634318991895	1.47535689425	2.25347191528	-1.05461906312	0.887963336793	1.504842488	-0.530481676586	0.226182879886	0.0
sample4	7.27416303653	-0.565003102853	1.52989502702	0.598502670413	-0.741055459918	1.8781617288	2.47696118181	0.334981757227	-1.39022162938	-2.24413494919	-1.71262729951	0.384259376158	-0.50184697119	0.0
sample5	-3.82939751463	-11.173017964	3.05046323317	3.86876766449	-0.46664380593	0.344931117167	-0.114265493243	-0.33391651684	0.610476832801	0.106010954291	0.154021803181	-0.0855960564012	-0.107663888878	0.0
sample6	0.982949459421	-0.0836604559577	-2.21477747051	-1.61962147089	0.158748670853	1.60011334727	1.96682041654	-2.76947157282	2.66369047103	0.595265729018	-0.822922303203	-1.22654378274	1.33771081276	0.0
sample7	-5.19150941754	1.30165726503	-2.38621927958	-2.17376593088	-1.13690153736	3.91571743677	-0.314240362475	0.409374859455	0.819048440133	-0.564387929246	0.679712122786	-0.286219907661	-2.0734028377	0.0
sample8	-6.13043826616	2.07289710329	-0.000463766247178	0.229229247009	2.24215480748	0.475285480105	-0.661759017128	1.06207153955	-2.34685276271	1.35059113993	-2.43543976871	-0.846451492517	0.405894193444	0.0
sample9	-2.67936485039	0.38120466426	-3.85093975775	1.3541756127	0.470389599403	-0.477720254708	-0.975354031493	-2.10316554859	-2.43460756976	-2.15965059804	1.36414550792	0.353265719028	1.00884892612	0.0
sample11	-0.280618799902	4.99600074942	2.24113052364	2.97131667917	0.985001444414	-1.34387699026	3.44957482521	-1.60827612004	-0.750612908673	1.73535487738	1.25938234598	0.265734221919	-0.95690531052	0.0
sample12	3.78969719577	1.22604931407	-1.98534715596	2.79375555744	4.79297332729	-2.30076419637	-2.6376003191	0.119399981429	2.00970655975	-0.58437647306	-0.571539701654	-0.169349358553	-0.982668697139	0.0
sample13	0.970125534874	-0.717628072051	-2.50460876738	-0.697896745823	-6.05154636474	-4.44313173467	-0.266795411593	0.298949837651	-0.244622560221	0.404563004063	-0.570383608277	-0.942759166106	-0.570124660313	0.0
sample14	0.244774674502	1.33064705335	-2.96619797148	2.31187252957	-1.72530504392	1.15614056174	0.263401233174	2.21489298973	1.11497784218	1.10017419086	-0.0553570680916	2.67722834398	0.949819042183	0.0
sample15	-2.2204679568	4.82839522952	4.17528911698	0.579060423108	-0.735876186191	-0.510220508491	0.117028071753	2.48560126995	1.38159700658	-1.65955551829	1.01874307653	-1.34199761952	1.07830614371	0.0
sample16	6.13566393518	1.32159214468	2.85646311846	-0.340959455098	-1.73220426395	2.53763280604	-4.03586151038	-1.01618333013	-0.986601489388	1.53318135318	0.722476747516	-0.323404133445	0.247299999539	0.0

Biplot	0	0

Site constraints	0	0
