Eigvals	13
0.988676128804	0.706125883434	0.342767026211	0.116523227279	0.0462389256441	0.0251743797811	0.0184509582395	0.00619473962272	0.00471213903979	0.0	0.0	0.0	0.0

Proportion explained	13
0.438463866712	0.313156832876	0.152012323667	0.0516764017115	0.0205063089316	0.0111644810462	0.00818273877416	0.00274727932548	0.00208976695571	0.0	0.0	0.0	0.0

Species	0	0

Site	13	13
MCT.f.0600	-0.301300093773	0.150815360505	0.248266956328	-0.112018295352	0.0935039645911	-0.00779276247067	0.0213843547151	0.0197829011749	-0.0151297019284	0.0	0.0	0.0	0.0
MCT.f.0601	-0.348662190778	0.145685736567	0.174703211169	-0.029806277103	0.0157975604325	0.0157033837335	-0.0660630744823	-0.0285230193432	0.0262784753055	0.0	0.0	0.0	0.0
MCT.f.0602	-0.333824697313	0.0905862363539	0.0953990372759	0.0909651162898	-0.103586316409	0.0326845298444	0.0031744115939	0.024673145495	-0.0179025798773	0.0	0.0	0.0	0.0
MCT.f.0603	-0.349279567846	-0.0242457752438	-0.0816286660756	0.102487562944	-0.0274968136458	-0.0644912339459	0.0622297895588	-0.0219160820211	-0.00589041912337	0.0	0.0	0.0	0.0
MCT.f.0604	-0.232503242724	-0.192235896039	-0.195937677198	0.0425904602186	0.0241399401117	0.0564230719718	0.0296112441144	-0.00521887297999	0.0274966297963	0.0	0.0	0.0	0.0
MCT.f.0605	-0.107233962137	-0.293581691227	-0.235205765526	0.00861369098601	0.0175931989748	-0.0136244021434	-0.0777929924949	0.000788336053052	-0.0159897092697	0.0	0.0	0.0	0.0
MCT.f.0606	0.0718646506914	-0.35325424695	0.00371748852384	-0.0913197172322	-0.0248078769157	-0.0389631529254	-0.00720789654036	0.0417803235799	0.00510240868943	0.0	0.0	0.0	0.0
MCT.f.0607	0.229032925115	-0.285413176883	0.0625051499134	-0.0659828042235	0.0627508706395	-0.0195488507619	0.0366970040307	-0.0272525353482	-0.00555055875381	0.0	0.0	0.0	0.0
MCT.f.0608	0.329441656076	-0.154410971828	0.112686702371	-0.0149788464961	-0.0363984491792	0.102094617722	0.0211237840421	-0.00443136019521	-0.00296788106588	0.0	0.0	0.0	0.0
MCT.f.0609	0.345500463311	0.0422077212626	0.136051418833	0.0703004997684	-0.0387574708863	-0.025463679331	-0.0291199965381	-0.0261289281417	-0.0253167562844	0.0	0.0	0.0	0.0
MCT.f.0610	0.354545341175	0.123337347518	0.107099809764	0.0827086570646	-0.0227402160412	-0.0529553632429	-0.00106666470356	0.0164955725236	0.0402052073845	0.0	0.0	0.0	0.0
MCT.f.0611	0.232390898415	0.347868813226	-0.17454214208	0.122884497229	0.109919215327	0.02151797807	-0.00353756757388	0.0184030787328	-0.0101315424448	0.0	0.0	0.0	0.0
MCT.f.0612	0.110027819789	0.402640542739	-0.253115523299	-0.206444544094	-0.0699176069995	-0.00558413652065	0.0105676042781	-0.00845255952982	-0.000203572427904	0.0	0.0	0.0	0.0

Biplot	0	0

Site constraints	0	0
