Eigvals	11
0.654321338164	0.501851830961	0.478491946596	0.383529284452	0.318568014768	0.294334033852	0.250173914965	0.242530190008	0.219449795042	0.19595293488	0.0

Proportion explained	11
0.184878145084	0.141797967151	0.135197644284	0.108365994748	0.090011222649	0.0831639242674	0.070686506231	0.0685267758216	0.0620054225348	0.0553663972294	0.0

Species	0	0

Site	11	11
sample1	-0.204258379174	0.0453376449436	-0.223013131435	0.428068253539	-0.055065879859	0.0639748987836	0.20124490019	-0.103990561572	0.0195215885024	-0.0739101884142	-0.0
sample2	0.267153411575	-0.0361829742415	-0.195979709165	0.124832371776	0.0925410458365	-0.0835008507523	-0.0737488809774	0.099634453092	-0.285016311093	0.194516657917	-0.0
sample3	0.369717529413	0.0286681847933	-0.145987826091	-0.125766714479	0.0989846709843	0.0817000274024	0.120842496695	-0.0762032289154	0.275011319452	0.161058148684	-0.0
sample4	0.00684416045712	0.282063445609	-0.118534773242	-0.124817536173	-0.197015587163	-0.368093290964	0.0235343036152	0.0986530802906	0.0554985318277	-0.0906594912549	-0.0
sample5	0.291717863287	0.0426552373536	0.207993578036	0.123912230608	-0.298711463408	0.128384381617	-0.242564700462	-0.124185431959	0.0130563799738	-0.0427311203777	-0.0
sample6	-0.0113872412374	-0.249715019004	-0.264246560418	-0.144135464138	0.190897653567	-0.00841310095702	-0.173046603319	-0.117110769314	-0.00897212797647	-0.239732433901	-0.0
sample8	-0.150529432289	0.483956518573	0.16130485593	-0.13255721698	0.204486169492	0.141362894155	0.00966140517105	-0.0985107144963	-0.120663058301	-0.0181720550734	-0.0
sample10	-0.103594827659	-0.171299452004	0.404293465898	0.170683690641	0.211702871045	-0.24843116184	-0.0319512164578	-0.039107813266	0.0971400160208	0.0502747705614	-0.0
sample11	-0.294260743473	-0.256350930488	0.0433681622178	-0.257667530423	-0.212833915658	0.00174323607191	0.125993371416	-0.165088717015	-0.111614452957	0.135696699226	-0.0
sample12	-0.389503958116	-0.0126209740042	-0.0794967503637	0.00131614329819	-0.0260189082995	0.160187078911	-0.183090913175	0.275882310163	0.133612459863	0.0941391546784	-0.0
sample13	0.218101617217	-0.156511681532	0.210298688633	-0.0638682276699	-0.00896665653737	0.131085887572	0.223125837303	0.250027392991	-0.0675743453124	-0.170480142045	-0.0

Biplot	0	0

Site constraints	0	0
