Eigvals	13
371.317533826	286.521703987	188.733976428	148.658660617	108.244336254	82.810969842	65.8901491706	45.7877720418	34.0104869016	32.2207122431	29.0409746218	23.9162452168	0.0

Proportion explained	13
0.262016449371	0.202181132609	0.133178215071	0.104899475179	0.0763815173436	0.0584347204492	0.046494715066	0.0323096766571	0.0239991549215	0.0227362185975	0.0204924690151	0.0168762557196	0.0

Species	0	0

Site	13	13
sample1	-4.57143557496	2.30967159881	2.92696885323	-4.54554572803	3.92915815188	3.13048626023	2.27200771902	-1.65042366417	-0.493883454201	-1.39153072516	2.37066404662	-0.317225157849	-0.0
sample2	-1.54590399324	-1.28878626134	3.66765935919	-2.79005226936	-0.722871666619	-0.876328018676	1.57452505086	2.72933404236	1.89738578294	-2.71346003081	-2.49948158106	0.746486067878	-0.0
sample3	-5.93476146802	4.41907000582	3.88619255552	-2.24926085738	2.08939078302	-0.242295627037	-2.62760325283	0.740845249732	-1.31547407923	3.16013396708	-1.6510717969	0.895285089728	-0.0
sample4	-3.72445536296	-0.581131681449	-0.0152988339771	-1.8414243699	-5.56566094318	0.828845592125	-2.47303153221	2.06428987244	-0.0810063467292	0.0552516641003	1.48990936335	-2.69927474173	-0.0
sample5	-7.50364277783	0.635862028039	-2.44481475701	6.49870853473	-2.95810801057	2.52728920934	1.39276339668	0.613414942231	-1.07723556946	-0.440480877937	0.528007230277	2.2351853265	-0.0
sample6	-3.0122892308	8.00706774545	-4.65715189972	1.56742490521	1.57847171948	-4.74047896018	-2.16772697824	-1.43917409462	1.22074191326	-1.61950173046	0.380419066295	-0.234261748126	-0.0
sample7	-0.65901407998	-0.17333683226	-5.34067836288	-3.06658631391	-2.8046390882	0.359318084347	3.69197869644	-2.71131579579	0.872092800822	1.8685216338	-1.80956864899	-0.730168747564	-0.0
sample8	4.12748877922	-0.946000397436	-5.24549021592	1.5975582973	4.94645795895	0.358422817003	1.75069517865	3.89757133073	0.488356128184	1.36574107924	0.668419386938	-0.772516509461	-0.0
sample10	5.06833713851	-4.91298139371	-4.67650655526	-1.80368120125	1.24879249151	2.45667201249	-3.45996180008	-0.971635978878	-2.36893503067	-1.79469631469	-1.46432336636	0.289253788652	-0.0
sample12	-2.10791068806	-7.49982061641	4.08408832328	5.60546754679	2.28826147393	0.879856763831	-1.39058754513	-2.09852685587	2.28913742472	0.501138506982	-0.48530220413	-1.21603800735	-0.0
sample13	4.90538928375	-5.11715538755	0.167569645674	-3.28181009437	-1.70308823407	-1.94895431284	-1.22402626114	-0.34766012871	1.60303956645	1.11672828365	2.36812843661	2.62844894882	-0.0
sample14	2.47811361784	-3.52537998557	3.61304786999	1.7149028702	-0.468713190547	-5.11064421055	2.54511601252	-0.367651613358	-3.35487889922	-0.183511718127	0.263753870054	-0.711146938518	-0.0
sample15	12.4800843565	8.6729211776	4.03441401787	2.59429867997	-1.85745144559	2.37781038993	0.115851315465	-0.459067306094	0.320659763152	0.0756662623448	-0.159553802688	-0.114027370982	-0.0

Biplot	0	0

Site constraints	0	0
