Eigvals	9
220.767954407	128.106075353	86.4938639626	58.8335988217	39.1917558207	31.0168771145	26.3334671285	22.6811898086	0.0

Proportion explained	9
0.359894090906	0.208837463084	0.141001580702	0.0959100455478	0.0638900757585	0.0505634561948	0.042928600023	0.0369746877837	0.0

Species	0	0

Site	9	9
sample1	-4.82860150634	4.50171047121	3.53281616428	-4.51756793249	0.00461179402039	-0.173090983013	-1.45005702433	-1.0973501015	0.0
sample2	-9.62540546644	0.0898188345496	-4.26572690879	1.69408940218	2.01481777372	-1.75412592871	0.3808419604	0.197054383031	0.0
sample3	-4.72930051923	-0.948963270127	2.13796266241	3.37724289714	-4.07861025473	1.76642901495	0.291413392322	-0.355106573734	0.0
sample5	3.28225492208	5.01043339279	0.413064972368	1.9666264986	2.98045012519	3.12402913499	0.908288168955	0.292596031462	0.0
sample7	6.68695046329	4.03701085175	0.475790586384	1.97216966463	-1.15748222791	-3.57007756417	0.628499037872	-0.828920763994	0.0
sample8	3.23235999982	-0.279290408732	-6.04766435823	-3.51267402796	-2.12055808366	1.25677861124	1.03278935136	-0.22379012775	0.0
sample10	3.28030988175	-1.97403291184	-1.00842447878	0.87153364193	0.0890835636368	0.044115029801	-4.1050840628	1.81262926538	0.0
sample12	0.328001071294	-3.33510774597	3.36048191423	-1.81454901877	0.359754225513	-0.827850425537	2.20230564675	3.0325760424	0.0
sample13	2.37343115377	-7.10157921363	1.40169944612	-0.0368711252633	1.90793308422	0.13379311045	0.111003529468	-2.8296881553	0.0

Biplot	0	0

Site constraints	0	0
