Eigvals	14
0.661224772059	0.513605263093	0.431989494115	0.406368472312	0.353706017163	0.295302859883	0.267971264538	0.22257426798	0.201735759031	0.164077324037	0.138745111202	0.102778330241	0.0806652828743	0.0

Proportion explained	14
0.172160585146	0.13372545368	0.11247546557	0.105804617332	0.0920930936918	0.0768868852183	0.0697706614372	0.0579508176844	0.0525251741726	0.0427201903333	0.0361245381905	0.0267600038934	0.0210025136496	0.0

Species	0	0

Site	14	14
sample1	-0.051002849878	0.269400444613	-0.112320347731	-0.0475941955694	0.299116748595	-0.183407821596	0.249933437355	0.07279488578	0.130163480463	0.0490593190114	0.0480523903377	0.00700003564647	0.0269398893102	0.0
sample3	0.429830473956	-0.171773572061	0.12956529741	-0.0735539673897	0.0660958163149	-0.0263879706258	0.0597282019239	-0.101358964573	-0.0261510818879	-0.15204153983	-0.0292366878704	0.0294599233274	0.157231372901	0.0
sample4	0.361920045618	-0.09730149752	0.140232896129	0.062149008439	0.254020209622	0.0305681025475	-0.0820136673835	0.0132607370455	-0.0607716541718	0.0555187458055	0.0296667811287	-0.0898538077147	-0.16154995025	0.0
sample5	-0.178814331928	-0.157321908147	0.213514042661	0.0139291686112	-0.00367659722176	0.108218962621	0.0722104377534	0.293231377226	-0.00729268518846	0.0567827879783	-0.180997027152	-0.0216354951514	0.0401237735675	0.0
sample6	-0.139123250613	0.0149764983468	-0.179554623588	-0.239457473456	-0.0592306334872	-0.146011010745	-0.131640375344	-0.0561183260663	-0.00671122275785	-0.0563164828712	-0.094529703513	-0.211772209576	0.0123442021305	0.0
sample7	-0.20121249816	-0.216054412455	-0.0304995011772	0.101941762166	0.100136728948	-0.142940750146	-0.219135284308	-0.0339685074628	-0.0835525410783	0.189776447446	0.0977939748665	0.0562095810045	0.0954860985166	0.0
sample8	-0.175304068943	-0.111064507648	-0.137514107362	0.171697878032	0.115236042056	0.0417100657215	-0.0659135218254	-0.16205702121	0.15951147709	-0.0940580475991	-0.170058775892	0.110057064431	-0.0682707684492	0.0
sample9	-0.051320215823	0.168803628029	0.217345983337	-0.00430533627045	-0.089169001443	0.0171111694127	-0.224406235932	0.118613247574	0.21247567468	-0.134112698399	0.14423130165	0.0132016910914	0.00232063614341	0.0
sample11	-0.284227258507	-0.118092921472	0.043440951306	0.0769983602247	-0.00955577301438	0.278513781746	0.190215666036	-0.153412714021	-0.000731341336527	-0.0157867270295	0.141940708904	-0.104387174681	0.0175799492692	0.0
sample12	0.138626970511	0.270832232428	-0.349312732335	0.0991124128287	0.0185899343998	0.24136691964	-0.0968788328989	0.115365758889	-0.155168260769	-0.0386367410797	0.00227197590375	0.0272782095551	0.0414076366725	0.0
sample13	0.224435602332	0.00124074820476	-0.0648945236315	-0.293207319083	-0.19921352604	0.13366461427	0.0174440056697	-0.0686901000196	0.14592297485	0.216957027531	-0.0148130588519	0.0620449148679	-0.0192194913667	0.0
sample14	0.111481679599	-0.270598421503	-0.214497149643	0.15828141339	-0.275199404976	-0.185669693536	0.141978117046	0.124371196552	-0.00335291547642	-0.0618465631149	0.0795922637078	0.0145176216781	-0.0650131702899	0.0
sample15	-0.230000905557	0.0633481532981	0.124557048144	-0.304794173175	-0.0057992075466	-0.0482208594352	0.0437329257832	-0.026024966564	-0.226510046142	-0.089724370136	0.0257639964473	0.129787330007	-0.0832957365178	0.0
sample16	0.0447106073919	0.353605535885	0.219936766482	0.278802461253	-0.211351336207	-0.118515509875	0.0447451261241	-0.136006603149	-0.0778318582751	0.0744288422885	-0.0796781396665	-0.0219076844852	0.00391555836285	0.0

Biplot	0	0

Site constraints	0	0
