Eigvals	11
1.41190940874	0.601672528377	0.246143516322	0.230392402969	0.178961796109	0.15953198842	0.0991358910931	0.0760446485282	0.0322628366485	0.0	0.0

Proportion explained	11
0.465047372574	0.198175765909	0.0810734703182	0.0758854505808	0.058945504971	0.0525458160394	0.0326528638418	0.0250471905473	0.0106265652189	0.0	0.0

Species	0	0

Site	11	11
sample1	-0.555693999189	-0.0703834758237	-0.0518714423492	0.316740777291	-0.10724231364	0.100420795956	-0.0183327318585	-0.0890173809512	-0.00473360775753	-0.0	0.0
sample2	-0.56467528114	-0.143644861175	-0.158523024263	-0.02203272867	0.0604900383807	-0.155350025841	0.0136069428859	0.167880472604	0.000232071920815	-0.0	0.0
sample3	-0.550743475961	-0.125430376048	0.233948073922	-0.274675247531	0.0301806462548	0.0349116327073	0.0162609476013	-0.0882198657144	-0.00307749538385	-0.0	0.0
sample4	0.00433984187892	0.470036149965	0.0136116175201	-0.0322178282738	-0.0269287378022	-0.0984861410241	-0.209615005196	-0.0135038638062	-0.0285251067031	-0.0	0.0
sample5	0.0047297542493	0.503822134154	0.010106576987	-0.000878499833741	-0.0354423595567	0.0394933838105	0.212100636836	0.0270113860663	0.0135194735037	-0.0	0.0
sample7	0.206375637641	-0.0790168088361	-0.279990045188	-0.193359671831	-0.100212587248	0.210027619614	-0.046185432623	0.00749394650474	0.0290019945422	-0.0	0.0
sample8	0.317051619915	-0.151539125343	0.101909400157	0.0301206458428	-0.161976867257	-0.149969177749	-0.00764699814878	-0.00818229863008	0.116761648684	-0.0	0.0
sample9	0.340190501583	-0.171075580184	0.0430352011233	0.00545299746471	-0.0854903528896	-0.000553812928174	0.0244884530335	0.0322725773691	-0.114502031374	-0.0	0.0
sample10	0.343292298679	-0.154543914076	0.06743608397	0.0316534785893	-0.0486242896362	-0.0655037123943	0.0414580441022	-0.00691811998815	-0.0496462864664	-0.0	0.0
sample12	0.20980493332	-0.0300733256662	0.194448168725	0.114777249441	0.205780935113	0.180941079051	-0.0608877393199	0.107276192089	0.033624994565	-0.0	0.0
sample13	0.245328169023	-0.0481508169671	-0.174110610605	0.0244188275105	0.269465888281	-0.0959316412021	0.0347528826869	-0.136093045543	0.00734434446887	-0.0	0.0

Biplot	0	0

Site constraints	0	0
