Eigvals	12
0.668515865541	0.561733317297	0.425419087533	0.380891741141	0.348342431981	0.333846743844	0.251699905757	0.239853110642	0.222423948229	0.196863454426	0.182566804185	0.0

Proportion explained	12
0.175364227891	0.147353166239	0.111595391614	0.0999150349876	0.0913767417872	0.0875742513915	0.0660255977584	0.062917961597	0.0583459659767	0.0516409698931	0.0478906908641	0.0

Species	0	0

Site	12	12
sample1	-0.289204631957	0.0468158775349	-0.29775978377	0.207881318096	-0.277178786388	0.0361435558405	0.206832269446	0.0335345719444	-0.108627864674	0.0124259340803	0.04840583422	-0.0
sample2	0.0834419972788	0.336024596405	-0.00872682735478	0.092908503122	-0.0632630850252	-0.0934474871264	0.020364385632	0.0552258573416	0.305478699751	0.0478620703417	-0.190706938726	-0.0
sample3	0.2378459075	0.237891606461	0.152136849097	0.152476071404	0.0616303923817	-0.0273827052141	0.00949529018116	-0.202579162662	-0.271235797842	-0.0264683021933	-0.133027315433	-0.0
sample4	-0.0752144207144	0.143990028547	-0.155862288591	0.0679549371074	0.423032811541	0.270909433561	0.0208275608993	0.0869201773039	0.0220365440952	-0.043000856983	0.0657702841025	-0.0
sample5	0.293130448525	0.0347696091234	-0.159593069587	-0.244089495263	-0.107284754499	0.0941849604602	-0.151478027393	0.150357765451	-0.115267084651	0.228354742206	-0.00272946372159	-0.0
sample6	-0.181414864477	0.146479355039	0.297881954741	0.119538909045	-0.0138289640614	-0.200732159132	-0.148292959233	0.205982883568	-0.051332286328	-0.0123743666036	0.183785215709	-0.0
sample7	0.182731075028	-0.278270298861	-0.0554545009369	0.139228510543	0.130422572942	-0.193431619429	0.0635130584433	-0.180186363427	0.1024408983	0.192617931732	0.149735867709	-0.0
sample9	0.103863274692	-0.0065558870331	-0.258083542823	-0.247912151669	0.0396161628389	-0.277538872281	-0.0180815969948	-0.0149608393486	-0.0115507497932	-0.259323319465	0.0228516651382	-0.0
sample11	-0.295091785862	-0.223359850211	0.201508496232	-0.232798725161	0.120068814332	-0.0707472309272	0.217349198769	0.083518586242	-0.0540172639366	0.0786907742903	-0.161091303689	-0.0
sample12	-0.436960045537	-0.0758873545562	-0.0285292451368	-0.0615812125267	-0.0545088346848	0.0937520492476	-0.288736315095	-0.228314809967	0.0495408673405	0.0119313604151	-0.0501346820235	-0.0
sample13	0.145768229667	0.0911059061792	0.243175911046	-0.207108001626	-0.171921387434	0.231288382867	0.147569364814	-0.117630799493	0.101962761815	-0.0816694177095	0.164694827586	-0.0
sample14	0.231104815857	-0.453003588628	0.0693060470829	0.213501336928	-0.0867849419441	0.137001692134	-0.0793622294689	0.128132133047	0.0305712759223	-0.149046550111	-0.0975539908721	-0.0

Biplot	0	0

Site constraints	0	0
