Eigvals	6
0.518850668992	0.322968073377	0.294335379085	0.250195515054	0.191052352245	0.0

Proportion explained	6
0.328927358208	0.204746840488	0.186595034863	0.158612399907	0.121118366534	0.0

Species	0	0

Site	6	6
sample3	0.271767466731	-0.423594668914	-0.160367303139	-0.0791602517097	0.0662750064898	0.0
sample5	-0.291804459498	-0.104440726138	0.399126962931	-0.124201314977	0.0788762438174	0.0
sample8	-0.370402003643	-0.0787070753406	-0.140154077841	0.243503908706	-0.216791267703	0.0
sample9	0.362521794745	0.157046913258	0.151868159534	0.310423348447	0.0875982368924	0.0
sample12	-0.199153915686	0.242961045008	-0.257976698277	-0.0997903208383	0.242659351663	0.0
sample13	0.227071117351	0.206734512127	0.00750295679243	-0.250775369628	-0.25861757116	0.0

Biplot	0	0

Site constraints	0	0
