Eigvals	12
0.686611914962	0.47330945846	0.337685716734	0.165160804988	0.0817181160806	0.0278381992598	0.0175843040509	0.00430165528209	0.0029762513827	0.0	0.0	0.0

Proportion explained	12
0.382048243222	0.263361359109	0.187896877447	0.0918996510544	0.0454700275478	0.0154898784742	0.00978435171972	0.00239354984622	0.00165606157914	0.0	0.0	0.0

Species	0	0

Site	12	12
MCT.f.0579	-0.263544005405	0.443996832896	0.192677119926	-0.191527695792	0.0615099300593	-0.0200466139434	0.00422208432592	-0.00197974558077	0.00241895074273	0.0	0.0	0.0
MCT.f.0580	-0.242030671948	0.212807876095	0.00854813862495	0.202333815416	-0.115253144581	0.0449423878467	-0.00853199850893	0.00746497429232	-0.0260470777235	0.0	0.0	0.0
MCT.f.0581	-0.306549951047	0.0027608456801	-0.151274821616	0.121430571619	0.0177905557456	0.00962102549299	-0.0209009175804	-0.0171320014742	0.0320836012956	0.0	0.0	0.0
MCT.f.0582	-0.177910654634	-0.116711937624	-0.1892183302	-0.00824344972692	0.00369043508362	-0.0239355011874	0.00690177027351	-0.00875186750273	0.00785715597684	0.0	0.0	0.0
MCT.f.0583	-0.155141420861	-0.160001097469	-0.199597309289	-0.0586396977146	0.104978670404	0.013946172824	0.0731942973685	0.0140931076674	-0.0180949400618	0.0	0.0	0.0
MCT.f.0585	-0.0873282705202	-0.264457025892	0.0264757246686	-0.0905474890994	0.0209336948867	-0.0251133129338	-0.0775297660856	-0.0118130640206	-0.0224682094133	0.0	0.0	0.0
MCT.f.0586	-0.0508967565223	-0.246456931321	0.21472325927	-0.0813115831925	-0.0446907672248	0.0376821937208	-0.0243418874832	0.0240702122013	0.0122901620382	0.0	0.0	0.0
MCT.f.0587	0.0519521274622	-0.172831980277	0.249354061276	0.00840022632651	-0.119366410749	-0.0228053048282	0.0697534463982	-0.0169356510426	0.0054760497212	0.0	0.0	0.0
MCT.f.0590	0.215779835847	0.0220318814495	0.137732481433	0.205969002882	0.113354094842	-0.0877521844587	-0.00619690892151	0.0204101939461	0.00145961305943	0.0	0.0	0.0
MCT.f.0592	0.353476333128	0.0377115492005	0.0605794611003	0.0271322009879	0.101595801436	0.115461068777	-0.00336808971243	-0.00740891754302	0.00419193847576	0.0	0.0	0.0
MCT.f.0593	0.382142940602	0.112644829715	-0.107594710328	-0.0348276036482	-0.0335434575625	-0.0270056581615	-0.00180689400464	-0.0341299966924	-0.00873581787756	0.0	0.0	0.0
MCT.f.0595	0.280050493898	0.128505157546	-0.242405074864	-0.100168298059	-0.110999402341	-0.0149942731486	-0.0113951360694	0.0321127557492	0.00956857376635	0.0	0.0	0.0

Biplot	0	0

Site constraints	0	0
