Eigvals	14
0.855215304272	0.432978673686	0.403396378115	0.34622093948	0.272911488542	0.21539572068	0.211880855403	0.101849395927	0.0662059205379	0.0470668865607	0.0122787867751	0.0	0.0	0.0

Proportion explained	14
0.288397923835	0.14601019174	0.136034373274	0.116753523511	0.0920319202578	0.07263630379	0.0714510118016	0.0343459175512	0.0223261323006	0.015872017605	0.00414068433466	0.0	0.0	0.0

Species	0	0

Site	14	14
MCT.f.0359	-0.0868289369269	0.190892004181	0.323853604656	-0.0214583482728	0.0254577623072	-0.0830442830546	0.135590693791	-0.147094218219	0.0440867864963	-0.00917670125178	-0.0392757169566	-0.0	0.0	0.0
MCT.f.0360	-0.115080961358	0.137493155424	0.337601970915	0.140382251078	-0.0558653248705	-0.00182873377831	0.0594362572055	0.0815995408686	-0.0582688269807	0.00752389254489	0.0502998404953	-0.0	0.0	0.0
MCT.f.0361	-0.203378736181	0.130607850724	0.00698012983926	0.150214393996	0.0416894715818	0.200604820207	-0.0777318674841	0.169402354715	0.000802997280304	-0.0033324917881	-0.0295059054308	-0.0	0.0	0.0
MCT.f.0362	-0.229700704392	0.222566182875	-0.251016041728	0.0600670603205	0.0665662205099	0.109453125826	-0.0130017741818	-0.0725867692933	0.124277516474	-0.0117075680647	0.000401467918	-0.0	0.0	0.0
MCT.f.0363	-0.280271366769	0.135797893022	-0.286902487879	-0.0107867654461	0.0476197892356	-0.102783067589	0.0783289698199	-0.0630646379788	-0.125084579048	0.0235160850946	0.0370503197996	-0.0	0.0	0.0
MCT.f.0364	-0.265654426813	-0.131456309893	-0.0676581560158	-0.159747419949	0.0233216199498	-0.213854585962	0.0631806019993	0.125017904234	-0.0219586704395	-0.0423585765098	-0.048641898025	-0.0	0.0	0.0
MCT.f.0365	-0.237345745039	-0.250232776234	0.0727473408858	-0.0614694700318	-0.035301141767	-0.110354742397	-0.137550734456	0.0102007247355	0.129784999069	-0.0145263353873	0.04930794668	-0.0	0.0	0.0
MCT.f.0366	-0.144423544802	-0.204493843824	0.0658181912521	0.0803905434384	-0.0417558859782	0.0488829496225	-0.258926563076	-0.117189876545	-0.0898870955253	0.0586205445517	-0.029546564527	-0.0	0.0	0.0
MCT.f.0368	0.0743453710759	-0.29902124605	0.00286613636614	-0.0514052416044	0.126109283385	0.158019409756	0.220416889822	-0.00580181371171	0.0210993276219	0.0958287489075	0.00309388372229	-0.0	0.0	0.0
MCT.f.0369	0.165700899422	-0.229172365057	-0.067286534311	0.116278416346	-0.0885531026738	0.108984224734	0.133163441264	-0.0331009974086	-0.0320963798384	-0.124533239801	0.00291884070987	-0.0	0.0	0.0
MCT.f.0370	0.330507793157	0.0363118582147	-0.121727802327	0.218975083057	-0.288429094554	-0.106681171851	-0.00333599401134	-0.00590781147035	0.0275010065725	0.00566900310892	-0.01027632576	-0.0	0.0	0.0
MCT.f.0371	0.44995795303	0.0645130726406	-0.0592699914473	0.0580311931327	0.123962308573	-0.141742653207	-0.0224530556929	0.0647375979631	0.0279498679849	0.0885276246713	-0.0026278874738	-0.0	0.0	0.0
MCT.f.0372	0.376761578579	0.0521401250011	0.0458031089569	-0.0842396060641	0.28580078659	0.00367396623169	-0.139278781616	-0.0227219072134	-0.0339647104725	-0.0893730147112	0.0116090931917	-0.0	0.0	0.0
MCT.f.0374	0.165410827017	0.144054398974	-0.00180946916329	-0.435232089999	-0.230622692289	0.130670741461	-0.0378380833835	0.0165099093235	-0.0142422391947	0.0153220286353	0.00519290565637	-0.0	0.0	0.0

Biplot	0	0

Site constraints	0	0
