Eigvals	13
0.778585597389	0.537402676307	0.496345218606	0.31059057409	0.19383050554	0.0960523811904	0.0395115468241	0.0240855688801	0.0164853137429	0.00725039816185	0.0	0.0	0.0

Proportion explained	13
0.311416826927	0.214949052229	0.198526987343	0.124229283692	0.0775278674553	0.0384188043927	0.0158037351066	0.00963368891039	0.00659375682511	0.00289999711925	0.0	0.0	0.0

Species	0	0

Site	13	13
MCT.f.0513	-0.184767835349	0.311496929506	0.178049598376	-0.0849263194819	0.0358975938341	-0.0745984334391	0.0821474196747	0.0464760817614	-0.000515707681249	-0.0211110326879	-0.0	0.0	0.0
MCT.f.0514	-0.242467664794	0.27461059332	0.138246455657	0.00146251686618	0.026585480879	0.00500048099068	-0.0214335124174	-0.0170246375574	0.0327346956451	-0.023729916601	-0.0	0.0	0.0
MCT.f.0515	-0.311791305263	0.219870630934	0.09446677052	0.0535026106793	-0.0043816508774	0.0441268528672	-0.0508928983576	-0.0453449064636	-0.042413179273	0.051911629512	-0.0	0.0	0.0
MCT.f.0516	-0.298099771097	-0.149432859948	-0.175772845548	0.202579232434	0.0285428245522	0.104359258774	-0.0755206541091	0.0316911049155	0.0240053652725	-0.029693343924	-0.0	0.0	0.0
MCT.f.0517	-0.231242040874	-0.209759816527	-0.225665337275	0.188426954583	0.00908018309	-0.0437092493846	0.109109928472	0.0351275636122	-0.0119754116184	0.0242033046874	-0.0	0.0	0.0
MCT.f.0519	-0.125852659811	-0.179659937412	-0.217766531412	-0.153584486903	0.0397729095711	-0.150137523689	-0.0182044876387	-0.0880556535395	-0.00106736241685	-0.0180525719753	-0.0	0.0	0.0
MCT.f.0520	0.051177234259	-0.0382132686839	-0.193359658703	-0.382842901056	0.111318941821	0.0479620179271	-0.0248845931935	0.0546821000441	-0.00202322774842	0.0178529780749	-0.0	0.0	0.0
MCT.f.0522	0.244468930535	0.173969073858	-0.227635995832	-0.0625152193009	-0.1932179503	0.131419146809	0.0228507920945	-0.00572393350728	-0.0071670749084	-0.00874302600234	-0.0	0.0	0.0
MCT.f.0523	0.359780745528	0.181753262085	-0.152200836148	0.130300807977	-0.10450208705	-0.0534310505489	0.0171650536904	-0.0316134669381	0.035056805801	0.00839058281116	-0.0	0.0	0.0
MCT.f.0524	0.40249163278	0.048746972487	0.0292818141109	0.157874549769	0.148835410764	-0.0606652816897	-0.0485322699883	0.0270606311143	-0.0735745273436	-0.0164930337628	-0.0	0.0	0.0
MCT.f.0525	0.265945947736	-0.106787940692	0.193430139425	0.0523059157224	0.164261512652	0.00612985956271	-0.00749564612038	0.000400356722606	0.0741377642066	0.0267671936619	-0.0	0.0	0.0
MCT.f.0526	0.0754192834467	-0.283558986271	0.295604596429	-0.04970396379	0.019210821315	0.135965938318	0.0703090565371	-0.0528441218558	-0.0264418460711	-0.0165016351304	-0.0	0.0	0.0
MCT.f.0527	-0.00506249709733	-0.243034652656	0.2633218304	-0.0528796974992	-0.281403990252	-0.0924220164979	-0.0546181886433	0.0451688816916	-0.000756293864179	0.00519887133644	-0.0	0.0	0.0

Biplot	0	0

Site constraints	0	0
