Eigvals	14
0.853737266775	0.604830288428	0.26342409848	0.190578918314	0.0621701738472	0.0295574039996	0.0139469762287	0.00673554461156	0.0033169745595	0.000215958679881	0.0	0.0	0.0	0.0

Proportion explained	14
0.420868396014	0.29816427519	0.129860651647	0.0939500321543	0.0306481424265	0.0145709666144	0.00687546595781	0.00332043354234	0.00163517491482	0.000106461538864	0.0	0.0	0.0	0.0

Species	0	0

Site	14	14
MCT.f.0429	-0.3095484802	0.261667526494	0.243025877488	-0.050506255162	0.133007044569	-0.00895241134735	0.00683840550794	-0.0186617561511	0.0158764159509	0.00193053991152	0.0	0.0	0.0	0.0
MCT.f.0430	-0.349924562428	0.181102638884	0.0767139738605	-0.0718385688415	-0.0426706604029	0.0339833732331	-0.0147130139332	0.0162230305395	-0.039048496344	-0.000554718731087	0.0	0.0	0.0	0.0
MCT.f.0431	-0.319135739068	0.102370131812	-0.0550933930681	-0.0504517748198	-0.0956901024357	-0.0539635402335	-0.0317656895415	-0.00309662364341	0.0184426806161	-0.00365927195528	0.0	0.0	0.0	0.0
MCT.f.0432	-0.278126569081	-0.0084365360365	-0.155851140619	-0.0294183490741	-0.0397200182655	-0.00356478070217	0.0651642246015	0.023894284911	0.0121014234596	0.000379552692192	0.0	0.0	0.0	0.0
MCT.f.0433	-0.213853758249	-0.114487267435	-0.280628090379	0.0577302005348	0.0297991457116	0.0534540189204	-0.018047505585	-0.0351374244838	-0.00863433218857	0.00296468209746	0.0	0.0	0.0	0.0
MCT.f.0434	-0.0945842422038	-0.279027959561	-0.0668755154498	0.129255369715	0.0528382211233	-0.0637359773934	-0.0232610464611	0.0179037508813	0.00783001935439	0.000477441765302	0.0	0.0	0.0	0.0
MCT.f.0435	-0.0181414590897	-0.268074359795	0.116543263162	0.13480761008	0.0509124384799	0.0694991005415	0.0299801068121	0.0221113218793	0.00033877570386	-0.000840696935652	0.0	0.0	0.0	0.0
MCT.f.0436	0.0847280573826	-0.275723143247	0.134213792025	0.0215586464936	-0.0253181040525	-0.00260344078756	-0.042511019081	-0.0268350944945	-0.00178652316151	-0.000471074075106	0.0	0.0	0.0	0.0
MCT.f.0437	0.140466704961	-0.250627033124	0.137924862917	-0.0624270961563	-0.038433563441	-0.0520769783183	0.0310360818605	-0.00605735522508	-0.014717849678	-0.00463505036371	0.0	0.0	0.0	0.0
MCT.f.0438	0.238505357766	-0.11261384334	0.0517827029308	-0.216213364642	-0.0755533760027	0.0632425200117	-0.00306606024715	0.000184321194633	0.0194705334628	0.00518407123099	0.0	0.0	0.0	0.0
MCT.f.0439	0.309995147288	0.061643200778	-0.110084373996	-0.142566699334	0.0874844361047	-0.052093878225	-0.0219636739702	0.0299194866084	-0.0121886321604	0.00454542638536	0.0	0.0	0.0	0.0
MCT.f.0440	0.304456371194	0.150442706691	-0.135175907715	-0.0614259272829	0.0510693631571	-0.00298462919423	0.0382463036793	-0.0333545022586	-0.00403339977007	-0.00581584968054	0.0	0.0	0.0	0.0
MCT.f.0441	0.275808113287	0.27811324987	-0.0188090006566	0.108598115649	-0.000755513824087	0.0546802622762	-0.0380576292071	0.0245037842386	0.0113502498007	-0.00629002940002	0.0	0.0	0.0	0.0
MCT.f.0442	0.22935505844	0.27365068801	0.0623129494998	0.232898092841	-0.0869693107211	-0.0348836387813	0.0221205155649	-0.0115972239963	-0.00500086504579	0.00678497705855	0.0	0.0	0.0	0.0

Biplot	0	0

Site constraints	0	0
