Eigvals	16
0.808971226464	0.608606760431	0.519768005745	0.467525900895	0.390576375764	0.378478991735	0.345589624602	0.309594166759	0.233846640055	0.18266713102	0.165060612099	0.149388243292	0.135782425696	0.0875191882102	0.076375345561	0.0

Proportion explained	16
0.166463525944	0.125234154121	0.106953637013	0.0962036811535	0.0803696331009	0.0778803317089	0.0711126249722	0.063705772127	0.0481190615442	0.0375877580177	0.0339648316102	0.0307398988981	0.0279402043029	0.0180089874406	0.015715898046	0.0

Species	0	0

Site	16	16
sample1	-0.324116839066	0.108986895168	0.0459581405874	0.0370771866741	-0.27416055639	0.0518529327131	0.0732237969127	-0.0320313144541	0.0744759302622	-0.0250447944538	-0.0520918651166	0.0724212813207	-0.00153525536432	-0.0374801043638	-0.189054718282	-0.0
sample2	-0.311216116997	0.0475773866817	0.0119613295155	-0.284911739639	-0.122772113612	-0.126665455761	-0.0980985696796	-0.00126473998727	-0.0582347655136	-0.0647863033364	0.133804230115	-0.211958643833	-0.0764178147932	-0.0466592460157	0.0357698760536	-0.0
sample3	-0.377114895059	-0.180405152206	-0.0460102343052	0.0824353477117	0.154155192713	0.124653880388	0.252536030169	0.0316673138703	0.00652671927871	-0.05054703973	0.118036765553	0.138050223513	-0.116555048302	-0.00569689349304	0.0748572053544	-0.0
sample4	-0.286548482775	0.0421364187876	-0.0388000975348	-0.173524241844	0.123010034546	0.17934945567	-0.114908319807	-0.0734755968902	-0.0365588830199	0.209817439705	-0.169005662264	0.0218177110131	0.0868344620978	-0.0747362412589	0.0580399304759	-0.0
sample5	0.129329011542	0.0521075806431	0.477677436142	0.0657548820766	-0.0745741854416	0.255575072468	0.0698394598656	0.00879085836961	0.120554463278	0.0165337992926	-0.0266694247308	-0.112516237631	-0.0203513448134	0.0805223804496	0.050279987693	-0.0
sample6	0.197064941287	0.278076103223	-0.243217040138	0.0770384408175	0.196385779762	-0.0578234062002	0.121566693336	0.0418480382155	0.186471372278	0.162243857474	0.0457229862392	-0.105843219517	-0.0913569549799	-0.0192903154887	-0.0507819589017	-0.0
sample7	-0.16139554137	-0.062599416189	-0.00307911289459	0.406312469078	0.183665048201	0.0291204104701	-0.139949952464	-0.0283827601985	-0.188785284969	-0.0137551673523	0.0624361655134	-0.11149224392	0.0945770389617	0.0422756323288	-0.0625818044562	-0.0
sample8	-0.159216284722	0.225362872681	-0.136078367987	-0.0529627523723	-0.091459781944	-0.134677508685	-0.0810932374921	0.122704130784	0.0742849616367	0.0092585324937	0.0305977266555	0.0924534907976	0.110888861303	0.192787799441	0.056567371812	-0.0
sample9	0.151584075851	0.197739558038	0.00734425511225	0.0194393405454	0.033504147067	-0.105724944981	0.0555166337259	-0.450534797006	0.0207684516453	-0.122038072901	0.00819678670327	0.0488162449009	0.0464706063336	-0.019787098202	0.0452932506868	-0.0
sample10	0.197581592963	0.249836329855	-0.00607203920763	0.0593943387291	-0.0286243656919	0.0445765615683	0.0785106719479	0.265988805942	-0.0560216634341	-0.147793831964	-0.00440890472152	0.0220087177235	0.1276999669	-0.144006269259	0.0493975208756	-0.0
sample11	0.278512407711	-0.083716279178	-0.158571356204	0.0516932052313	-0.319631813651	0.0255718925717	0.14958318543	-0.0356095837787	-0.25292478226	0.154561385812	0.0074002773429	0.00444160903147	-0.0503403729104	0.0261857159629	0.0309748027538	-0.0
sample12	0.152643845211	-0.188616972052	-0.308369904227	-0.140002766481	0.0614142931212	0.192346008641	-0.0328738250862	0.0135233066096	0.0138440711735	-0.201771139844	-0.167853769935	-0.068094161667	-0.0530907609548	0.0703443124835	-0.0296581269753	-0.0
sample13	0.0773271503793	-0.132508716333	4.45425462433e-05	0.254742098188	-0.125942596313	-0.104867564945	-0.342823237464	0.0302139724407	0.126116026842	0.00097546247412	-0.0456798156897	0.0766837484969	-0.136751353393	-0.063494691091	0.0592363743434	-0.0
sample14	0.185309867395	-0.472446865359	-0.0201074363242	-0.118074597563	-0.0280552877359	-0.0195455569545	0.00909121972833	-0.0152570002148	0.163655911228	0.0533746408858	0.140703027834	-1.58096565573e-05	0.172382092072	-0.0338005062952	-0.0299166047964	-0.0
sample15	-0.0185052573704	-0.177151876576	0.219228596648	-0.0316203897568	0.12756518625	-0.400065329197	0.169491810649	0.0799681200169	-0.0535311653805	0.00587856629921	-0.18344993498	-0.0126425651258	-0.0122883269995	0.0123826080739	-0.013291056317	-0.0
sample16	0.268760525019	0.0956221328148	0.198091288272	-0.252790821396	0.185521019119	0.0463235522329	-0.169612359773	0.0418512462815	-0.140641363045	0.0130926651464	0.102261411482	0.145869854552	-0.0801657951574	0.0204529167271	-0.0851320503202	-0.0

Biplot	0	0

Site constraints	0	0
