Eigvals	9
841.863480642	179.989110935	152.143847827	70.7986822009	51.976396871	45.9881452423	28.5827133663	22.8898156965	0.0

Proportion explained	9
0.60381870753	0.129095506377	0.10912375185	0.0507796926276	0.0372795845198	0.0329845670473	0.0205006838275	0.0164175062195	0.0

Species	0	0

Site	9	9
sample1	-26.3635340055	2.65560366258	1.67167323647	0.336316900609	0.107884845649	-0.161465968356	0.0374275111014	-0.275269837017	-0.0
sample2	4.59112836774	1.60379852565	-1.32929654997	3.13378275166	0.106210634689	-3.80937761829	3.20166253326	0.754060799904	-0.0
sample5	1.79027587276	2.30254522756	-4.37390475297	-1.70355695687	1.81144032536	-0.829035041952	-2.46441639897	3.01956295172	-0.0
sample6	6.35122748333	4.44440086044	-1.16667365632	-1.96624189035	-0.290693198799	-2.19810901525	-1.62581393174	-3.27476486796	-0.0
sample8	4.61716376261	3.32785227111	2.48671194201	-4.8702309456	-2.2396220603	2.42140618804	2.23411813565	0.796947578652	-0.0
sample10	3.7057565559	-1.75109523616	3.23280802026	3.58648586918	-4.80230406595	0.409388547621	-1.99763170906	0.645519953868	-0.0
sample11	6.73321968	2.17643871774	4.52681768052	3.04184872152	4.25045883608	2.93552301947	-0.124029588546	-0.42336066011	-0.0
sample13	-0.0789051808986	-10.3386912556	3.68968519194	-2.65637817834	1.49913646356	-1.67819275113	-0.0454016882695	-0.173918139698	-0.0
sample14	-1.34633253592	-4.42085277336	-8.73782111194	1.09797372818	-0.442511780296	2.90986263984	0.784085136576	-1.06877777936	-0.0

Biplot	0	0

Site constraints	0	0
