Eigvals	7
0.521453047923	0.448259353994	0.319780593635	0.291270691492	0.249543185838	0.190812747442	0.0

Proportion explained	7
0.25800207107	0.221787641605	0.158219528631	0.144113534183	0.123467796428	0.0944094280831	0.0

Species	0	0

Site	7	7
sample4	0.302237523325	0.15591034997	-0.384268998911	-0.188197355471	-0.0728960311649	-0.0663633375726	0.0
sample6	-0.273811298888	0.10081726911	-0.139074112727	0.39090126367	-0.13838863763	-0.0741966010632	0.0
sample9	-0.337852623643	0.208435434859	-0.0397137627611	-0.12284674986	0.243927332324	0.216719679419	0.0
sample10	0.374183014526	0.00714444589564	0.153303764962	0.186831611112	0.298296905658	-0.085836249958	0.0
sample13	-0.175099796977	0.131784104939	0.284126748586	-0.217373160284	-0.103765126718	-0.239966627295	0.0
sample14	0.234375146299	-0.0101036526297	0.202595320637	0.0232179127452	-0.255052829944	0.262341399525	0.0
sample1	-0.124031964641	-0.593987952144	-0.0769689597846	-0.0725335219112	0.0278783874755	-0.0126982630561	0.0

Biplot	0	0

Site constraints	0	0
