Eigvals	12
0.593070184754	0.5254778355	0.404607460933	0.340099349027	0.307098027069	0.28842266422	0.222177525651	0.178316934017	0.162518581222	0.10126133589	0.0682644821605	0.0

Proportion explained	12
0.185838846962	0.164658749611	0.126783955668	0.106570305674	0.0962293244911	0.0903773899517	0.0696194417614	0.0558757028481	0.0509252808869	0.0317302916035	0.021390710542	0.0

Species	0	0

Site	12	12
sample1	-0.109370503639	0.136258511723	0.0832704127943	0.310264647431	0.133039029917	-0.0772089297571	-0.302599045818	-0.0204401613016	0.0501931466533	-0.0401121275018	0.0501296531973	-0.0
sample2	-0.226903780847	-0.292662275074	0.0157692738582	-0.112937617241	-0.141281393228	0.00789046964654	-0.185382390944	0.00202214155252	0.0247492131888	0.114162091161	-0.13734907824	-0.0
sample3	-0.0424854995565	-0.255506722996	0.184267563396	-0.158211640283	-0.017715265185	-0.119594101522	-0.00144937981677	-0.0503676970555	-0.163644627717	-0.198725748789	0.0289076988516	-0.0
sample4	-0.0359968542254	0.328701508531	-0.0997808265426	-0.378656467305	0.127016856653	0.186824053032	-0.113258433056	0.0448558862465	0.0240038153372	-0.0272471121729	0.0251056899537	-0.0
sample5	0.183364848767	0.073092847783	0.281355281765	-0.117862297125	0.19170590874	-0.252071171069	0.106056104281	-0.062865875248	0.0682102518584	0.131934052335	-0.00128759381534	-0.0
sample6	0.321692112129	0.230823954376	0.0857303998018	0.0345949515441	-0.387771696646	-0.00619702048379	0.00541592883026	-0.0174796084096	0.111610724862	-0.0629373729278	-0.0282784146103	-0.0
sample7	0.210638128579	-0.101931016055	-0.442517431193	-0.000446668445089	0.0110658163532	-0.250115358375	-0.00981264407421	0.137269232439	-0.0296341651145	0.0105495963295	0.0236618975298	-0.0
sample10	-0.2994024806	0.262727821582	-0.194437845062	0.0925483663941	-0.0262573541552	-0.0449585085208	0.146279563825	-0.226268760518	-0.115087072302	0.0113507853077	-0.0523121750053	-0.0
sample11	-0.324409399484	-0.174318002933	-0.012697279303	-0.00584607121961	-0.119269270805	0.0539155109632	0.128383340589	0.0142338120884	0.161348606746	0.0373212691119	0.160045508649	-0.0
sample12	-0.154876819324	0.132611953863	0.160532229249	0.138756073779	0.0231017138966	0.062399483968	0.141717699452	0.301985888113	-0.101530917311	0.00237608941827	-0.053487184835	-0.0
sample13	0.161246283128	-0.215667960012	-0.0834402701838	0.108001140484	0.223617278494	0.189357199362	0.114764167848	-0.05468114342	0.163775467556	-0.0969257825341	-0.0873583864858	-0.0
sample14	0.316503965075	-0.124130620788	0.0219484914203	0.0897955819871	-0.0172516240346	0.249758372756	-0.0301149111164	-0.0682637144855	-0.193994443757	0.118254260262	0.0722223848101	-0.0

Biplot	0	0

Site constraints	0	0
