Eigvals	12
355.26104562	281.848818565	183.872579241	135.498428961	96.8933836658	73.2356977593	55.4092038519	41.3665042808	33.8959589342	31.3534615866	23.991025925	0.0

Proportion explained	12
0.270649077714	0.214721326022	0.140079934466	0.103226979941	0.0738164379379	0.055793266103	0.042212480384	0.0315143086187	0.0258230113797	0.023886056651	0.0182771207822	0.0

Species	0	0

Site	12	12
MCT.f.0055	-1.62058618842	1.29158159061	3.25941501989	-3.72102599185	0.956839879635	-0.570218207458	3.22438479245	1.04573341644	-2.09996261484	3.41554938033	0.563893761165	0.0
MCT.f.0056	-5.25541228948	-4.77170417615	3.83795304975	-2.94502827804	3.85198788299	3.45290165102	1.21496687893	-1.44359891213	2.10243713826	-1.51255174369	0.651519574664	0.0
MCT.f.0057	-4.19602740305	-0.10769864444	0.347610153731	-4.15749054216	-3.78080372377	1.41957456168	-1.34316592463	2.94602330143	-0.209512480448	-1.12273037268	-2.59150287006	0.0
MCT.f.0058	-8.24505714327	-2.16608847387	-0.506541877792	4.97167645745	-4.93963491745	-0.41255773903	0.664977972941	0.886597454567	0.902805112875	0.193410017035	2.28944939216	0.0
MCT.f.0059	-2.81113928114	-8.857055442	-3.54483042332	1.20659303475	3.73104882387	-1.78760776919	-3.68436806895	0.286193372865	-1.56832709322	0.952140117592	-0.173547901106	0.0
MCT.f.0060	-1.09215792358	-0.232736463727	-5.55363818178	-2.93125515423	-2.58572224514	-2.51710637812	1.72169502322	-4.22578211753	-0.165124273699	-0.41717038681	-0.915197103576	0.0
MCT.f.0061	3.50775023293	0.978851070675	-5.2391795139	4.07250894479	3.06949650217	0.316559898194	3.90184848266	2.19078614317	-0.362865621699	-1.66786292421	-0.77359267023	0.0
MCT.f.0063	4.10026981639	5.12461736283	-5.30861903795	-0.0936234257434	0.105410226181	3.94250075376	-1.89911003576	-0.210658718067	2.14985306777	2.53990332447	0.230366978003	0.0
MCT.f.0065	-3.25885198847	7.02774015729	4.86027691995	5.32673497956	0.763295688948	1.4800955144	-1.28628392439	-2.18571195007	-2.03391633329	-0.296250282915	-1.27298831491	0.0
MCT.f.0066	4.05884009898	5.49909767334	-0.528508939115	-3.67112934628	0.263690636724	-0.784687018077	-1.92017921856	0.544340944784	-1.63131991018	-2.37294065145	2.77545789944	0.0
MCT.f.0067	1.7308686518	3.59250172947	3.94154987099	0.424377181649	1.59772108041	-5.47269433589	-0.745591344433	0.736247145104	3.17801199117	0.262645261914	-0.657451599523	0.0
MCT.f.0068	13.0815034173	-7.37910638403	4.43451295955	1.51766214009	-3.03332983457	0.933239068696	0.150825366508	-0.57017008056	-0.26207898269	0.0258582604058	-0.126407146036	0.0

Biplot	0	0

Site constraints	0	0
