Eigvals	6
0.52038785488	0.409352442414	0.286483235774	0.232091290935	0.176852974311	0.0

Proportion explained	6
0.320205615334	0.251883185748	0.176279173185	0.142810663106	0.108821362628	0.0

Species	0	0

Site	6	6
sample1	0.171445059976	0.110771675519	-0.419270386149	-0.10513548455	-0.123070482293	0.0
sample5	0.115527329085	0.0842749172279	0.31816101352	-0.229446232959	-0.192789976607	0.0
sample6	-0.626148532368	0.170909032949	-0.0148968784857	0.00634107980626	0.0367236601814	0.0
sample10	0.218199830369	0.0693138080445	0.0426698516527	-0.102107799488	0.346486203639	0.0
sample13	-0.0633203606439	-0.579045684564	-0.0120011005351	0.0344449372121	-0.012825626721	0.0
sample16	0.184296673581	0.143776250823	0.0853374999966	0.395903499979	-0.0545237781989	0.0

Biplot	0	0

Site constraints	0	0
