Eigvals	15
0.654944354236	0.586597176182	0.489803479824	0.418838738203	0.339374714583	0.305161167941	0.259934727059	0.216752657516	0.209885077592	0.171863878465	0.148259593118	0.142989321383	0.114430623715	0.0810682295972	0.0

Proportion explained	15
0.158202797809	0.141693433738	0.118312770213	0.101171129709	0.0819764748034	0.0737121409457	0.0627876258532	0.0523569317452	0.0506980574435	0.0415139793781	0.0358123286071	0.0345392865109	0.0276408899621	0.0195821532818	0.0

Species	0	0

Site	15	15
sample1	-0.25422302062	0.165003318041	0.239136627424	-0.0635366462562	0.192292762765	-0.269386474239	-0.0748847010475	-0.0209364184139	0.0329873977917	0.150565840049	0.0882906261914	-0.102499663209	0.0104278825382	-0.047127504666	0.0
sample2	-0.342570194631	0.0606196416135	0.0708828988935	0.0129786750734	-0.0662417925124	0.252688930473	-0.136265223783	-0.144653912168	0.201823763602	-0.0321986045065	0.0393900670538	0.0455965635025	0.0781289650754	0.0745918947457	0.0
sample3	-0.215510035145	0.25638800802	0.132836127622	0.0754758001768	0.0517259221248	-0.124789040147	0.0250635232217	0.0718126594874	-0.126526143764	-0.216720987089	-0.113447993039	0.104711406446	-0.0633056342616	0.0739934359782	0.0
sample4	0.27816795092	-0.0659625779626	0.33300925366	0.0410902259965	-0.111026297294	0.086395429793	-0.0860523718592	-0.0378228212832	-0.20517168096	0.152202865171	-0.0707444568956	0.00504536702014	0.0611208803164	0.0802940423122	0.0
sample5	0.102811155707	-0.390700273116	0.277467379154	0.0478351417086	0.0892933299517	-0.00313941462973	0.1673677308	-0.0206575703885	0.0680176161661	-0.0748420788524	0.126814523208	0.143603556222	-0.0380530081813	-0.0577118390943	0.0
sample6	0.03763218229	-0.364071241759	-0.0224908911511	0.032868599584	0.0211520426631	-0.122306156033	-0.0220276297262	0.0597763472774	0.162274282228	-0.0650642689996	-0.199189077995	-0.161635382299	0.037812230032	0.0402580217215	0.0
sample7	-0.21554905002	-0.0112325385853	-0.0542865771023	0.261085495595	-0.0709113046602	0.173574121716	0.194426326095	-0.0295027370359	-0.112615524631	0.0204173692615	0.0437440909871	-0.189377380818	-0.105653898552	-0.0226052375718	0.0
sample8	-0.176995174162	-0.0536757130659	-0.176979799199	-0.301966453939	-0.145697448628	-0.0908005240902	0.240955401451	-0.0685524895309	-0.103901491596	0.0141812154594	-0.0060774828342	0.0304995279447	0.153135634119	-0.00164332342866	0.0
sample9	-0.052061803588	0.038077987974	-0.107615299566	0.114901819343	-0.275557445168	-0.0816233628154	-0.00426897928487	0.256689004789	0.116348358983	0.156401916282	0.023971437111	0.111753910639	-0.0513656734094	0.00819398822935	0.0
sample10	-0.00722959341779	-0.0128005619635	0.0563051478346	-0.354474538352	-0.0148960899315	0.20682527163	-0.147610140521	0.187072780259	-0.0595558100468	-0.0797816057481	0.00108946283314	-0.0558971470044	-0.0500493783621	-0.107557994106	0.0
sample11	0.134988652088	-0.025541710037	-0.248561380673	0.156875217872	0.218018191541	0.0220469735674	-0.0817681128722	0.146810698608	-0.0858473523692	-0.0567639487721	0.163050138185	-0.018785256177	0.139934374402	0.0610176084511	0.0
sample12	-0.108961330641	-0.212359203829	-0.307497087545	0.0352437750195	0.12286411733	-0.024825484612	-0.178532852182	-0.159757209072	-0.105004120497	0.0882793332847	-0.0809580988129	0.119134850166	-0.0970939997925	-0.050705392068	0.0
sample13	0.310723405802	0.0947334002493	-0.080367312716	-0.0507950728742	-0.246278057918	-0.171542007783	-0.111191591315	-0.167470446807	0.0247640138421	-0.129604309973	0.127531486503	-0.0689853250903	-0.0770476715313	0.0171930607633	0.0
sample14	0.238101889035	0.311155718715	-0.0141591384791	0.192696888023	0.0146197950859	0.0450917986762	0.0458731607098	-0.0533462193502	0.0747582226918	-0.0195371057941	-0.110835692121	0.0301511786177	0.10799228507	-0.167034113164	0.0
sample15	0.270674966383	0.210365745704	-0.097679948156	-0.200278926971	0.220642274652	0.101789938493	0.168915460312	-0.0194616663698	0.117648468561	0.0924643702269	-0.0326290303754	0.00668379403923	-0.105982987463	0.0988433518981	0.0

Biplot	0	0

Site constraints	0	0
