Eigvals	13
395.308537347	324.784299091	161.299648094	122.941437185	98.6423317434	75.1345295099	60.1362380848	53.0817506938	38.9781146876	27.1931586029	25.5515415814	17.1623217248	0.0

Proportion explained	13
0.2823201048	0.231953344525	0.115196433297	0.0878018968757	0.0704480445134	0.0536593223807	0.0429478936942	0.0379097439166	0.02783725719	0.0194207173924	0.0182483129392	0.0122569284754	0.0

Species	0	0

Site	13	13
sample1	-4.4615999688	4.80873589908	3.19782534846	-3.4452848876	0.272253935833	4.85922367512	3.1709485053	-1.54197776805	0.871301017321	-1.54466254748	0.389834453769	0.154951287774	0.0
sample2	-2.24358313778	4.62169518319	4.88328798118	2.53541828925	2.20322407732	1.46628652236	-3.76962493034	-1.09927875393	0.840911476261	2.3256593975	-1.40717874261	0.472767004579	0.0
sample3	-12.838395722	-11.3767193303	-0.803565651184	0.0974804971591	2.59042250298	-0.90630497875	0.866642965514	0.291134412813	0.253319128555	0.44011347779	-0.147825525523	0.121888546554	0.0
sample4	-3.37571186404	1.88381724935	-3.10358608413	0.125649008181	-0.901838219028	0.221631613014	-3.01985760975	-2.88314445364	-3.14685714181	-0.624184760684	2.03183288751	-1.14491675098	0.0
sample5	-1.64676068255	3.06037493767	-1.22107171544	4.16719207362	-2.550761274	-3.06539269005	1.09250761356	-1.65306219213	2.51045529222	-1.43164728235	-1.52803601148	-1.58344191255	0.0
sample6	-2.14102007147	4.73778768872	-0.435274512418	0.948393142669	-2.16871942059	-2.42825270264	0.807214980675	1.51464788204	1.68400916045	1.2484140207	3.11402866864	1.57250067913	0.0
sample7	-1.43128436258	2.29664200564	3.27229592689	-2.18017937874	-0.906614155193	-3.11195107803	-1.16897315786	2.02775069731	-2.28804052409	-2.32864287596	-1.5400881685	1.508845446	0.0
sample8	0.377163020578	0.498730578117	1.63869676135	-2.84033442442	-1.93037007683	0.772470049093	-0.102061567208	4.2848702406	-0.359147135761	1.32297760273	-0.0441153507805	-2.55428866335	0.0
sample9	2.88347228468	2.67457832596	-3.21098414122	3.00957564476	0.636229735477	0.387022640091	4.18649665128	-0.161036170539	-3.08140379474	1.8399291185	-1.26093818375	0.491409319262	0.0
sample10	8.91323971353	-9.67761823103	5.9205538332	1.54073617405	-3.32105381013	0.382326670715	0.480381005626	-1.67588236408	-0.3254315937	0.0472758720783	0.734638407042	0.214843529498	0.0
sample11	3.25057621619	-2.42151040271	-6.66222033727	-5.04871396559	-3.06319879768	1.17960758254	-1.62274319475	-0.934586737971	1.50118820175	0.770507875282	-1.45128423686	1.01328322515	0.0
sample12	8.01742854374	0.608723040985	0.00639380722084	-3.69861675261	6.55028152321	-3.13493745444	0.530414034416	-1.11156845107	0.806556891458	-0.0532572735958	0.633190830613	-0.612359367546	0.0
sample13	4.69647603047	-1.71523694468	-3.48235121663	4.78868457927	2.59014397865	3.37827015097	-1.45134529646	2.94213365865	0.733139022086	-2.01248262451	0.475940971923	0.344517656483	0.0

Biplot	0	0

Site constraints	0	0
