Eigvals	14
1.55207467964	0.763256520717	0.401637095123	0.155635913724	0.0813170963332	0.0468210985096	0.0246084631424	0.0166648739467	0.00977229828481	0.00297009036023	0.0	0.0	0.0	0.0

Proportion explained	14
0.508084311	0.249858250077	0.131479180367	0.0509486863156	0.0266198150159	0.0153272686479	0.00805578120979	0.00545538246851	0.00319904158353	0.000972283314766	0.0	0.0	0.0	0.0

Species	0	0

Site	14	14
MCT.f.0528	-0.606049429744	0.0964680140049	0.130196897186	-0.140038395525	0.0736874305019	-0.137439293746	0.00189949400251	-0.0172543037921	-0.0110204796641	0.00131073071869	-0.0	0.0	0.0	0.0
MCT.f.0529	-0.605824035744	0.0535451248636	0.0602438478979	0.0142357956339	-0.0285786126762	0.0769475329261	-0.00957367491004	0.0260727912127	0.00598009218638	0.0259484688574	-0.0	0.0	0.0	0.0
MCT.f.0530	-0.592239012993	0.0491661820587	0.0502091000737	0.047344431284	-0.0439915705704	0.0918433493632	0.0131388704397	-0.00559561407571	0.00282709740773	-0.0286542395204	-0.0	0.0	0.0	0.0
MCT.f.0532	-0.148029087706	-0.238722337612	-0.277691178562	0.176546535305	-0.0205530917958	-0.065457115354	-0.059819484247	-0.0261743017723	0.0344862762093	0.000593079515864	-0.0	0.0	0.0	0.0
MCT.f.0533	-0.021956442818	-0.314262882029	-0.235974782776	0.0560615841509	0.00732331404478	-0.0159437414237	0.0325253503767	0.047067277295	-0.0511705633765	-0.00053703722271	-0.0	0.0	0.0	0.0
MCT.f.0534	0.147913896259	-0.270869694074	-0.0715056000992	-0.0747845706307	0.0328344359258	0.0500146313289	0.0698138997582	-0.066900688179	-0.00764482190767	0.0188110203629	-0.0	0.0	0.0	0.0
MCT.f.0535	0.199018736271	-0.252993657442	0.0173353811736	-0.125984312587	0.0321988631162	0.00345047833607	0.0294431264392	0.00484537534125	0.0437387741748	-0.0256353754569	-0.0	0.0	0.0	0.0
MCT.f.0536	0.252000794765	-0.223024211816	0.0979542312763	-0.139375328579	0.0196912180353	0.0249285259184	-0.0640082852149	0.059348619818	0.0173895989441	0.0115167543518	-0.0	0.0	0.0	0.0
MCT.f.0538	0.25997698855	-0.0884183870298	0.190364429689	0.0208194052268	-0.0208675920451	0.00886592418703	-0.0660398027709	-0.0314472094848	-0.0516115707288	-0.0104358419008	-0.0	0.0	0.0	0.0
MCT.f.0539	0.265099424765	0.0333829824493	0.248342108951	0.066255474102	-0.0797353934984	-0.00284850510495	-0.0101505676588	-0.0375930740227	0.00906256212038	0.00674385396097	-0.0	0.0	0.0	0.0
MCT.f.0540	0.23642041091	0.0724524090003	0.224247872296	0.158560906255	-0.0353091159725	-0.061687847438	0.0708011028609	0.0467044901347	0.00592611783537	0.000232077310284	-0.0	0.0	0.0	0.0
MCT.f.0541	0.214944461156	0.34436747757	-0.0298383216092	0.11480953421	0.206550698353	0.0370182226462	-0.00631792194759	-0.00437786877464	0.0108453008101	0.00332955970139	-0.0	0.0	0.0	0.0
MCT.f.0543	0.208615769656	0.373742172804	-0.208247227567	-0.0843484405502	-0.00382738197669	0.0123636705487	-0.0140449576331	0.0103167916933	-0.0215509731274	-0.0105267063171	-0.0	0.0	0.0	0.0
MCT.f.0544	0.190107526673	0.365166807251	-0.19563675793	-0.090102618295	-0.139423201442	-0.0220558321882	0.012332850505	-0.00501228539359	0.0127425891164	0.00730365563855	-0.0	0.0	0.0	0.0

Biplot	0	0

Site constraints	0	0
