Eigvals	16
0.591543871956	0.522284703789	0.445477721813	0.400322031955	0.28120643421	0.25770683785	0.185146868332	0.142492056325	0.124762389474	0.0542146820547	0.039122208005	0.0	0.0	0.0	0.0	0.0

Proportion explained	16
0.194313239813	0.171562647691	0.146332712574	0.131499749529	0.092372072264	0.0846528092989	0.060817953718	0.0468064913269	0.040982563179	0.017808705347	0.0128510552581	0.0	0.0	0.0	0.0	0.0

Species	0	0

Site	16	16
MCT.f.0376	-0.159596119776	0.103969193279	0.123878221105	-0.125777770544	0.0480960197798	-0.356740832327	0.0731892130682	-0.0638313405289	0.02699795692	-0.0917806779125	0.025726139001	-0.0	0.0	0.0	0.0	0.0
MCT.f.0377	-0.181650710111	0.27209485369	0.205989492887	-0.11825411567	-0.0749337414485	-0.0588082704894	0.0803484631033	0.0165297061414	-0.0289692685634	0.131167707681	-0.0188121634391	-0.0	0.0	0.0	0.0	0.0
MCT.f.0378	-0.143073069892	0.340739955397	0.0297209221935	0.00222598638831	-0.133802116367	0.205354020652	-0.0309483451765	0.0431898788206	-0.01355595977	-0.00352750360991	0.017664152097	-0.0	0.0	0.0	0.0	0.0
MCT.f.0379	-0.178514664125	0.188880152541	-0.067534713143	0.120758013906	0.108185558139	0.187351035873	0.0678270741869	-0.113657825871	0.0600992323378	-0.0715704512323	-0.0135194114675	-0.0	0.0	0.0	0.0	0.0
MCT.f.0380	-0.00389692234786	-0.0277415409815	-0.0882795553726	0.179652644685	0.280148717758	0.0206248841305	0.123817251584	0.00861215941036	0.106133247602	0.0218539149488	-0.0212845550268	-0.0	0.0	0.0	0.0	0.0
MCT.f.0381	0.0898260343713	-0.00578715000384	-0.142086215696	0.188249134606	0.166082408325	-0.0833104138764	0.0288247482386	0.0622253060992	-0.14506872929	0.0838484649144	0.0697162100074	-0.0	0.0	0.0	0.0	0.0
MCT.f.0382	0.345968102976	0.265904600992	-0.108451618615	0.145952561892	-0.0716810833769	-0.0896098439942	-0.0887570259763	0.0521407243213	-0.115541094428	-0.0750777273494	-0.0401912772084	-0.0	0.0	0.0	0.0	0.0
MCT.f.0383	0.454736261611	0.030192883021	-0.0153231239202	-0.0157107653873	-0.132099387931	-0.03664371971	0.0252429822064	-0.0673374912654	0.18276957149	0.0486926185708	-0.0272500128576	-0.0	0.0	0.0	0.0	0.0
MCT.f.0384	0.265633383832	-0.144032566108	0.206416433113	-0.143519043295	0.00675810144022	0.126076643379	0.0755516351908	-0.0646548680947	-0.0201754879143	-0.00784064987372	0.101841152157	-0.0	0.0	0.0	0.0	0.0
MCT.f.0385	0.10531883302	-0.144430606887	0.220452114539	-0.190548191065	0.121692732185	0.125225675014	0.0319046822614	0.0649969903994	-0.118978270984	-0.0590286288988	-0.0567111900148	-0.0	0.0	0.0	0.0	0.0
MCT.f.0386	-0.0423296364505	-0.0962118743676	-0.189030263942	-0.286707021446	0.0877460353639	-0.0112477073084	-0.0409028942969	0.140317754297	0.049782674285	0.0227590163421	-0.0711273042586	-0.0	0.0	0.0	0.0	0.0
MCT.f.0387	-0.0964857259336	-0.010676319324	-0.340911324011	-0.238094923812	-0.024106245607	0.0204165337943	-0.134283279462	-0.0233157716741	0.0223881606795	-0.00664281558668	0.0785914924858	-0.0	0.0	0.0	0.0	0.0
MCT.f.0388	-0.11975935496	-0.255129663338	-0.194074406945	0.0371982759455	-0.187791016638	0.000395867323362	0.0911466477886	-0.157951879744	-0.0986677092404	0.00174071910429	-0.0390298184622	-0.0	0.0	0.0	0.0	0.0
MCT.f.0389	-0.138329627342	-0.24452521771	0.00888007301683	0.169500731502	-0.222828235532	-0.0146471882397	0.118657589248	0.12843987823	0.0113489107289	-0.0129166261725	-0.00431310760587	-0.0	0.0	0.0	0.0	0.0
MCT.f.0390	-0.112564770032	-0.141533804494	0.175411864777	0.175780376293	-0.042986469883	-0.0123579338703	-0.158848312424	0.131627250993	0.11004523406	-0.0326105038782	0.0416235085526	-0.0	0.0	0.0	0.0	0.0
MCT.f.0391	-0.0852820148387	-0.131712895706	0.174942100014	0.0992941060022	0.0715187237932	-0.0220787503499	-0.262770429541	-0.157330471534	-0.0286084679138	0.0509331429527	-0.0429238139597	-0.0	0.0	0.0	0.0	0.0

Biplot	0	0

Site constraints	0	0
