Eigvals	13
221.581484366	184.59356614	145.299766023	78.5801984145	67.0842070042	59.3646543622	46.4519303925	34.4155970978	30.4542839422	26.1476647758	19.0873634304	13.2699073636	0.0

Proportion explained	13
0.239203453702	0.199273954131	0.156855190108	0.0848295375722	0.0724192910349	0.0640858165197	0.0501461672793	0.0371526064578	0.0328762573274	0.0282271406318	0.0206053464606	0.014325238775	0.0

Species	0	0

Site	13	13
MCT.f.0444	-3.5534955986	3.29801690728	5.56802563946	-3.56472644536	2.41568501928	0.571224689818	-1.67172963805	-0.00936918771761	-1.07800506604	2.48876383882	-0.0302455721147	-0.240067442137	0.0
MCT.f.0445	-2.67492123664	2.97293789343	-1.88790852301	1.16973760161	4.54227018308	0.598638094147	3.56537127377	0.0558244536413	-1.79302508771	-1.59116772674	-0.45527836537	0.0699620519905	0.0
MCT.f.0446	-5.87652204539	-2.06935791524	-1.34280006471	-1.97209056398	-1.56180931674	-3.15821751696	2.21701174722	-0.129014984574	2.16651868791	0.850798837545	-1.70268481103	0.707815523165	0.0
MCT.f.0447	-7.8997166071	-4.80521232776	-1.51581014745	3.14715635513	-2.41343117751	0.569550459059	-1.63630973963	-0.252085980692	-2.35062815677	0.10508459786	0.253729312657	-0.705325173937	0.0
MCT.f.0450	0.972947161165	1.07448442293	-1.0101975181	-4.20725778201	-2.9465522498	3.35853569628	-0.834975471293	0.188427723292	-0.859259317793	-2.05247946971	-0.575040226944	1.3732751286	0.0
MCT.f.0451	-3.04200655373	2.85257201913	-1.32877828504	0.606066260262	-0.5175408833	3.43097364554	0.829152433357	0.295932784428	3.19430865491	0.169626305638	1.93383866661	-0.954814957922	0.0
MCT.f.0453	5.90171595622	-2.2233567639	2.51891038618	3.12076858452	-1.50049458006	2.19895503958	2.53820799953	0.152650443397	-0.565124218693	2.37291502725	-0.259934050897	1.07907407631	0.0
MCT.f.0454	0.397968645591	2.54416791973	3.1178389428	4.25396392223	1.16572567503	-0.335709782272	-3.06673801866	1.12361977175	1.69092206656	-1.29722932478	-1.66149794055	0.586573081606	0.0
MCT.f.0455	1.5334084848	3.65438523539	5.01348437837	0.424615129924	-2.75113965835	-3.63741627511	1.08505318639	-1.35046249791	-0.612029569177	-1.46540398815	1.7176289702	-0.155014341842	0.0
MCT.f.0456	5.67723425571	3.32081021447	-3.53872715242	-0.670755288279	-1.59179157577	-0.639816293538	-0.140647491723	0.449719578431	-0.574152266393	0.559939202929	-1.63629096014	-2.33794904153	0.0
MCT.f.0457	2.24212024	2.31617738648	-6.82373800179	0.266486210703	1.11497085147	-2.35407339639	-1.92966414324	0.562624262896	-0.379874328615	1.25163348562	1.5935778202	1.41565002872	0.0
MCT.f.0458	3.36337974392	-5.16665781238	-0.568954766922	-0.657183380757	2.38879871897	0.412261493643	-1.08735998356	-4.4162081372	0.908607672684	-0.43643282549	-0.0948263220367	-0.251277188751	0.0
MCT.f.0459	2.95788755406	-7.76896717955	1.79865511265	-1.91678060398	1.6553089937	-1.01490585378	0.132627845896	3.32834177026	0.25174092912	-0.956047960798	0.917023479406	-0.587901744271	0.0

Biplot	0	0

Site constraints	0	0
