Eigvals	14
336.682293057	223.767355487	131.137208877	101.582772814	76.5620070374	59.2159139215	50.9326636772	44.1293764418	33.0820147928	26.5318305713	21.7586088278	19.3227462858	19.0081743651	0.0

Proportion explained	14
0.294376563893	0.195649924508	0.114659195758	0.0888184149521	0.0669416272291	0.0517751530968	0.0445327325863	0.0385843107035	0.0289251025141	0.0231979800496	0.0190245362881	0.0168947514434	0.0166197069785	0.0

Species	0	0

Site	14	14
sample1	-2.63266730309	2.74775153319	2.49034796455	-0.778765663006	2.70083861908	0.377434550766	1.92014028857	-3.39864776848	2.60760708724	-1.05543062896	0.95203451309	0.581338920107	1.25222102317	-0.0
sample2	-2.10385491342	-5.34562064717	3.75670609736	-1.30150765662	0.781322309537	-0.259744970517	-1.09733592982	1.55968501074	3.06060549384	0.334687607396	-1.44543690502	-1.27848713036	-1.4298711279	-0.0
sample3	-2.02057706965	-6.06238956638	0.203118378844	-2.30260146192	1.95032375472	-1.16576677349	-4.01152604923	-0.809642434575	-1.76044142253	0.43253205669	1.44251749848	-0.140973044305	1.3708050244	-0.0
sample4	2.85184882792	-5.5065512403	1.92314128094	0.27254711208	2.30618119596	2.29890444047	2.9950391845	1.38343321213	-1.94613101821	-0.157317146738	-1.53581737047	1.41210601179	0.812711191456	-0.0
sample5	-4.3254177534	-2.77700778578	-8.6839653379	-3.59479999431	-0.438498290754	-0.654739858303	2.16177561415	-0.303023311062	0.442282023134	0.153666381239	-0.0934020344766	0.0661454841278	-0.692847708983	-0.0
sample6	-3.27830014599	1.79955918161	0.683200032164	2.00515987111	1.02545386753	1.68680699304	1.35306329563	-0.800524934566	-2.28920236718	-0.820224969031	0.594864592927	-3.04077382132	-0.957576181387	-0.0
sample7	-1.13591905091	3.51486610789	-2.11475656796	3.28057499613	3.21552842365	-0.233812049503	-1.33431845711	3.38750232863	0.549377602618	-1.47735891233	1.37784252649	1.23246107108	-0.885709515937	-0.0
sample8	-4.73211287689	5.99820533188	-0.285368605974	1.74875077822	0.763438122344	-3.43441952146	-0.0874238301329	0.534742840374	-0.549746834901	1.75686530431	-2.18279741081	-0.310572375922	1.43066070493	-0.0
sample9	13.009450655	5.26616085144	-0.578973254222	-4.08898522354	1.44402970762	-0.352136534749	-1.08894671641	-0.717123874006	-0.430323617636	-0.244247308781	-0.746112075661	-0.29660541246	-0.786614554338	-0.0
sample10	1.43747941088	-3.00960550304	2.06191430693	2.85817636513	-2.59114293353	-4.09035422591	0.605397691453	-2.15490647353	-0.977539864367	-0.941340792235	0.0709558295697	1.19524045332	-1.68860488681	-0.0
sample11	8.13810882137	-2.20473675017	-0.791084915593	2.50196309396	-2.48516450864	-0.894656601035	1.68089730605	1.55484351547	1.34896803898	1.15951676193	1.74217597819	-1.15542935767	1.54167483157	-0.0
sample12	0.976737071128	-0.571706952809	-3.18442179874	3.70789247554	-2.68770041583	3.39417511893	-2.87038515084	-1.68003358065	0.779688574641	-1.01626082609	-1.56808314366	0.18259722129	0.688607280396	-0.0
sample13	-2.0086505339	2.63497346721	1.52445685754	-0.0371134449578	-1.08682803142	2.78742079218	-0.262208378473	-0.627724576469	-0.228770630251	3.58772113596	1.06585723652	1.21207091738	-1.35042460217	-0.0
sample14	-4.17612513906	3.51610197243	2.99568556205	-4.27129124783	-4.89778182026	0.540888639594	0.0358311316614	2.07142004599	-0.606373065378	-1.71280866337	0.325400764838	0.340881062957	0.69496852159	-0.0

Biplot	0	0

Site constraints	0	0
