Eigvals	14
0.91674820809	0.453403198273	0.228700123042	0.174860222807	0.0502879632415	0.0324104608972	0.0114681279301	0.00882309494391	0.00131799556514	0.0	0.0	0.0	0.0	0.0

Proportion explained	14
0.488146294247	0.241426259777	0.121777295632	0.0931088482324	0.0267771266798	0.0172577881715	0.00610650132894	0.00469808510412	0.0007018008274	0.0	0.0	0.0	0.0	0.0

Species	0	0

Site	14	14
MCT.f.0106	-0.271754503792	0.108504423294	0.0289479938947	-0.265204651576	0.0479493236073	-0.0345839617405	-0.0358434581385	0.0215209349733	-0.000192203546597	-0.0	0.0	0.0	0.0	0.0
MCT.f.0107	-0.329263785977	0.119828421915	0.10995841752	-0.117797882074	-0.0365926106627	0.0520903964389	0.0435349030013	-0.00565710461359	-0.00115456456823	-0.0	0.0	0.0	0.0	0.0
MCT.f.0108	-0.32485772331	0.0787916666734	0.101409576581	0.0470031882918	0.00653230229108	-0.0162137544691	-0.0118201399054	-0.0431444171813	0.0152616083827	-0.0	0.0	0.0	0.0	0.0
MCT.f.0109	-0.308810274964	0.0140311718468	0.0543054529349	0.132477323024	-0.0240809632008	-0.0149213228846	-0.00713329863394	-0.00732129554884	-0.0278315750059	-0.0	0.0	0.0	0.0	0.0
MCT.f.0110	-0.269064686204	0.00482962189761	-0.0151077550804	0.210563829456	-0.0299219471671	0.0422637649796	0.00719314372761	0.0472660034	0.0124702297135	-0.0	0.0	0.0	0.0	0.0
MCT.f.0111	-0.129648720087	-0.151912089766	-0.161889796681	0.0971662586359	0.081410901345	-0.058558589211	-0.027370895767	-0.0156772900666	0.00485507225419	-0.0	0.0	0.0	0.0	0.0
MCT.f.0112	-0.0482261947096	-0.200323896979	-0.235957785091	-0.0635956170896	0.0375567318289	-0.00088899978392	0.0331232970664	0.0239642272006	-0.00632530702355	-0.0	0.0	0.0	0.0	0.0
MCT.f.0113	0.106513762118	-0.263624853515	-0.0837126247564	-0.0754812545482	-0.0649373903411	0.0745807374685	-0.0157686924848	-0.0296176915127	0.00386115724892	-0.0	0.0	0.0	0.0	0.0
MCT.f.0114	0.188586859516	-0.255230400284	0.0773313721147	-0.0243377270699	-0.0246853761362	-0.043514636619	0.0399179158566	-0.0240722614742	-0.000237322071994	-0.0	0.0	0.0	0.0	0.0
MCT.f.0115	0.232755875185	-0.187073391369	0.161171552279	-0.0376467986027	-0.0232992852407	0.000413483084917	-0.0233046698718	0.0414400354446	0.00308714094947	-0.0	0.0	0.0	0.0	0.0
MCT.f.0116	0.345400358041	0.015205960513	0.145006692391	0.058848108945	-0.0191928930472	-0.00714005652275	-0.0376375480064	-0.000301944419782	-0.00549086683659	-0.0	0.0	0.0	0.0	0.0
MCT.f.0117	0.31373123859	0.141493868186	0.118716207368	0.0400385017492	0.114244458531	-0.0154078169532	0.0448789696819	0.00184563225275	0.00247762602434	-0.0	0.0	0.0	0.0	0.0
MCT.f.0118	0.268636900682	0.25488606715	-0.124720654711	0.0110818786194	0.0574889628247	0.0970089522438	-0.0178423647296	-0.0131482766616	-0.00419417746342	-0.0	0.0	0.0	0.0	0.0
MCT.f.0119	0.226000894911	0.320593430438	-0.175458648765	-0.013115157761	-0.122472214633	-0.0751281960315	0.00807283820368	0.00290344820733	0.00341318194315	-0.0	0.0	0.0	0.0	0.0

Biplot	0	0

Site constraints	0	0
