Eigvals	15
256.729184532	150.20969462	123.206378542	87.394227776	68.4698395144	45.0877079689	36.4654539386	34.8250524973	32.672679293	30.2922873773	28.3005000904	22.2546933554	15.7192279827	13.572844477	0.0

Proportion explained	15
0.27161367591	0.15891846261	0.130349564395	0.0924611181341	0.0724395429889	0.0477017761813	0.0385796262549	0.0368441185982	0.0345669563854	0.0320485555285	0.0299412895875	0.0235449626793	0.0166305879974	0.0143597627502	0.0

Species	0	0

Site	15	15
MCT.f.0547	-4.56038929435	2.93717100061	4.68664165216	-3.10264072864	2.94980890381	0.269990994441	2.13920109791	2.07652922697	0.567692976581	1.01517542173	-0.122405942164	-1.08282338155	-0.649433477583	-0.247835105381	-0.0
MCT.f.0548	-2.95700863247	5.01841294657	-2.44413732664	1.78225350258	3.16585812377	0.589518980325	-0.212837311579	-2.37495015341	-0.217988517266	-0.432891088864	-2.10765636987	-0.578783986511	1.52534551445	0.156821245188	-0.0
MCT.f.0549	-0.604202392159	2.06081981704	-4.00111240025	0.318228007769	-1.86106113139	3.52494625474	-1.48970724032	1.09320833973	-1.42585253226	1.95951050642	-0.114098826323	-0.725500323872	-1.4036560437	0.416361561983	-0.0
MCT.f.0550	-2.44733814817	4.35038529028	-2.06159012509	-1.1898117498	-3.58836297461	-4.05764126347	-1.24450550848	0.318310703348	1.65507669042	-0.458949813556	-0.0981713411987	-0.799094360279	-0.474040411383	-0.0890377474452	-0.0
MCT.f.0551	-5.4605406188	0.471211339882	-2.67593522516	-0.964089633833	-0.350771983233	0.801317986394	0.988733605548	1.01256356372	-0.507678686869	-1.79071320168	0.419737537015	3.28878324759	0.0083278256526	-0.965491954711	-0.0
MCT.f.0552	2.5894457353	-4.45856324768	-2.1906601149	-2.79547763702	-0.518487390736	-0.283567529323	-0.327637251312	1.60114978722	0.520829423945	2.04132831163	-0.888167865025	-0.0946597277433	2.38785399484	-0.609453973802	-0.0
MCT.f.0553	-0.0756920981406	-5.86748200873	-1.67042539165	-3.63449736008	2.14884850754	-0.53434652982	-0.982039836688	-0.589673912719	-0.632249710539	-2.24175798338	-1.05812072108	-0.751276719858	-1.19479971305	1.0819217267	-0.0
MCT.f.0554	-2.44454082323	-3.16941102824	-2.96551639313	3.21086862357	-0.655943558809	-1.04066687004	3.3937964791	-0.431772825734	-1.10220214816	0.0126613113364	2.01711628285	-1.61431968044	0.211422940057	0.138912749352	-0.0
MCT.f.0555	-7.77304201576	-3.99179349899	5.26018078458	3.17582665738	-1.65401773652	-0.318178597363	-1.52698527717	-0.52882953429	-0.105135841123	1.09260613196	-0.849592311971	0.773144573045	0.156879806066	0.773399830272	-0.0
MCT.f.0556	3.96788905596	-2.32163914302	-0.198805136524	3.82809859379	2.00342965204	-0.238565118214	-0.636448329756	0.0518792327005	1.74238566986	0.170570773502	-0.787860734232	-0.0899734923536	-1.40880685229	-2.19388953134	-0.0
MCT.f.0557	4.59170368733	1.41080494501	-0.354548547478	2.67861242678	2.42302374884	-0.303488669104	-0.759381427515	2.17781451212	1.59069806206	-0.372902905885	1.57957854085	0.975334245137	0.399188783932	1.99067289296	-0.0
MCT.f.0558	7.73200504715	1.95775401749	2.65016352693	0.705529326598	-1.34305827329	-1.68287783421	1.34272011966	0.458258857178	-3.18030966385	-0.0711833318827	-1.864157294	0.797177760445	-0.248827025711	0.187851170737	-0.0
MCT.f.0559	1.58603900692	0.928464889654	3.71090594665	-0.154160353578	-1.15439689938	1.68971722323	-1.95555467543	0.331724954584	-1.05579888846	-2.53320974448	1.85665193019	-1.45159083348	1.11911567122	-0.994132879844	-0.0
MCT.f.0560	3.83266519097	-0.118806345858	1.51057004716	-1.2476675817	-3.12602528183	2.59397378099	2.17820677003	-2.04693876748	2.84560574348	-0.526449840771	-0.552350204971	0.246113391281	-0.0985541402831	0.596352220864	-0.0
MCT.f.0561	2.02300629947	0.792671025986	0.744268703345	-2.61107209382	1.56115629379	-1.01013280858	-0.907561213999	-3.14927398393	-0.69507257783	2.13620545392	2.56949731993	1.1074692886	-0.330016872212	-0.242452205529	-0.0

Biplot	0	0

Site constraints	0	0
