Eigvals	8
0.489419281735	0.224355625231	0.127651818835	0.0241228960148	0.00859521062751	0.00350969469832	0.0	0.0

Proportion explained	8
0.557644570386	0.255630909764	0.14544654518	0.0274856395869	0.00979338721753	0.00399894786591	0.0	0.0

Species	0	0

Site	8	8
MCT.f.0583	-0.171985289505	0.263656767386	0.187809024922	-0.0344577670764	-0.00320548061753	-0.00276657862362	0.0	0.0
MCT.f.0585	-0.289659754488	0.120544486459	-0.00484587769822	0.0649016199728	0.0236908247358	-0.00419536316615	0.0	0.0
MCT.f.0586	-0.28647783927	-0.108496945504	-0.104016060113	0.00493831983745	-0.0691602872865	0.00370592348754	0.0	0.0
MCT.f.0587	-0.211327448885	-0.17612403392	-0.115545520182	-0.0381614971108	0.0559252308628	-0.00179746951493	0.0	0.0
MCT.f.0590	0.130070622109	-0.232594444558	0.188667143139	-0.0596083753112	-0.00556102212225	-0.00180986269031	0.0	0.0
MCT.f.0592	0.235885095351	-0.0863491102945	0.0680461039705	0.0972950997236	0.00608212469206	0.0271819930151	0.0	0.0
MCT.f.0593	0.313036133838	0.0325388193237	-0.066841844886	0.0250544935289	-0.00660498723807	-0.0456481571004	0.0	0.0
MCT.f.0595	0.28045848085	0.186824461107	-0.153272969152	-0.0599618935643	-0.00116640302632	0.0253295145927	0.0	0.0

Biplot	0	0

Site constraints	0	0
