Eigvals	17
0.971672863222	0.674257638242	0.229454267557	0.109592882468	0.0518213698756	0.0330202178853	0.0131492109031	0.00872909034629	0.00526028865482	0.00131431422838	0.0	0.0	0.0	0.0	0.0	0.0	0.0

Proportion explained	17
0.463082382467	0.32133946036	0.109353912113	0.0522300612022	0.0246971633489	0.015736861393	0.00626668516024	0.00416013259949	0.00250696205991	0.000626379296187	0.0	0.0	0.0	0.0	0.0	0.0	0.0

Species	0	0

Site	17	17
MCT.f.0120	-0.232017693038	0.304365132181	0.158235866448	-0.0509782236655	0.169428946666	-0.0261486515761	0.00638761358137	-0.00790282499041	0.000991992085722	-0.00157111106615	0.0	0.0	0.0	0.0	0.0	0.0	0.0
MCT.f.0121	-0.245608745143	0.243893447441	0.0562277160832	-0.0197651943455	-0.0519233691795	0.0230536593406	-0.014170483214	0.0465000138445	0.0180868206076	0.0091192753719	0.0	0.0	0.0	0.0	0.0	0.0	0.0
MCT.f.0122	-0.252405076759	0.23926608822	0.024226758039	-0.00352990046361	-0.0671001452016	0.020359149852	-0.0168823993125	-0.00847589635441	-0.0111106048064	-0.0116016624244	0.0	0.0	0.0	0.0	0.0	0.0	0.0
MCT.f.0123	-0.247822511352	0.229119315004	0.0178467796571	-0.00763612567072	-0.0857038997574	0.0212897998032	0.0102421672927	-0.0220311645309	-0.0121417809003	0.00859975355357	0.0	0.0	0.0	0.0	0.0	0.0	0.0
MCT.f.0124	-0.228059308784	0.0412474958179	-0.196036605088	0.071445698039	0.00647013371279	-0.0215821339918	0.0587809877149	-0.00252461169681	0.0105066848188	-0.0092531502312	0.0	0.0	0.0	0.0	0.0	0.0	0.0
MCT.f.0125	-0.199866900136	-0.062719382948	-0.205668683588	0.0783190814283	0.0339885276357	-0.042187665668	-0.0430093157234	-0.000216309169689	-0.000522624803186	0.00508069947124	0.0	0.0	0.0	0.0	0.0	0.0	0.0
MCT.f.0126	-0.173391270756	-0.230455075633	-0.135709485803	-0.0100214069546	0.0106812313284	0.026391301157	-0.00669472141257	-0.0351686231829	-0.0159194193073	-0.000685720391899	0.0	0.0	0.0	0.0	0.0	0.0	0.0
MCT.f.0127	-0.0912144649326	-0.295244099372	-0.0215133378402	-0.00742558862086	0.0267254181446	-0.00831174051385	0.0163014187842	0.0238063186084	0.0163452043307	0.00974303368983	0.0	0.0	0.0	0.0	0.0	0.0	0.0
MCT.f.0128	-0.0812310716604	-0.287421316671	0.0241790028202	-0.0354517193045	-0.0112566036483	0.0235616628759	0.00679588056591	0.0364936535776	0.0116855649916	-0.00815141341586	0.0	0.0	0.0	0.0	0.0	0.0	0.0
MCT.f.0129	-0.0547173621514	-0.273044495671	0.0811494681967	-0.0774698870369	0.0239958744693	0.0110153734805	-0.0211669605089	0.0117349931682	-0.0401692183954	0.00194173861767	0.0	0.0	0.0	0.0	0.0	0.0	0.0
MCT.f.0130	-0.0141551656057	-0.230867058329	0.174328002362	-0.0396704946276	-0.0350745446277	-0.00266700779778	-0.0275503440429	-0.0418453834458	0.0335189607405	-0.00267558585156	0.0	0.0	0.0	0.0	0.0	0.0	0.0
MCT.f.0131	0.136195914064	-0.120820826028	0.198990551414	0.10197014412	-0.0247926289325	-0.00859636308364	0.0612971357903	-0.00436410047414	-0.0145449914946	-0.000765043435021	0.0	0.0	0.0	0.0	0.0	0.0	0.0
MCT.f.0132	0.267998230116	0.0495746887907	0.0783036505017	0.178522910159	-0.0176522159435	-0.0848059606892	-0.0353889353106	0.00446376638158	0.000101439869611	-0.000540870858349	0.0	0.0	0.0	0.0	0.0	0.0	0.0
MCT.f.0133	0.36240720565	0.105640606135	-0.0416180570088	0.0558420640428	0.0336997496842	0.0888185810064	-0.0204005757072	0.0162277602479	-0.0039833167376	-0.0168055906181	0.0	0.0	0.0	0.0	0.0	0.0	0.0
MCT.f.0134	0.364826694825	0.101451767853	-0.0511570754675	0.0303800765998	0.02117212847	0.053059453794	0.00944273831267	-0.00595399918135	-0.00721896058314	0.0208365804659	0.0	0.0	0.0	0.0	0.0	0.0	0.0
MCT.f.0135	0.349254290842	0.0828655435443	-0.0782665314178	-0.0822231607274	0.0116878549816	0.0207761917512	0.00633979558482	-0.021514470483	0.026853719615	0.0009244324104	0.0	0.0	0.0	0.0	0.0	0.0	0.0
MCT.f.0136	0.33980723482	0.103148169666	-0.0835180193081	-0.182308272972	-0.0443464578025	-0.0940256497405	0.00967599760534	0.0107708776812	-0.0124794700315	-0.00419536528803	0.0	0.0	0.0	0.0	0.0	0.0	0.0

Biplot	0	0

Site constraints	0	0
