Eigvals	9
0.481375793992	0.418161718676	0.179656890206	0.125940708765	0.113754138059	0.0391050926354	0.0121820574794	0.0	0.0

Proportion explained	9
0.351323956578	0.305188236152	0.13111953339	0.0919156896748	0.0830215277936	0.0285401884318	0.00889086797951	0.0	0.0

Species	0	0

Site	9	9
MCT.f.0462	-0.377967214707	-0.0832462743141	-0.0427358009919	0.202481934594	-0.059475643348	0.0896308035703	-0.00597931306711	0.0	0.0
MCT.f.0463	-0.34635969554	-0.0191109981987	-0.00477882365575	-0.0181240864778	-0.00387555814773	-0.152296159863	0.0206193178427	0.0	0.0
MCT.f.0464	-0.217725937766	-0.0367250213239	-0.0474776485389	-0.25684435306	0.106998521738	0.0692445266394	-0.0166763408731	0.0	0.0
MCT.f.0467	0.171044909696	0.319303471634	-0.191471714178	0.0636822068247	0.127635862154	0.013284157175	0.0492170998083	0.0	0.0
MCT.f.0468	0.10071587639	0.313476058093	0.0244815941681	0.0331245715702	-0.0235599064359	-0.0304949459097	-0.0847107621777	0.0	0.0
MCT.f.0470	0.0517105909835	0.171897226554	0.30975457386	-0.0238325391197	-0.0586467941284	0.024887894359	0.0375256758201	0.0	0.0
MCT.f.0472	0.186878592713	-0.268720810483	0.149371417981	0.0515251253221	0.129720961957	0.00560145309401	-0.00228760393286	0.0	0.0
MCT.f.0473	0.23782444378	-0.318399309192	-0.0812470238644	0.0407622483315	0.0279037993243	-0.0336788970189	-0.0134960413188	0.0	0.0
MCT.f.0475	0.193878434451	-0.0784743427697	-0.115896574781	-0.0927751079851	-0.246701243114	0.0138211679537	0.0157879678985	0.0	0.0

Biplot	0	0

Site constraints	0	0
