Eigvals	15
1.01287624403	0.820241040899	0.438228491044	0.264943892527	0.128864786268	0.0603938974787	0.039491810344	0.0277419681885	0.0138503014583	0.0077017295033	0.0	0.0	0.0	0.0	0.0

Proportion explained	15
0.359899068775	0.291451190143	0.155713026904	0.0941408792631	0.0457887297178	0.0214593911056	0.0140323813998	0.00985738245502	0.00492134219405	0.00273660804321	0.0	0.0	0.0	0.0	0.0

Species	0	0

Site	15	15
MCT.f.0086	-0.354541075923	-0.431297199786	-0.492724445798	0.0456098891764	-0.0466199025519	0.000624698579075	-0.00492309908284	4.79947150532e-05	-0.00232790190619	0.00124035519557	-0.0	0.0	0.0	0.0	0.0
MCT.f.0410	-0.296899188206	-0.21327631107	0.156583959933	-0.166034651395	0.132339742514	-0.0229191996668	0.0488145262855	0.0546856008895	0.0358240619329	0.0128657789201	-0.0	0.0	0.0	0.0	0.0
MCT.f.0411	-0.297185618725	-0.129481609486	0.197648171531	-0.100619831912	0.0418962621532	-0.0243888245307	-0.0215234658869	0.00854667760967	-0.0578829049367	-0.0203093798104	-0.0	0.0	0.0	0.0	0.0
MCT.f.0412	-0.304496145934	-0.0331886508828	0.191675205923	-0.0501850975159	-0.0444610186867	-0.0229320440201	-0.0361836930887	-0.0870080459289	0.0019690452131	-0.00631944430359	-0.0	0.0	0.0	0.0	0.0
MCT.f.0414	-0.297002982703	0.137125176393	0.135214257561	0.0910104511767	-0.11870636168	0.101082831352	0.00160507357086	-0.0231115780066	0.038472119719	0.0182929964794	-0.0	0.0	0.0	0.0	0.0
MCT.f.0415	-0.158512063957	0.303261800582	0.0220748687017	0.116708368894	-0.0960925022935	0.0458666134758	0.0246027693234	0.0944261794394	-0.00612483781334	-0.00244761851938	-0.0	0.0	0.0	0.0	0.0
MCT.f.0416	-0.0952250698788	0.341933026804	-0.0674870570156	0.152639603441	0.03575164048	-0.0649607165362	-0.00954794439931	-0.0115448358991	-0.0581398366665	0.0094112198736	-0.0	0.0	0.0	0.0	0.0
MCT.f.0418	0.00724096810213	0.345875984493	-0.137340662542	0.0246695528049	0.0666799807077	-0.080011207131	-0.0106146807788	-0.0481588721204	0.0524336909229	-0.00644836806779	-0.0	0.0	0.0	0.0	0.0
MCT.f.0419	0.0908496266011	0.275153735527	-0.13909756063	-0.0809973343063	0.155973929228	0.015380463885	0.0258219648185	0.020860694624	0.00268490737297	-0.00429891268833	-0.0	0.0	0.0	0.0	0.0
MCT.f.0420	0.263550538932	0.0661183691646	-0.0979749248556	-0.204726545099	-0.00187437980243	0.11996370747	0.0558072702019	-0.0454914536567	-0.0156858232677	-0.0203256250711	-0.0	0.0	0.0	0.0	0.0
MCT.f.0421	0.292155212795	0.0352131162131	-0.0472939378473	-0.185764308076	-0.0684643349748	0.0372848019094	-0.106496592789	0.0224017511906	-0.0124239121218	0.0236584248957	-0.0	0.0	0.0	0.0	0.0
MCT.f.0422	0.291339729128	-0.0728960251207	0.0322431992484	-0.0835903823858	-0.105789380989	-0.108272942812	-0.0447834397441	0.0366413442353	0.0256455317901	-0.00475527822915	-0.0	0.0	0.0	0.0	0.0
MCT.f.0423	0.293982694721	-0.141258903428	0.065986620981	0.0505042749087	-0.135523036002	-0.064284324723	0.109821647462	-0.00840901935509	-0.00647574957184	-0.0204411191367	-0.0	0.0	0.0	0.0	0.0
MCT.f.0424	0.311475321352	-0.232141204828	0.0841343964809	0.132264451656	0.0733731568216	0.0050755068591	0.0327206755876	-0.0255012481516	-0.0139968764106	0.0598491436633	-0.0	0.0	0.0	0.0	0.0
MCT.f.0425	0.253268053696	-0.251141304576	0.0963579083271	0.258511558633	0.111516205075	0.0624906358893	-0.0651210114796	0.0116148104149	0.0160284857437	-0.0399721732012	-0.0	0.0	0.0	0.0	0.0

Biplot	0	0

Site constraints	0	0
