Eigvals	15
0.834694673697	0.645602740036	0.547605909446	0.336027921168	0.3109147571	0.25552519318	0.19316280353	0.107780745435	0.0616196543977	0.0491659296294	0.0254330532506	0.0106190627804	0.0	0.0	0.0

Proportion explained	15
0.247086147715	0.191111191933	0.162102190052	0.0994709169503	0.0920369232255	0.0756405157677	0.0571800138544	0.0319052343648	0.018240637575	0.0145540884994	0.00752868725577	0.00314345280669	0.0	0.0	0.0

Species	0	0

Site	15	15
MCT.f.0393	-0.293235733579	0.108039346546	0.164553452265	-0.103530620573	0.135250795761	-0.0191921731767	0.13587534036	-0.102706866887	-0.040444377205	0.1304500487	-0.019305559678	0.0237938892936	0.0	0.0	0.0
MCT.f.0394	-0.317976547453	0.0403890460226	0.142760482886	-0.185299953038	0.168952764585	0.0485793948085	0.0952700080777	0.0196364475003	-0.00417674185677	-0.0804088028912	0.0130954054443	-0.0468954377652	0.0	0.0	0.0
MCT.f.0395	-0.379613797459	0.0140894668136	0.0556421687402	-0.00709066531805	0.0326412396229	0.156395513321	-0.106931558536	0.138778320221	0.0708984166271	-0.0400017017122	0.0120530469466	0.0290883851836	0.0	0.0	0.0
MCT.f.0396	-0.248022515542	0.0660841154812	0.0216015406319	0.241489515795	-0.130314539572	0.083065395088	-0.211512159742	-0.00121720056026	-0.00519872559244	0.0852412725741	-0.00508544538831	-0.0218350713407	0.0	0.0	0.0
MCT.f.0397	-0.087964146655	-0.0468199009017	0.265458682745	0.20774895358	-0.154211962874	-0.115708146179	0.00815382368914	-0.12244501674	-0.0709714419024	-0.0898969696157	-5.56305974559e-05	-0.00526774813535	0.0	0.0	0.0
MCT.f.0398	0.0321092470033	-0.236246512977	0.19254730919	0.0882964214912	-0.0199822892305	-0.2690165102	0.0716933152946	0.0919201428635	0.0699281220425	-0.00337640207306	0.00780553360997	0.0287471787657	0.0	0.0	0.0
MCT.f.0399	-0.0125993605575	-0.45740364565	-0.241030947976	-0.0489319440557	-0.0297643008219	-0.087734428623	0.0438215353688	0.0482371955349	0.0187176434264	0.0639259476343	-0.000815171356185	-0.0343606318246	0.0	0.0	0.0
MCT.f.0400	-0.14431788963	-0.285361719573	-0.378504657768	-0.0694601439449	-0.0629647523144	0.104569279814	-0.00545224109115	-0.0982918407695	-0.0638865224591	-0.0542544458166	-0.00211543014372	0.0288560596975	0.0	0.0	0.0
MCT.f.0402	0.102113314656	0.198796672833	-0.143699089802	-0.136206282657	0.170930693202	-0.234688465198	-0.230152088964	-0.0333184233182	0.00948772870602	-0.0271674363793	-0.0622321492207	-5.59454488206e-05	0.0	0.0	0.0
MCT.f.0403	0.069890667834	0.337223530422	-0.180554344482	-0.0754084090752	-0.0981707945469	-0.11901442307	0.0111988535735	0.0620525772543	-0.0693721973762	0.0152513281249	0.107662770633	0.00863298389284	0.0	0.0	0.0
MCT.f.0404	0.0550739838631	0.315613942129	-0.139767964893	-0.018969961954	-0.280892828729	0.0376465940133	0.179930752825	0.0506415437771	0.0453476882865	-0.0119609558508	-0.0780855293156	-0.00989756966414	0.0	0.0	0.0
MCT.f.0405	0.335505004066	-0.0636476880576	0.205450767457	-0.226674395568	-0.131084172727	0.130543483058	-0.0668536433973	-0.10456629666	0.0900921065598	0.00802150011454	0.0227419150221	0.0234340090698	0.0	0.0	0.0
MCT.f.0406	0.378154045335	-0.0924289057705	0.202591999819	-0.0823958413672	-0.00466263584056	0.0951207069165	-0.0572707919759	0.0551479998635	-0.0672054467041	0.0198328781108	0.000947890004144	-0.0394238911905	0.0	0.0	0.0
MCT.f.0407	0.317937217187	-0.014220294439	0.0105223491155	0.15844865266	0.189489501486	0.129029093359	0.0531908745509	0.0996709313958	-0.0936404377912	-0.00788894678547	-0.0341272980104	0.0328128110866	0.0	0.0	0.0
MCT.f.0408	0.192946510932	0.115892547121	-0.17757174793	0.257984674027	0.214783281998	0.0604046860668	0.0790379799665	-0.103539513475	0.110424185239	-0.00776731413442	0.0375156520501	-0.0176290216202	0.0	0.0	0.0

Biplot	0	0

Site constraints	0	0
