Eigvals	13
0.522529712062	0.402505807663	0.160228653598	0.12627890827	0.090684439323	0.0303805061311	0.0225207137311	0.00639017267761	0.00288847695308	0.0	0.0	0.0	0.0

Proportion explained	13
0.382971915672	0.295004124496	0.117434612803	0.092552201899	0.0664643419263	0.0222664479427	0.0165058573337	0.00468347849955	0.00211701942791	0.0	0.0	0.0	0.0

Species	0	0

Site	13	13
MCT.f.0258	-0.172328479239	0.16533708843	0.0742610111466	-0.220051624365	0.0852943820268	-0.0671164086523	0.0447080520861	0.00258079481881	0.00221800002904	-0.0	0.0	0.0	0.0
MCT.f.0259	-0.131165323977	0.273309292999	-0.000496873450818	-0.0781363489784	0.0167811549202	0.0534254961895	-0.0703979281575	-0.0061399400967	-0.0133351880958	-0.0	0.0	0.0	0.0
MCT.f.0260	-0.11387003121	0.28899181523	-0.050961239801	0.122141012822	0.0221713414884	0.0576406428332	0.0259045960423	0.0130084832283	0.00994822057346	-0.0	0.0	0.0	0.0
MCT.f.0261	-0.150215346068	0.147415161102	-0.0833494608346	0.18480531286	-0.0272738893348	-0.0638471151199	0.0323367788765	-0.0112392124794	0.0011686160016	-0.0	0.0	0.0	0.0
MCT.f.0263	-0.112095129185	-0.0318351442501	0.11068070915	0.0205077189294	-0.141238451407	-0.0509788654381	-0.0594357042057	-0.0255549129993	-0.00260422893123	-0.0	0.0	0.0	0.0
MCT.f.0264	-0.113319256001	-0.161480867925	0.104213822198	0.00109825433419	-0.125004632596	0.0205133909427	0.00384999193864	0.0307538160044	-0.00629145278443	-0.0	0.0	0.0	0.0
MCT.f.0265	-0.159218974241	-0.214554256288	0.0334936242643	-0.0458659839742	-0.0428013514096	0.0443606729894	0.0545700804626	-0.0107026954232	0.0254565463691	-0.0	0.0	0.0	0.0
MCT.f.0266	-0.144635805737	-0.234648793167	-0.0416186908379	0.0231781375373	0.0812208274233	0.0484480182179	0.0230211957159	0.00136367876102	-0.0335807787524	-0.0	0.0	0.0	0.0
MCT.f.0267	-0.060840475875	-0.25247522793	-0.0957372373302	0.0484288777186	0.14404819949	-0.0587486006233	-0.0505883587765	-0.00225080992092	0.00833573716836	-0.0	0.0	0.0	0.0
MCT.f.0269	0.246151653264	0.000426200069213	0.187104462446	0.0615668799359	0.0925516625763	0.020158659351	-0.0385120367033	0.0246343392721	0.0167774619607	-0.0	0.0	0.0	0.0
MCT.f.0270	0.405969137956	0.0216976755727	0.0904111085028	0.019044837388	0.021534539501	0.0152364356893	0.0396882486069	-0.0463491467973	-0.00957152375951	-0.0	0.0	0.0	0.0
MCT.f.0271	0.328671443442	0.0364835195443	-0.0831780413705	-0.0249277760539	-0.0657654777321	-0.0543558250821	0.0215446985902	0.0386962853821	-0.0122924673328	-0.0	0.0	0.0	0.0
MCT.f.0272	0.176896586871	-0.0386664633869	-0.244823194082	-0.111789298154	-0.0615183049466	0.0352634987027	-0.0266896144762	-0.00880067974987	0.013771057554	-0.0	0.0	0.0	0.0

Biplot	0	0

Site constraints	0	0
