Eigvals	12
853.070586549	199.041232975	181.395471882	104.360284607	80.1108435917	58.4708713939	52.5096531295	43.825592941	28.7131273545	25.8951179844	20.4234982776	0.0

Proportion explained	12
0.517697632041	0.120790912984	0.110082339887	0.0633324757316	0.0486163685423	0.0354838534364	0.031866206048	0.026596164545	0.0174249567085	0.0157148089189	0.0123942811568	0.0

Species	0	0

Site	12	12
sample1	-1.18080608362	1.09074224335	1.68802011481	-0.569442753631	-1.86221193574	-5.13568527095	-4.33928375407	0.64891288706	-0.137507281829	0.264111111716	0.704743745476	0.0
sample2	-0.10102305374	7.90504272785	0.612902516135	-4.03183054491	2.48276753265	-0.635997542164	1.83538501436	0.163567648875	2.21083398342	1.77121815341	-0.315061260276	0.0
sample3	-2.99242295324	1.43001229308	0.232163709357	-5.80814058005	-2.58527787907	2.4908740672	-0.442379550366	-2.62849987204	-2.14612288319	-0.798569903334	0.862164880323	0.0
sample4	26.8043184885	0.0929634487469	2.76148289099	1.07855855376	-0.615504834723	0.690460182674	0.0934716710841	-0.0990338083596	-0.250741185955	-0.191666948561	-0.297647807029	0.0
sample5	-4.12916116604	-3.43454272841	0.978594498669	1.34693615891	-3.01155313379	1.15847056508	-0.357360824258	-1.99813152055	3.90469253627	-1.13843598741	-0.286098115208	0.0
sample8	-1.26175753759	-5.69222396735	1.04559947411	0.0583286634515	2.43629255773	2.0108590812	-0.335648091131	1.71802790169	0.345314927052	1.6358903392	2.94865582877	0.0
sample9	-5.8668061014	-3.36295693508	3.78856127219	1.41492670101	1.88290974378	0.94792854066	-1.32568943845	-1.46529367696	-1.25924964053	2.22011822051	-2.60997970498	0.0
sample11	-4.13494801449	1.23175528259	3.470925767	1.74280828946	5.1344342082	-1.03794542957	0.736697850734	-0.753694204439	-0.564096947572	-3.24122765211	0.347321323736	0.0
sample13	-3.19811070848	1.12386991115	-1.51547922628	4.47417125582	-2.64986902012	-2.20327831446	4.08041137272	-1.59880370677	-1.21844228115	1.16291802384	0.946257228976	0.0
sample14	-6.3389819847	2.79337817185	2.7636472212	1.04209647631	-3.07551127667	1.99801662916	0.697373678502	4.71208612295	-0.580383352811	-0.842672894366	-0.862797484643	0.0
sample16	0.571002373136	3.98628348262	-9.7661924859	3.13587259221	1.31037393162	1.95119312755	-2.58244616487	-0.122094357174	-0.142366918607	-0.11233392032	-0.164933992985	0.0
sample17	1.82869674169	-7.1643239304	-6.06022575228	-3.88428481234	0.553150106156	-2.23489563638	1.93946823574	1.42295658572	-0.161930955108	-0.72934854257	-1.27262464215	0.0

Biplot	0	0

Site constraints	0	0
