Eigvals	8
206.761663941	111.926148762	92.1155293213	48.9676432029	39.4148987253	22.6786557512	15.941320429	0.0

Proportion explained	8
0.384454092579	0.208116268451	0.171280263288	0.0910507802775	0.0732883399888	0.0421688520567	0.0296414033589	0.0

Species	0	0

Site	8	8
sample1	-6.08301550467	5.22256981052	3.79996442385	-2.51758956991	-2.35682475055	0.640807722074	0.336841839238	-0.0
sample3	-7.69431377345	0.684068264411	-6.59440842043	1.66807292939	-0.167801410692	-1.07830083178	-0.239453960886	-0.0
sample4	-3.170165814	-2.97115032018	1.04179823846	0.488380572926	3.10875062388	3.30658243151	-0.238545601939	-0.0
sample5	0.191156650459	-4.6751873799	0.51799362052	-4.44104140513	1.48203827423	-2.22394418399	0.0252572575104	-0.0
sample8	-0.217704491331	-3.47375111504	4.14226762967	4.10099358992	-1.28750521156	-1.27396043757	1.40376786106	-0.0
sample10	7.14033016783	-1.14145820774	-3.85130262615	-1.15660403315	-2.69697338135	1.66542198306	1.39224197787	-0.0
sample11	4.1796433237	0.0202765279493	0.91890652976	0.973531565825	-1.40727902108	-0.136209678591	-3.36645331623	-0.0
sample13	5.65406944147	6.33463241999	0.0247806043244	0.884256350129	3.32559487711	-0.900397004714	0.686343943388	-0.0

Biplot	0	0

Site constraints	0	0
