Eigvals	12
240.416836772	125.504301137	93.6750713187	79.2307113458	57.2362848181	50.7725921487	36.7866096016	35.5689745018	22.1590093741	20.4125593665	13.618863152	0.0

Proportion explained	12
0.310062517039	0.161861290717	0.120811540435	0.102182834266	0.0738169039033	0.065480762203	0.0474432195331	0.0458728511308	0.0285781907536	0.0263258165334	0.0175640734852	0.0

Species	0	0

Site	12	12
MCT.f.0035	-5.94804120655	4.31043096828	1.202280645	-1.07250412987	-0.9082055604	4.86291745836	-0.430924773859	-1.49548048024	-0.640568418289	0.710981914547	0.0435729215931	-0.0
MCT.f.0036	-10.2023843488	1.4766504065	-4.35386148335	-0.0907725021602	1.11262145428	-3.39008657935	0.446585215037	0.00465705718648	-0.464991181575	0.0793777899538	-0.0742724915243	-0.0
MCT.f.0037	3.33825520031	-1.76708922876	-3.92169697985	2.24991426045	-0.871121617872	1.6231848604	-0.368483926562	-0.237640613846	-1.32833621333	-2.16793860807	-1.79678157254	-0.0
MCT.f.0038	3.06789233937	0.701077374662	-3.43001142665	3.55823418969	0.0837381595546	1.16117911673	-1.40397686118	1.73224605357	0.642059173093	0.526835395471	2.30872185247	-0.0
MCT.f.0039	-4.0523448865	-6.73494284835	2.41818295872	2.60199012592	-3.7012438917	-0.347136314662	0.287315476626	-0.574365720402	0.94089195843	0.9547183457	-0.129317108019	-0.0
MCT.f.0042	2.29111088932	3.10245803261	-0.842999157278	-3.75893674822	-3.45294250657	-0.458749932075	1.66389930913	1.56522458573	2.25274106932	-0.951258209994	-0.176126140202	-0.0
MCT.f.0043	2.37669037138	2.03368279981	2.97804360822	-0.853989402347	-1.45014918081	-2.06707528888	-2.61440635405	2.3349971342	-2.1365197237	1.10943730237	-0.639756734259	-0.0
MCT.f.0044	2.75849019042	-4.78800253736	-1.72270622569	-5.65967100058	1.23252256945	-0.0345917910717	-1.8171150958	-1.96508550891	-0.124390259065	0.227169411283	0.721952611382	-0.0
MCT.f.0045	-2.42166233982	-0.0404327635102	5.04109555534	0.632947860444	2.06425614826	-0.582252340426	-0.599049578319	0.128379670574	0.257543242306	-3.06051801968	0.924134578413	-0.0
MCT.f.0048	5.69341186212	2.4521317983	0.95761748614	1.41923768373	-0.522182781686	-1.85498606455	2.93741446007	-2.99018661842	-1.38313542626	0.454877347485	0.772165449696	-0.0
MCT.f.0049	0.457393660516	-2.90196642182	0.876868060779	-0.891479855702	3.39122927454	1.69976045307	3.24246174764	2.76148117103	-0.567537729435	0.982892257916	-0.379365590075	-0.0
MCT.f.0051	2.64118826825	2.15600241964	0.797186958635	1.86502951864	3.02147793294	-0.612163577544	-1.34371961873	-1.26422673049	2.55224350851	1.13342507302	-1.57492777694	-0.0

Biplot	0	0

Site constraints	0	0
