Eigvals	15
378.500373811	295.625581237	206.645296238	147.961360419	88.9589051249	80.3894407688	72.318131047	57.0593786601	55.7220487116	39.8773898108	38.9661999062	31.3115944098	27.8606848339	26.1780643197	0.0

Proportion explained	15
0.244608132171	0.191049801404	0.133545759613	0.0956209148252	0.0574902249196	0.051952157285	0.0467360250648	0.0368749650002	0.0360107075161	0.0257710018599	0.0251821399299	0.0202353053096	0.01800513434	0.016917730761	0.0

Species	0	0

Site	15	15
MCT.f.0393	-1.13805801389	5.59213875826	0.439019156723	-2.40068672651	2.66725690472	-2.31836049657	-1.67714524179	0.98290155466	3.2817256687	-0.654708236532	0.401629988934	2.26047162146	2.02425770978	1.28581798123	-0.0
MCT.f.0394	-5.03343683842	3.12110738411	-2.23294575016	-4.26815172987	-1.7470337729	-1.06864578957	2.87391420297	2.11490503178	-1.67984552077	-1.32570162083	0.447275004797	-0.775877327768	-1.88498635191	2.27940681092	-0.0
MCT.f.0395	-4.52331588486	2.02670885482	-4.73864500467	-0.808823072456	-1.78144533344	-3.21964181194	1.27661428046	-0.0525767722615	-1.83002589547	1.85597406231	-2.16177593568	0.397216737945	1.57988835345	-2.31118270474	-0.0
MCT.f.0396	-3.08178882448	3.8619046654	0.134156168441	-3.92014104776	4.56249898402	1.32402712317	-2.18947625699	-1.54118994438	-0.0993244659203	1.07864690507	0.768079356108	-0.849499092913	-2.30568114597	-1.85725313436	-0.0
MCT.f.0397	4.83296029098	-7.4519932425	3.08264374496	-5.57483121356	-1.62443043397	-1.29312002129	0.369693057103	-3.12894083828	-0.314029086467	2.13257359878	1.10563266131	0.189531732645	0.572573301009	1.0696770536	-0.0
MCT.f.0398	8.55941348782	-2.16583321597	2.34657039331	-1.27081008979	-0.0130393442385	0.447065881073	-3.0706645104	2.80612507689	-2.11444854224	-0.846484221316	-3.08732973753	1.14190441221	-0.924311658743	-0.0948464121953	-0.0
MCT.f.0399	11.2395200082	0.4867811455	-6.17685253809	1.79973780538	0.649907610444	-1.22172334689	2.0114557071	0.0179894349976	3.23275082003	0.0979222240598	-0.270036280724	-1.76031936138	-0.803317983875	-0.176917610054	-0.0
MCT.f.0400	-0.249727149556	2.51924383479	-2.18756788327	-0.849542404779	-2.40871121463	4.18798586219	0.0833653879878	-3.97656005785	0.230235603782	-3.19485098634	-1.18115709664	0.576279973545	0.719377228664	-0.172770461291	-0.0
MCT.f.0402	-1.4570518852	-3.2539143834	-3.71216720612	-0.619391927301	-2.64947176723	4.30330344419	-1.69671005452	3.42453114768	0.864142503416	1.1699919235	2.56721966204	0.0823576296678	0.909572570225	-0.745807520285	-0.0
MCT.f.0403	-6.51964328441	-2.16773705217	0.444565858274	4.05126464458	0.882381970211	2.37837759039	0.177818232813	-0.523556154727	1.5547357005	2.7651694092	-2.75781527969	0.0156182141719	-0.63199958055	2.07356377278	-0.0
MCT.f.0404	2.57869153741	-0.967896503473	-3.43499402655	4.58651802709	4.07714600508	0.323979486401	0.796920426608	-0.793477342927	-4.17135267704	-0.153953766508	1.94394863419	1.09979821669	0.79032827102	0.949631465514	-0.0
MCT.f.0405	-4.3771587712	-3.08506962896	-0.181566695535	3.7321033458	-1.89756804864	-3.74384049388	-4.81181267	-0.950198118393	0.055096123168	-1.58599427164	0.775067436842	-1.94435191669	-0.260987355506	0.310068501749	-0.0
MCT.f.0406	-4.3911621066	-8.70957905785	3.23764970353	1.19704444591	1.49293942582	-0.88582434376	3.30681727004	0.784188868646	1.64179732635	-2.09799791989	0.25268231075	1.44062384355	-0.852090713155	-1.74145084425	-0.0
MCT.f.0407	0.588333162136	2.33796630662	6.99574539156	0.0910148448798	1.46823618376	1.24741104706	1.67490498844	1.21359794143	-0.660041509614	-0.44430938768	-0.340848264832	-3.29503272157	2.3826720401	-0.259919936909	-0.0
MCT.f.0408	2.97242427201	7.85617213482	5.9843886876	4.25469509839	-3.678667169	-0.460994130589	0.874305180189	-0.377739827266	0.00858395158643	1.20372228782	1.53742754013	1.42127803844	-1.31529468454	-0.608016961718	-0.0

Biplot	0	0

Site constraints	0	0
