Eigvals	12
347.631616942	252.743881986	181.487254329	118.832015267	83.5660871943	68.3174323652	60.6594007158	46.2330786659	40.0604264015	36.4644068295	29.5563396962	0.0

Proportion explained	12
0.274687751523	0.199710398222	0.143405615002	0.0938973830105	0.0660313374167	0.0539823220089	0.0479311822611	0.0365319487809	0.0316545098805	0.028813046439	0.0233545054556	0.0

Species	0	0

Site	12	12
sample1	-2.24823063278	4.19138933641	0.813104681288	-6.59603976334	3.65706075754	-2.69705254848	0.889796340989	-2.15158063745	0.542085445063	-0.0662493381503	-1.49573136171	-0.0
sample2	2.00267670655	-7.54617002963	-6.15488043757	-2.69155112007	-1.13898486896	-0.124711759963	3.02415023662	1.10752473532	1.9000910515	1.99193708295	0.732212100637	-0.0
sample3	6.75944728636	-2.85763371808	-3.60143467749	-0.0115604152575	-0.441856346367	-2.54272945621	-4.35821209014	0.626465895682	-2.7274242084	0.489875817237	-1.44448552576	-0.0
sample4	11.0663443028	-2.79767854702	5.01638078666	1.81039505989	0.715239698034	1.58718988225	2.07609346076	-3.24222081772	-0.787987657995	-0.155518203832	0.532609587455	-0.0
sample5	0.308530542239	2.79290147235	3.01528784628	-4.04114075636	-2.46182168354	2.23081652978	1.94271526611	3.44639957987	-2.72524125659	-1.32259987676	0.0653541648303	-0.0
sample7	-2.28772743592	-2.7385866667	3.85504991983	-2.63820507051	-3.65428066668	1.74987912141	-4.04498390333	-0.997018377577	2.91138781491	-0.872558673759	0.305637372241	-0.0
sample8	-7.67396819205	1.32316784503	2.31163023595	1.52994330376	0.48622158653	1.80785804212	-0.732704476032	-0.666925437306	-1.6509928721	4.47300110566	0.396565969782	-0.0
sample9	1.83124026136	-0.643712486922	4.72229005943	2.90668069402	4.47527137058	-1.35742461357	-0.628466453747	3.85021519615	2.15580755475	0.0547778619133	0.212253136626	-0.0
sample10	-5.67062996782	-0.599512682532	1.76286298746	3.17236160658	-3.38400511706	-5.42899981433	1.70265944184	-0.737305682437	-0.614230190971	-1.1160470735	1.20762258594	-0.0
sample11	-7.56555599885	-5.40774304067	-2.81632180598	2.95752888557	2.03799939664	2.66688383375	0.745780841072	-0.622095343599	-0.613747564423	-2.45899591109	-2.25748745082	-0.0
sample12	-0.184427539916	4.57666964986	-5.54691669384	0.153807482806	2.39050741436	1.26007874478	-1.47131189827	-0.633273891377	-0.37165641838	-1.48263675766	3.70423326143	-0.0
sample13	3.66230066806	9.70690886791	-3.37705290202	3.4477800929	-2.68135154108	0.848212038486	0.854483234125	0.0198147804488	1.98190830263	0.465013966986	-1.95878384066	-0.0

Biplot	0	0

Site constraints	0	0
