Eigvals	13
0.727567049209	0.547244376772	0.449778676602	0.39623465396	0.336608412724	0.318759288068	0.291239464366	0.237130074998	0.203583498936	0.154254861471	0.120685234073	0.105949103664	0.0

Proportion explained	13
0.187081655552	0.140714706788	0.115653037809	0.101885091045	0.0865532038504	0.0819636010165	0.0748873402319	0.0609740189029	0.0523480798992	0.0396640486842	0.0310321824162	0.027243033806	0.0

Species	0	0

Site	13	13
sample1	-0.243663391463	0.141188177735	0.129425480284	0.0297710265985	-0.188155715099	-0.244008690238	0.117289481506	0.0192656327134	0.170725360206	0.0480934845605	-0.090157291155	-0.145308167685	0.0
sample2	0.165450805323	-0.201637264218	-0.319411495922	0.11189354307	-0.00287456953962	-0.150597919877	0.194904353493	-0.233127649695	0.0391619284689	-0.115907070964	0.0557675356641	0.0127384700818	0.0
sample3	-0.186416454935	-0.0025306170125	-0.0813739594168	-0.348360090561	-0.028802012752	-0.243593517934	-0.119896291557	0.141067854588	-0.0054181708899	-0.0805034080022	0.0744410966205	0.123663251712	0.0
sample4	0.08182008774	-0.283039762885	0.259054627152	0.0931671732005	-0.0186506014558	-0.000154828851948	-0.033448916056	0.0499921927142	-0.106510584093	-0.177242290744	-0.191786115745	0.0421940314749	0.0
sample5	-0.0456774153291	-0.318042427097	0.0259836697183	0.162830305038	-0.177151355055	0.0886871767376	0.127352663963	0.220862370788	-0.0656179215747	0.123367084972	0.142203670755	0.00542942579879	0.0
sample6	-0.109057694307	-0.306064770966	0.0304217054355	-0.265873967276	0.27852970006	0.0577763343774	0.0259457494254	-0.111730380485	0.00636361289352	0.178105691747	-0.0582663626683	-0.0516907582698	0.0
sample7	-0.312648291105	0.155398695155	-0.120278449902	0.163110422264	-0.112987329274	0.108647548743	-0.0672265068842	-0.13180362964	-0.00216214564182	0.122270832415	-0.0947363383854	0.181301465418	0.0
sample9	-0.0276404440844	0.176323436867	0.39816421694	-0.0755687007737	0.026635064121	0.165680166672	0.126186839257	-0.143149627441	0.0747595415154	-0.0868500852799	0.143435490638	0.0484887198447	0.0
sample10	-0.410837601149	0.153912772586	-0.182646865938	0.0733753458373	0.13717396902	0.14900807906	-0.0408741064884	0.0468430692391	-0.154074051114	-0.13300958962	0.0304783301783	-0.138290316801	0.0
sample11	0.144892329342	-0.0458751775169	0.0143947399466	0.244355203243	0.182948541135	-0.0257081350035	-0.31653326313	0.0525001835742	0.226233067158	0.00210297050566	0.0587340567424	-0.0147521090301	0.0
sample12	0.312690440802	0.0418621666763	-0.0166052887164	-0.146810845463	-0.291865754058	0.0644299445956	-0.240065082774	-0.143079954443	-0.122255238709	0.0407987660741	0.0237987895273	-0.0983366730131	0.0
sample13	0.325296357561	0.174952784857	-0.208966822175	-0.154643612538	-0.0050138048425	0.237720867725	0.141028202129	0.18123835377	0.142384805896	-0.0266225786789	-0.0949309440935	0.0114753672636	0.0
sample15	0.305791271603	0.31355198582	0.0718384425928	0.11275419736	0.200213867739	-0.207887026007	0.0853368771166	0.0511215843174	-0.203590204115	0.105396193013	0.00101808192238	0.0230872932044	0.0

Biplot	0	0

Site constraints	0	0
