Eigvals	13
0.765558173365	0.606751588859	0.485674470782	0.419249841246	0.344870412154	0.327314146765	0.255016659131	0.230235738093	0.187852917506	0.146539060743	0.0967830952607	0.0	0.0

Proportion explained	13
0.198031207862	0.156951821814	0.125632127542	0.10844969768	0.0892095553948	0.0846681781861	0.0659665833239	0.0595563640933	0.0485929632109	0.0379060771704	0.0250354237234	0.0	0.0

Species	0	0

Site	13	13
sample1	-0.441939848937	0.0504915574639	0.0548380006436	-0.159413220116	0.0432424729067	-0.10207250725	0.0274306736072	0.0543565495672	-0.0262355006385	0.0333763553462	-0.0562084201493	0.0	0.0
sample13	-0.441939848937	0.0504915574639	0.0548380006436	-0.159413220116	0.0432424729067	-0.10207250725	0.0274306736072	0.0543565495672	-0.0262355006385	0.0333763553462	-0.0562084201493	-0.0	0.0
sample14	-0.238157948064	-0.15664223743	-0.0851488142017	0.0846168897406	0.077358654701	-0.00716703678591	-0.0675749000403	0.0490505383931	0.0987818902513	-0.0783886252952	0.248256818209	0.0	0.0
sample3	-0.153292756445	0.249917666468	-0.146359526727	0.161269663912	-0.105590894535	0.0420626634595	-0.0565540850555	-0.297070465555	-0.0913440196386	-0.168307592628	-0.034069144405	0.0	0.0
sample4	0.0107803330278	0.218548290088	-0.271885841955	0.0547035043567	0.103598229696	0.357242547327	0.170585065048	0.095787849726	0.111059323873	0.0684630834837	-0.0344058522685	0.0	0.0
sample5	0.170687103123	-0.111815866472	0.0969663762924	-0.413121375937	-0.307034089459	0.14341714043	0.0660210741465	-0.103168859408	0.0376504496602	0.00166430888116	0.0546832140665	0.0	0.0
sample6	0.235381183342	0.385745015233	-0.0121581534099	0.0871215312058	-0.256481768626	-0.185445579627	-0.0586801629048	0.248717921013	-0.00408008521408	-0.0278650964313	0.0188477947984	0.0	0.0
sample7	0.215113272012	-0.255378704237	-0.188741293135	-0.104770339815	0.132655151165	0.0756786354156	-0.0893673349953	0.130545395728	-0.28665449428	-0.075774058421	-0.0223257234927	0.0	0.0
sample8	-0.0524362939083	-0.0998973888671	0.197197701469	0.217165965547	-0.0962002681122	0.165274398085	-0.26631475238	-0.0319532821929	-0.0374676031149	0.212591552064	-0.0130295946907	0.0	0.0
sample9	0.105838626916	-0.331205899856	-0.0235213350915	0.0603746167096	-0.0055042473449	-0.0602415076529	-0.0986846700815	0.0340397691575	0.247834421342	-0.128065957706	-0.147413674692	0.0	0.0
sample10	0.081696733117	-0.105787147391	0.422865783118	0.237383356547	0.0356588594997	0.0308828081364	0.286731597775	0.0190307644937	-0.0742517931858	-0.0696594637704	0.00537661898155	0.0	0.0
sample11	0.170481684539	-0.175199581521	-0.282627543862	0.0968459371766	-0.0181151780956	-0.280084102981	0.164104088972	-0.137474938719	-0.0119378090469	0.178235748524	0.0132978817176	0.0	0.0
sample12	0.337787760215	0.280732739057	0.183736646215	-0.16276330921	0.353170605297	-0.0774749513076	-0.105127267698	-0.116217791771	0.0628807206298	0.0203533906075	0.0231985020752	0.0	0.0

Biplot	0	0

Site constraints	0	0
