Eigvals	12
1.03473226765	0.659344853349	0.52651610378	0.442681836094	0.261214171055	0.228284777462	0.177232503539	0.156571191965	0.0843789364575	0.0140326816375	0.0	0.0

Proportion explained	12
0.28862910721	0.183918219539	0.146866854081	0.123482051468	0.0728633051652	0.0636779518415	0.0494373867176	0.0436741027264	0.0235367329873	0.0039142882651	0.0	0.0

Species	0	0

Site	12	12
sample1	-0.533628179509	-0.255380440284	-0.0135605929245	0.0599682881878	-0.0964530997006	0.328834423463	-0.0581984763647	0.0297336563481	-0.00095572380863	0.000274178746706	0.0	0.0
sample3	-0.525161058447	-0.306748092289	-0.0592111868463	0.0400195988084	-0.00432056606305	-0.33454816958	0.0109023882148	0.01981620162	-0.0172785589316	0.000965011343176	0.0	0.0
sample4	-0.0336806116927	0.144838969341	0.434952739669	-0.0107793961588	0.0903310708402	-0.0345898883692	-0.114684243339	0.0825192662233	0.176215215947	0.00298232568053	0.0	0.0
sample5	-0.040196985044	0.208538380872	0.418621127413	-0.0471459261522	-0.0338950270059	-0.00156306439222	0.0459587837259	-0.0186159105979	-0.203521635422	-0.00502100898456	0.0	0.0
sample6	-0.090817719826	0.0630088631526	-0.111264848957	-0.540847895335	0.0584190230736	0.0358386683103	0.152324790256	-0.0767941264836	0.0485507711185	-0.00220364247827	0.0	0.0
sample7	0.221075169633	-0.001693120949	-0.131362522548	-0.115378174083	-0.0772852030365	-0.0401266818271	-0.309885954246	-0.163403286067	-0.0254684354886	-0.0156362522472	0.0	0.0
sample9	0.344876855067	-0.104087935913	-0.127160133889	-0.0317114247607	-0.0399138953069	-0.00197558729668	-0.0282733448568	0.194923512504	-0.0308032029829	-0.045518322088	0.0	0.0
sample10	0.348592300767	-0.143600632042	-0.0751658918709	-0.0589426589055	-0.0148059421869	0.00637785496525	0.0220232164372	0.189028057782	-0.0255259162061	0.0600809493899	0.0	0.0
sample11	0.265329949456	-0.208093637372	0.0367447342594	0.170330136621	0.0997455704192	0.0270508184805	0.0491394837945	-0.181456138472	0.00612923629097	0.0592578444365	0.0	0.0
sample12	0.258965070577	-0.195188935997	0.0546351990317	0.196587116115	0.0502913460942	0.0257569610621	0.161550433437	-0.0840489300956	0.0439709034756	-0.0662394493999	0.0	0.0
sample14	-0.188913028466	0.401211756037	-0.288932957189	0.175641578607	0.314391223198	0.0307759090905	-0.0247654561366	0.0340545799135	-0.0337078511111	-0.00176065122236	0.0	0.0
sample15	-0.0264417625158	0.397194825441	-0.138295666148	0.162258757055	-0.346504500325	-0.0418312439061	0.0939083790781	-0.0257568826754	0.0623951971182	0.0128190168235	0.0	0.0

Biplot	0	0

Site constraints	0	0
