Eigvals	12
0.872944416777	0.366698482515	0.204353684817	0.148968454022	0.0629440798767	0.0238848456252	0.00537665044287	0.00258748660277	0.0	0.0	0.0	0.0

Proportion explained	12
0.517221286881	0.217269573387	0.121079960887	0.0882641025171	0.0372944913441	0.0141518180926	0.00318567598088	0.0015330909102	0.0	0.0	0.0	0.0

Species	0	0

Site	12	12
MCT.f.0460	-0.33251523878	0.0770871992213	0.139219519264	-0.202398620014	0.0366360715677	-0.0518501303073	-0.00963758540773	-0.0117148132069	-0.0	0.0	0.0	0.0
MCT.f.0461	-0.351925372865	0.102465564553	0.101271635104	-0.069199930368	-0.0319443855605	0.065444017495	-0.00352409457476	0.0160012552027	-0.0	0.0	0.0	0.0
MCT.f.0462	-0.3626660204	0.0723296323423	-0.00338696953832	0.041463411464	-0.0421517722245	0.00846754246613	0.0284738300222	-0.00883274625618	-0.0	0.0	0.0	0.0
MCT.f.0463	-0.259465052826	0.00632976405146	-0.127763123677	0.173786302744	-0.0125183349372	0.0343006231596	-0.00239803328166	0.0124409587331	-0.0	0.0	0.0	0.0
MCT.f.0464	-0.233825572256	-0.0527691574918	-0.155011347345	0.13196549917	0.0714885325508	-0.0698338306705	-0.0184050489789	-0.0093950730088	-0.0	0.0	0.0	0.0
MCT.f.0467	0.0925862653595	-0.328185604499	-0.0809832678921	-0.128864771143	0.0812006701139	-0.0168016111315	0.0161871810119	0.0203995816704	-0.0	0.0	0.0	0.0
MCT.f.0468	0.131439438264	-0.299121222709	-0.0385885644791	-0.0457289062111	-0.0147661773083	0.0750173878676	-0.00477714845773	-0.0196998850427	-0.0	0.0	0.0	0.0
MCT.f.0470	0.175679085888	-0.198905776778	0.280963101032	0.141369249087	-0.0942539027803	-0.0481735846439	-0.000843023377649	0.00576780808286	-0.0	0.0	0.0	0.0
MCT.f.0472	0.290284483329	0.136096859819	0.119350854746	0.0725541273781	0.119673835195	0.0437071353514	-0.0169342231295	-0.0159567938571	-0.0	0.0	0.0	0.0
MCT.f.0473	0.314287287724	0.223025839212	0.00107308936999	-0.00608449980459	0.0496467944767	-0.00509454775556	-0.00637729418697	0.0253434554046	-0.0	0.0	0.0	0.0
MCT.f.0475	0.295786199472	0.169329248407	-0.0669029474546	-0.00987908477381	-0.0191799950846	-0.018755002704	0.0499639725085	-0.0114033544769	-0.0	0.0	0.0	0.0
MCT.f.0476	0.240334497091	0.092317653872	-0.16924197913	-0.0989827775295	-0.143831336009	-0.0164279991268	-0.0317285321477	-0.0029503932449	-0.0	0.0	0.0	0.0

Biplot	0	0

Site constraints	0	0
