Eigvals	10
0.671956505709	0.409736743853	0.305983823539	0.166428716451	0.0524391546858	0.0227855755445	0.00484780932012	0.0	0.0	0.0

Proportion explained	10
0.411189215854	0.250729517431	0.187240167178	0.101842444908	0.0320890038449	0.01394313897	0.0029665118144	0.0	0.0	0.0

Species	0	0

Site	10	10
MCT.f.0565	-0.30892976488	0.0203778628005	0.238845043616	-0.107496396939	0.137420612343	-0.0122463620993	-0.006030458187	-0.0	0.0	0.0
MCT.f.0566	-0.351014018636	0.0473873234733	0.155348050621	0.0223611545454	-0.0648210787623	-0.0152933135035	-0.0219320011722	-0.0	0.0	0.0
MCT.f.0567	-0.325771719886	0.0218546901269	-0.00319655840391	0.0937179638204	-0.0620729765888	0.0356067938743	0.0508289439889	-0.0	0.0	0.0
MCT.f.0568	-0.193777543727	0.0112544183534	-0.278293326962	0.128122544807	-0.0397220760777	-0.0276056720086	-0.0330118872152	-0.0	0.0	0.0
MCT.f.0570	-0.0268663133918	-0.118102313924	-0.348718776318	-0.0837299375471	0.10497386675	0.00445022971221	0.0116547961899	-0.0	0.0	0.0
MCT.f.0573	0.156201952343	-0.304854905911	0.0255755496827	-0.210014263236	-0.0766886455115	0.00348868006097	-0.000808851489756	-0.0	0.0	0.0
MCT.f.0574	0.222523703938	-0.24164356979	0.107639908166	0.0774738240716	-0.00965598184339	0.0748987602619	-0.0146806472775	-0.0	0.0	0.0
MCT.f.0575	0.324500860174	-0.108025992482	0.109179155002	0.160696756502	0.0220827615656	-0.101846418895	0.0160268326795	-0.0	0.0	0.0
MCT.f.0577	0.291071672968	0.291717232682	0.024745943154	0.105962792742	0.0506961562108	0.0617845898465	-0.00582441272037	-0.0	0.0	0.0
MCT.f.0578	0.212061171097	0.380035254671	-0.031124988558	-0.187094438765	-0.0622126380857	-0.0232372872494	0.00377768520362	-0.0	0.0	0.0

Biplot	0	0

Site constraints	0	0
