Eigvals	7
562.147643231	266.914745199	121.367744303	83.6386694774	48.2790453191	35.2064529071	0.0

Proportion explained	7
0.503015954582	0.238838278458	0.108601205557	0.0748408103702	0.0432006259564	0.0315031250771	0.0

Species	0	0

Site	7	7
sample4	1.33852146031	-4.05295484645	6.21959124955	-0.0857684331125	-2.99800797856	-3.18109303477	0.0
sample6	-1.46541220369	-10.5875218912	0.191736292553	-1.30533044516	4.43969276645	0.394044584301	0.0
sample9	-5.21808401112	-4.59162400548	-7.32751091195	-0.196712413694	-3.65968809883	0.576706453868	0.0
sample10	-7.52888496945	6.05628671324	-1.60194046157	5.70119793575	2.0893642059	-2.04431201772	0.0
sample13	20.9894611339	2.75078719398	-2.04447648358	0.715748623341	0.352792052535	0.261780213068	0.0
sample14	-4.69305229355	8.27222257116	-0.147742027093	-6.7280640228	0.802193002192	-0.491531893469	0.0
sample1	-3.42254911637	2.15280426471	4.7103423421	1.89892875568	-1.02634594968	4.48440569472	0.0

Biplot	0	0

Site constraints	0	0
