Eigvals	15
0.573350492551	0.420176653437	0.36607256321	0.293700543287	0.211055743518	0.159892299639	0.133849121819	0.124976130179	0.0911959086823	0.0537862785587	0.0337897574539	0.0210691267226	0.00370350333243	0.0	0.0

Proportion explained	15
0.230574404404	0.168975143249	0.147217041456	0.118112443822	0.0848766208278	0.0643011076768	0.0538277754087	0.050259478548	0.0366746738718	0.0216302929969	0.0135886395863	0.00847300457311	0.00148937357895	0.0	0.0

Species	0	0

Site	15	15
sample1	-0.132422528059	-0.125900456003	-0.0819195364948	0.0260937306522	-0.018351135068	0.126443392003	-0.202770055832	0.157233114487	-0.0216799674625	0.0913878555328	-0.0510829426096	-0.000876318598409	-0.000571551987437	-0.0	0.0
sample2	-0.177093617572	-0.0706488961739	0.00994745022302	-0.102640294255	-0.0336675232398	0.0690254037909	0.0123600608226	-0.00374385182215	-0.00560667099616	-0.12589489716	-0.043716477462	-0.0299495621949	0.0352413631355	-0.0	0.0
sample3	-0.174744498048	-0.0659313987979	0.00948883084192	-0.0545231860337	0.0118697370813	0.0383397640979	-0.0119759981223	-0.0312532469759	-0.00943135931423	-0.0897007453796	-0.0098030784047	-0.0140893697749	-0.0484915458973	-0.0	0.0
sample4	-0.198221192634	-0.0240273097521	0.00467224105269	-0.058078170429	-0.00628880943537	0.0694190245618	0.00941544699306	-0.0413433931201	-0.0195187619739	-0.0421161919014	0.0230492825767	0.0656147690778	0.00274877978908	-0.0	0.0
sample5	-0.128170884734	0.124808912958	0.167721405312	-0.0491926588994	0.106065330202	-0.260614983878	-0.128883325169	-0.0679526941945	-0.0964717087925	0.0191553798106	-0.0228882113797	0.0136452033566	0.00464476098424	-0.0	0.0
sample6	-0.0831454052631	-0.0733632061958	0.0337345127318	0.00192777659039	0.1297771995	-0.0504735192868	0.0311374009256	-0.0528946513517	0.254166547034	0.0431203229921	-0.0344239253119	0.00556671108596	0.0013604710247	-0.0	0.0
sample7	-0.223022383536	0.357770087181	-0.145953981864	0.305034141048	-0.148638525444	-0.0378553450021	0.0715004511184	0.0296126681226	0.0136250888791	0.000976300707487	-0.012423750821	-0.00395332337575	-0.000339637034639	-0.0	0.0
sample8	0.308242714493	-0.0927683577075	-0.322035706684	-0.135029774933	-0.130105934601	-0.136101407112	0.0204015794972	-0.0294603141301	-0.0102872175444	0.000387463503738	-0.0496882603688	-0.0325934944512	-0.00363107302264	-0.0	0.0
sample9	-0.162965611094	-0.0275323497906	0.0305354936435	-0.053324357482	0.01712563167	0.0101415467223	0.0138098271709	-0.0224929164042	-0.0108300398747	0.0574549904853	0.107443888273	-0.0955407194004	0.00340240840531	-0.0	0.0
sample10	-0.0610506455368	-0.0678701809576	0.0225443948345	-0.147222928933	-0.157607612873	0.0597030208688	0.121944618673	-0.104791775102	-0.048170663566	0.105058770945	0.00911197839893	0.0500304042237	0.00139354755165	-0.0	0.0
sample11	0.0961066661039	-0.0808362983006	-0.285232801733	0.0458810017685	0.154762643569	-0.0523542061309	-0.0140727146895	0.0811795397865	-0.00227789668004	-0.036288242411	0.0927779089344	0.0487244356612	0.0056174203273	-0.0	0.0
sample12	0.13536220077	-0.116733315869	0.301694919063	0.00529317123819	-0.0938104163149	-0.0994997323698	0.116232670842	0.223966443091	0.00645333340566	-0.0152455197059	0.00754945368206	0.00683832596135	-0.00296131416331	-0.0	0.0
sample13	0.314784635823	-0.148510872279	0.157238458505	0.267559695681	-0.122059070096	0.045817472475	-0.126837246952	-0.13629051287	0.0169674429689	-0.0283746666188	0.0275683716695	0.00209981370166	0.00306394369673	-0.0	0.0
sample14	0.3184515055	0.434442154814	0.0768117183177	-0.20316912917	0.0288694935835	0.120291259559	-0.0574568544354	0.0272101593177	0.0407361888125	-0.00789403396421	0.0122677995552	0.00213423864819	-0.00151012567217	-0.0	0.0
sample15	0.167889043788	-0.0228985131266	0.02075260225	0.151390983156	0.262058991467	0.0977183097001	0.145194139157	-0.0289785688336	-0.107674314896	0.0279732131635	-0.0557420367317	-0.0176511139209	3.25528629682e-05	-0.0	0.0

Biplot	0	0

Site constraints	0	0
