Eigvals	17
1.23766842427	0.812593986144	0.445940274043	0.144277513911	0.0715068801964	0.0497442698192	0.0291040649817	0.0161536300021	0.0150404309766	0.0118562400354	0.00738119159202	0.000318219058499	0.0	0.0	0.0	0.0	0.0

Proportion explained	17
0.435555638777	0.285965033736	0.156933631907	0.0507736026065	0.0251644335996	0.0175058172219	0.0102421936001	0.00568472500077	0.00529297216688	0.00417240361055	0.00259756131428	0.000111986459845	0.0	0.0	0.0	0.0	0.0

Species	0	0

Site	17	17
MCT.f.0426	-0.447168679778	0.294912190273	0.170097673849	-0.190415770136	0.0285232967471	-0.0702863483279	0.0697735200031	-0.00275013688949	0.0146827968184	-0.00443315749333	0.018576796209	-0.00051645283935	0.0	0.0	0.0	0.0	0.0
MCT.f.0427	-0.469075893643	0.214711526932	0.104718345733	-0.0216708540684	0.0112242810889	0.0799306447274	-0.0594655952384	0.0456984398377	0.00843948119298	-0.0014786387083	-0.0370598759886	0.001978046651	0.0	0.0	0.0	0.0	0.0
MCT.f.0428	-0.437149314298	0.138707815643	0.044680266183	0.116252530809	-0.0449918956499	0.013478371964	-0.0358958723865	-0.0489544150217	-0.0629564681739	0.00668340771964	0.0149609498276	-0.00282268985297	0.0	0.0	0.0	0.0	0.0
MCT.f.0429	-0.322204370444	-0.129834022085	-0.136666536483	0.146436999513	-0.0196800860227	-0.0389950892195	-0.0252277839444	-0.0127349964655	0.0689545876918	-0.0265859947627	0.00644629342677	-0.000117729923771	0.0	0.0	0.0	0.0	0.0
MCT.f.0430	-0.219394600213	-0.231111950323	-0.156776682183	0.0796834082378	0.0213728086039	-0.0594320758638	0.0339534923095	0.0210186379284	-0.00158752657205	0.042554218582	-0.00131809963173	0.00302845569329	0.0	0.0	0.0	0.0	0.0
MCT.f.0431	-0.128494376099	-0.295934382973	-0.126203890221	0.041776123699	0.057036881416	0.0242559646646	0.077781849086	-0.00220813278229	-0.0307172234388	-0.000726299508052	-0.0136828436011	-0.00215100539301	0.0	0.0	0.0	0.0	0.0
MCT.f.0432	-0.00645019477691	-0.311548243678	-0.0787782277142	-0.0875548879284	0.0488880286113	0.0697454360789	-0.00752692774116	0.0269491321658	-0.00983278693836	-0.0444590706129	0.0197815930298	0.00624160875322	0.0	0.0	0.0	0.0	0.0
MCT.f.0433	0.0567271889619	-0.296213010623	-0.0141239382973	-0.142596899216	0.020574319101	0.0422478129537	-0.0561839728027	-0.00229721009647	0.00753792819062	0.0408672077702	0.0197264321908	-0.0093871092954	0.0	0.0	0.0	0.0	0.0
MCT.f.0434	0.140470543983	-0.25830191551	0.0612876738706	-0.124012717353	-0.0457278998928	-0.0646598081277	-0.0223779975695	-0.054050668982	-0.00146164729781	-0.0237811991808	-0.0373820164105	0.000968301346667	0.0	0.0	0.0	0.0	0.0
MCT.f.0435	0.177793937365	-0.148309254936	0.209196490107	0.023743794685	-0.129129380148	-0.0644540297839	-0.0102094282755	0.05054027446	0.000634577719672	0.0235405434378	-0.00744844810973	0.0011704970104	0.0	0.0	0.0	0.0	0.0
MCT.f.0436	0.199856104998	-0.0517137684954	0.235443840146	0.0617938995631	-0.0561772390378	0.0259676757065	0.0130577249669	-0.0111599695101	-0.0136395614727	-0.0413592466699	0.024202403889	0.000594426327035	0.0	0.0	0.0	0.0	0.0
MCT.f.0437	0.250955385259	0.0400768790676	0.25648576264	0.0578556650489	0.0530266030746	0.0708574353229	0.0219978486426	-0.0380269940749	0.0318566006196	0.0462904323238	0.00709370867964	0.00682803904839	0.0	0.0	0.0	0.0	0.0
MCT.f.0438	0.290291051531	0.123523233325	0.126848850217	0.0888087072247	0.0652882151528	0.011487248521	0.0411703009266	0.0231020940247	-0.00302454306702	-0.0199292453598	-0.0304607802863	-0.00857138360292	0.0	0.0	0.0	0.0	0.0
MCT.f.0439	0.28850837791	0.199126117396	-0.0345478760914	0.0463900251052	0.0852681229535	-0.0710207211289	-0.0473479287185	0.0279098354935	0.00411775327317	-0.0117705378977	0.0310625357707	-0.0019099895115	0.0	0.0	0.0	0.0	0.0
MCT.f.0440	0.250839158896	0.215695121667	-0.1563129462	-0.0283384802245	0.06642012837	-0.0541130969975	-0.0383516491848	-0.00711375385848	-0.0447409330978	0.00937762416295	-0.0131491550709	0.00602332904474	0.0	0.0	0.0	0.0	0.0
MCT.f.0441	0.191903635488	0.254629721497	-0.240214863666	-0.0234984419145	-0.0183242637541	0.0325719526498	0.003912641098	-0.0378307253161	0.0403726186338	-8.43518490368e-05	-0.0123441785052	-0.00156817880873	0.0	0.0	0.0	0.0	0.0
MCT.f.0442	0.18259204486	0.241583942822	-0.265133941889	-0.0446531030446	-0.143591920614	0.0524186268602	0.0409397788288	0.021908589087	-0.00863565408167	0.0052943080462	0.0109946845808	0.000211835352907	0.0	0.0	0.0	0.0	0.0

Biplot	0	0

Site constraints	0	0
