Eigvals	13
660.594268935	360.781738478	109.167084012	92.4247582231	73.8833492062	69.213595772	53.3926711761	42.9647973744	40.0975153902	28.1080968409	23.8434349095	19.2713193695	0.0

Proportion explained	13
0.41976003984	0.229250788326	0.0693678127239	0.0587292715337	0.0469475426365	0.0439802509421	0.033927193792	0.0273010316706	0.0254790806539	0.0178606694072	0.0151507841623	0.0122455343116	0.0

Species	0	0

Site	13	13
sample1	-3.81881824755	1.07559488703	1.25151584592	-3.51310261064	-3.9740466905	-2.287112427	2.10682548072	-1.74827616273	2.56541362822	0.477288330149	1.69574868235	0.509441870879	0.0
sample2	1.67900355608	-4.93220085407	-5.16117683474	-4.02573909062	-0.885655869288	1.79708055591	-2.13716369716	0.0169574170617	0.522448234822	-2.51606386537	-0.83821220666	0.730616346555	0.0
sample3	8.68108351788	-6.89384122329	1.27105576752	2.22336096976	3.71886013528	-2.7777576414	1.75034251312	-1.05743468259	2.41963987223	-0.911089202893	-1.10626123732	-0.0287188989314	0.0
sample4	-2.7928783445	1.67081351868	2.37163837146	1.14755586142	-3.4054921949	-1.90032359933	-2.52959322485	0.694372125063	0.302649191049	-0.424764591548	-2.0686480058	-2.4417157025	0.0
sample5	9.52548354235	-8.38961262489	-1.43700888477	2.39209581684	-3.52877211443	1.19345156271	1.00876478773	2.03550952427	-1.14498614177	2.12069549541	0.485214489103	0.224786561386	0.0
sample6	-9.63969845643	3.05253396276	-0.864564357555	0.932045722068	1.57006237802	-2.24751853015	0.0744186822863	4.71259188742	0.804903162068	-0.15057064697	0.24490897889	1.37079434617	0.0
sample7	-1.12955037315	-1.63263884044	1.64884374576	0.842323216207	2.40376725898	2.45088002793	-4.22516254531	-0.526090998484	1.90149487505	1.23072325069	2.27273541679	-0.532152691139	0.0
sample8	0.050892812587	1.88798308389	5.66234904301	-1.06935094238	0.17595265009	5.09336951375	2.56071986008	1.09601353771	-0.168560602567	-1.42010170907	-0.453532162646	0.0249745747248	0.0
sample9	-7.26261939074	1.96593821506	-0.0352225987071	2.26834387051	-0.304142075897	1.14379391254	-0.710786651795	-2.69899974374	-0.41989601913	1.71067407995	-2.24418066766	2.22952396361	0.0
sample10	-7.67006512635	2.61582030514	-4.88935429641	4.09618375708	0.26315098671	1.28695552684	2.42499025972	-1.38660720826	-0.487292187644	-1.10855092895	1.1182770936	-1.59907951367	0.0
sample11	-0.379130712094	-2.56602208344	2.90681924599	0.172537242749	0.294637226019	-2.74359374581	-1.12942967667	-1.12568337107	-4.2522664887	-1.6101318329	1.4892435921	0.726342808303	0.0
sample13	15.9178689046	13.4212145819	-1.53607830801	-0.255387678556	0.393088245747	-0.499080209824	-0.46449796393	-0.0471778717232	-0.276647991291	0.215800235203	0.157214228089	0.261062801694	0.0
sample14	-3.16157168272	-1.27558292838	-1.18881673947	-5.21086613444	3.27859006417	-0.510144946166	1.27057217606	0.0348255470592	-1.76689953234	2.38609138629	-0.752508200836	-1.47587646709	0.0

Biplot	0	0

Site constraints	0	0
