Eigvals	14
0.709260612214	0.53329203842	0.477769206256	0.40764247917	0.278618610404	0.265194934909	0.164149033707	0.1333735644	0.0648920576544	0.0400020179076	0.0293803995792	0.0	0.0	0.0

Proportion explained	14
0.228530202294	0.171831531771	0.153941571652	0.131346104132	0.0897734433607	0.0854482133625	0.0528903075025	0.0429741721564	0.0209088095513	0.0128890129907	0.00946663122648	0.0	0.0	0.0

Species	0	0

Site	14	14
MCT.f.0512	-0.0303590085625	0.0477926531955	0.178770877512	-0.0820957111906	0.0998343484569	-0.133586754093	0.264325393474	-0.158807254491	0.0498934526434	-0.00945043859421	-0.00518661087488	0.0	0.0	0.0
MCT.f.0513	0.0373684840007	0.347131701626	0.241247727039	0.101441228067	0.160014820751	-0.0590079323542	0.00120586404545	0.0554494221536	-0.0601016869569	-0.00624535025584	0.0620952915886	0.0	0.0	0.0
MCT.f.0514	0.187647465717	0.355203415525	0.160537267755	0.0719210762537	-0.0444037091385	0.0383022119446	-0.124378124774	0.0745646676529	0.0416731381902	0.0364249176177	-0.0487831519246	0.0	0.0	0.0
MCT.f.0515	0.223658742282	0.123069525471	-0.0370514890333	-0.0633598761037	-0.40117852527	0.00987553324152	0.0364961655833	-0.08821538593	0.0268688863206	-0.00497161025547	-0.0122239389715	0.0	0.0	0.0
MCT.f.0516	0.292296871443	0.015693860725	-0.374388797339	0.0775174559885	-0.00769721982067	-0.114299791327	0.0174640460883	0.0171221564608	-0.0884441672213	-0.0672167471086	0.0539296314534	0.0	0.0	0.0
MCT.f.0517	0.234323921885	-0.0755447948794	-0.291451294041	0.065192106477	0.21350627079	-0.104713151265	-0.0197806646203	-0.00689899506038	0.0773887012924	0.0773233345001	-0.0544419147131	0.0	0.0	0.0
MCT.f.0519	-0.0837397508251	0.000178104986143	-0.0860622172675	-0.391305338513	0.0412807459241	0.0958967936956	-0.071127216541	0.0477400558816	0.112085293145	0.00295232103044	0.0838453407801	0.0	0.0	0.0
MCT.f.0520	-0.151075393517	0.0213483373585	-0.0190307697661	-0.376287630379	0.0494367496311	-0.0177298010891	-0.0436056438868	-0.00483037272176	-0.145937759053	-0.000942925231673	-0.0755212516681	0.0	0.0	0.0
MCT.f.0522	-0.236415080476	0.0934270244002	-0.177795403698	0.144780317028	0.0357891855947	0.332608009877	0.152630277465	0.080694740064	0.0117428875782	-0.0409648921435	-0.0301252399396	0.0	0.0	0.0
MCT.f.0523	-0.456634045756	0.00353481889262	-0.115238038505	0.169136191824	-0.0913813513129	-0.0328128788359	-0.0338544031972	-0.0733649811372	-0.031520595858	0.0838301305238	0.0240207213263	0.0	0.0	0.0
MCT.f.0524	-0.376453349772	-0.088748191628	0.0273605219997	0.116314442395	-0.0580757323248	-0.220222131619	-0.113850382206	0.024895745826	0.0503569389583	-0.0608190053389	-0.0070984196131	0.0	0.0	0.0
MCT.f.0525	0.0809872784834	-0.299005311723	0.181587813702	0.0282096981282	-0.0258271559285	-0.0534224082137	0.0235003405828	0.148344061369	0.0319970575767	-0.0665827321756	-0.0358484541928	0.0	0.0	0.0
MCT.f.0526	0.132411834992	-0.338181119411	0.170770480827	0.0307662362601	-0.0758037056717	0.0516553833088	0.0736013054931	0.0961936461787	-0.0612425985587	0.0975140264353	0.0387132126773	0.0	0.0	0.0
MCT.f.0527	0.145982030106	-0.205900024537	0.140743320814	0.107769803765	0.104505278319	0.207456916729	-0.162626957506	-0.212887506247	-0.0147595480562	-0.0408510290036	0.00662478407218	0.0	0.0	0.0

Biplot	0	0

Site constraints	0	0
