Eigvals	12
0.842828709402	0.365440997636	0.242165961524	0.142123791476	0.0651180276235	0.0217508922185	0.0190163916498	0.00100907450087	0.0	0.0	0.0	0.0

Proportion explained	12
0.495940923239	0.215034376185	0.142496344981	0.0836290975526	0.038317032131	0.0127987542994	0.0111897076194	0.000593763992608	0.0	0.0	0.0	0.0

Species	0	0

Site	12	12
MCT.f.0361	-0.213983469394	0.159285340368	0.147359405827	-0.177647163759	0.0517508730153	-0.0110590895233	-0.0625400288711	0.00186676912443	0.0	0.0	0.0	0.0
MCT.f.0362	-0.247707862699	0.156200117347	0.177775101564	-0.0776220939654	0.023274258821	0.0270418897669	0.0242660442553	-0.00554713165968	0.0	0.0	0.0	0.0
MCT.f.0363	-0.275553113999	0.0566069522889	0.0642794325417	0.0349436707468	-0.0687126173151	-0.0150430917796	0.093951502238	0.0081473667938	0.0	0.0	0.0	0.0
MCT.f.0364	-0.29319604247	0.0358490268503	-0.0196867608889	0.155317144106	-0.110740322948	-0.0304601691495	-0.0480635289583	-0.00248549525375	0.0	0.0	0.0	0.0
MCT.f.0365	-0.296711186286	-0.054173612128	-0.119243402885	0.154778504919	0.0771360402098	0.0600313856431	-0.00948442525784	-0.000721345203262	0.0	0.0	0.0	0.0
MCT.f.0366	-0.169243306782	-0.161395477117	-0.201418255059	-0.0148038469355	0.100217887393	-0.0625494637441	-0.00837204326403	-0.00055352929179	0.0	0.0	0.0	0.0
MCT.f.0368	0.0504400152877	-0.278979999742	-0.0886574397616	-0.152357573662	0.0112405254939	0.0535469453554	0.0278771185032	0.00181357282971	0.0	0.0	0.0	0.0
MCT.f.0369	0.146500407415	-0.23938992115	0.0304007860851	-0.0857375622142	-0.103720392301	-0.0536725482062	-0.0112839721202	0.00105828597946	0.0	0.0	0.0	0.0
MCT.f.0370	0.276237873793	-0.139159830065	0.145828141922	0.0700323004252	-0.0352249991571	0.0423779515062	-0.0128933378039	-0.017443478441	0.0	0.0	0.0	0.0
MCT.f.0371	0.361285742889	-0.00794580427212	0.120088572341	0.0978083735937	0.0310233045236	0.0194418495769	-0.025851519368	0.0228294120319	0.0	0.0	0.0	0.0
MCT.f.0372	0.390918513057	0.147898826026	0.0330590012859	0.0682635653882	0.100053883965	-0.0587902148843	0.0380553860293	-0.00844381123704	0.0	0.0	0.0	0.0
MCT.f.0374	0.271012429189	0.325204381594	-0.289784582972	-0.0729753186424	-0.076298441701	0.0291345554388	-0.00566119538238	-0.000520615672803	0.0	0.0	0.0	0.0

Biplot	0	0

Site constraints	0	0
