Eigvals	13
0.555002900614	0.451709929208	0.41243547335	0.371815217656	0.288313545196	0.250625222556	0.212349684263	0.196979421664	0.164567088086	0.146613956929	0.109110010613	0.0807453510698	0.0

Proportion explained	13
0.171283034201	0.13940512233	0.127284378531	0.114748298742	0.088978307623	0.0773470706534	0.0655346092643	0.0607910931285	0.0507881132616	0.0452474813576	0.033673145958	0.0249193449504	0.0

Species	0	0

Site	13	13
sample1	-0.127528533569	0.0445655296238	-0.242378375275	-0.23705486547	0.154691207303	-0.109224849628	0.0372911286658	0.208211315012	0.0821660826857	0.134621858255	-0.0526622081749	0.0625893418836	-0.0
sample2	0.0170599449453	-0.104885885846	-0.171657169293	0.0628700736565	-0.181477053126	0.0880867114473	-0.128769990806	0.139382127163	0.0427411526349	0.00935047037103	-0.0208006274742	-0.196574076788	-0.0
sample3	-0.14116506761	-0.2147012422	-0.0767899282188	0.377226604384	0.0530607944979	-0.279090904956	-0.0606872222572	-0.0427881732723	0.00785120328308	0.00744284590493	0.0519904016734	0.0352511345755	-0.0
sample4	-0.273396212348	0.187666042471	0.155015338794	-0.0456924198243	0.151709844168	-0.0886119057784	0.104673635382	0.048861742498	-0.0460010972117	-0.225279813195	-0.0302667427167	-0.091757198579	-0.0
sample5	-0.345771151995	0.185395320754	0.27458637964	0.118255881384	-0.0985025837562	0.160794297477	-0.00133537102131	-0.0115513391251	0.133539776894	0.140396594699	0.0456138256569	0.03082821658	-0.0
sample7	-0.172982836442	-0.122663733814	-0.134081800417	-0.0941058295845	0.0686962090612	0.16509151099	-0.200852168346	-0.195346055954	0.00511116784283	-0.0891542460615	-0.129077519029	0.0651409710358	-0.0
sample8	0.115190167521	-0.158726347118	-0.00264122281068	-0.206016331946	0.156304929691	0.0133966996354	0.0817576945808	-0.190443920892	0.0966028082223	0.0437498725677	0.173274590841	-0.0819808527008	-0.0
sample10	0.115784918987	0.401749716341	-0.298381792157	0.0874613193175	-0.12402654611	-0.0267601516522	0.119098587389	-0.165398658954	-0.0736873224831	0.035259281736	-0.013380391582	-0.00359849021852	-0.0
sample11	0.0911381349749	-0.259811253078	-0.0250779285468	0.164429582501	0.0410810999322	0.228100641643	0.278299748252	0.0791652251945	-0.070459599949	-0.0173907910825	-0.043667528295	0.0446808597792	-0.0
sample12	0.3093761829	0.0943317968239	0.248086360644	0.064899515505	0.217219988267	-0.00851730233273	-0.126962666877	0.00480691936598	-0.136515388759	0.138150132565	-0.0855927293296	-0.040011615739	-0.0
sample13	0.35861483722	0.147836121522	0.0152584653427	0.0540940718657	0.00150467036252	0.0505088434613	-0.108035489926	0.117627334536	0.143908029445	-0.165174073337	0.0905786666472	0.0951081157999	-0.0
sample14	0.156366753054	-0.139014347069	0.218960826835	-0.163518895097	-0.273014082655	-0.191117363487	0.0842119109483	-0.0591453731724	0.0801717434873	-0.0103506858921	-0.126804880569	0.0210804568403	-0.0
sample15	-0.102687137639	-0.061741718412	0.0391008454619	-0.182848706693	-0.167248477634	-0.00265622681998	-0.0786897959844	0.0666188575992	-0.265428556092	-0.00162144653076	0.140795142352	0.0592431375315	-0.0

Biplot	0	0

Site constraints	0	0
