Eigvals	14
0.636645424665	0.562421697658	0.532480483948	0.450426870755	0.391058659225	0.358010278205	0.272577820977	0.255735457087	0.243709390544	0.210484916725	0.196316785121	0.189239624305	0.142757116148	0.0

Proportion explained	14
0.143328420088	0.126618381638	0.119877695708	0.101404909624	0.0880393035384	0.0805990989057	0.0613656313516	0.0575738984445	0.0548664618545	0.0473866133294	0.0441969321667	0.0426036461095	0.0321390072418	0.0

Species	0	0

Site	14	14
sample1	0.0404401987691	0.179573256631	0.280589049129	0.258159400845	-0.237622673885	0.305183079164	-0.121888595645	-0.0177992498621	-0.0439945819319	0.141648471954	-0.00622229374497	0.00144631842813	0.0360259683243	-0.0
sample2	0.304481343719	-0.0739675810589	-0.0987985137917	0.0664392417712	-0.0896035160649	0.0907196549765	0.030798189193	-0.0119712503372	0.143445644893	-0.239950799686	-0.0847061047512	-0.230225084796	0.0572051747687	-0.0
sample3	0.185746023079	-0.0689243198904	-0.269585561601	-0.103245954722	-0.0287261203916	0.0561655970503	0.124110785648	-0.147740085571	-0.320518658632	0.115767104104	0.0246326495928	-0.0889949465045	-0.0571095587303	-0.0
sample4	0.123168969683	0.293047694816	-0.0816952631862	0.114526674266	-0.0145151001165	-0.291917816665	-0.256916710496	-0.00041792996133	-0.141133846417	-0.145409627935	0.0627859846161	0.0701975211194	0.0139891769552	-0.0
sample5	-0.0934538684308	-0.22144310983	-0.204454093811	0.218566442022	0.0997357240966	-0.0217973267575	-0.0476050148789	0.28575692321	-0.0503284563135	0.0798193971543	-0.21649901313	0.0366476599225	-0.0177505761573	-0.0
sample6	0.25533368682	0.0406462855501	0.171297099366	-0.274271011538	-0.0429167414999	0.0729829543851	0.175497272161	0.222154843495	-0.0582580496386	-0.0840678829927	0.0269041229205	0.190125358935	0.0689961652441	-0.0
sample7	-0.243996027837	-0.0934620672652	-0.0628633328697	-0.140959724267	-0.274412178489	-0.133436457908	0.022477031349	-0.209322682004	0.0662808386514	0.0109188334486	-0.181061451082	0.122356593813	0.111966618051	-0.0
sample8	-0.17858328218	0.490859477376	-0.159821738677	0.11250565123	0.194971749749	0.0403099450943	0.241782950678	-0.0374520007841	0.106393895885	0.0174209894688	-0.0262992043491	0.0123388401926	-0.00355377139818	-0.0
sample9	-0.0578101279865	-0.221120018452	0.0530174040682	0.232504446311	-0.10493939956	-0.230399259029	0.169545979312	0.0527104728599	0.068875852602	0.0841316629489	0.250325999699	-0.0454863246316	0.0708011234946	-0.0
sample11	-0.105757014988	0.0523823931688	0.421296566752	-0.193848800663	0.174489120083	-0.183013468641	-0.0193677660104	0.0171866419024	-0.0566335606545	0.0719912091912	-0.102511273693	-0.205759842597	0.007487096878	-0.0
sample13	0.0544411104093	-0.168778078803	-0.0760380376094	-0.0709373798937	0.355582261641	0.148952242816	-0.167717047409	-0.11700604047	0.0724320271665	0.055754562822	0.0919592229286	0.0615280343619	0.173076054801	-0.0
sample14	-0.446692446272	0.0147513671451	-0.155034591845	-0.245507022615	-0.121683584849	0.151897618081	-0.122725269819	0.133147736462	0.0155195196573	-0.0727037525714	0.147491178956	-0.085870529256	-0.0686897201386	-0.0
sample15	0.301586967122	0.00733227149778	-0.0455230723488	-0.13322950422	-0.0379514183027	-0.0776156312659	-0.0868993228019	-0.0197979665152	0.247084533108	0.160044680605	0.00930274361893	0.0481860220896	-0.209571126176	-0.0
sample16	-0.138905531908	-0.230897570883	0.227614086425	0.159297541474	0.127591877588	0.0719688686998	0.0589075187202	-0.149449412424	-0.0491651583753	-0.195364848512	0.00389743841698	0.113510378923	-0.182872625917	-0.0

Biplot	0	0

Site constraints	0	0
