Eigvals	16
0.755069578063	0.459764822188	0.378291798293	0.360397823601	0.310935934525	0.282567645836	0.261559254568	0.244542545684	0.205407431379	0.190527418788	0.178283125843	0.13956825289	0.111476447377	0.108910479478	0.0880710159065	0.0

Proportion explained	16
0.185276162854	0.11281538092	0.0928238335419	0.0884330766298	0.0762963023751	0.0693353972773	0.0641804364168	0.0600049397235	0.0504021110281	0.0467509089188	0.0437464498868	0.0342467384502	0.0273536757652	0.0267240481121	0.0216105381012	0.0

Species	0	0

Site	16	16
MCT.f.0222	-0.161440266709	0.182284164181	0.0139836125533	0.0948263476371	0.0325870902213	0.0321644773098	-0.186357208904	0.0289218783728	0.0649114435659	0.135061106293	-0.118980397236	0.141665091539	0.0085236227439	0.139757907501	0.112036995829	0.0
MCT.f.0223	-0.0503888497745	-0.340759235026	0.0483509229522	0.087581691109	-0.0770536236205	0.274482990522	0.143886017694	-0.0833756204129	-0.0883969863992	0.0977867317044	-0.12277924013	0.062979772321	-0.0711980800758	-0.0389243082196	-0.00444207895793	0.0
MCT.f.0224	-0.154459274579	0.04703833366	0.102271706135	-0.00586682595885	-0.235316220395	0.00419211434828	0.0200325638182	0.103666653557	0.000391195526527	-0.167336300368	0.0301013054164	0.164386840641	0.146771770355	-0.109450823086	0.00844644433626	0.0
MCT.f.0225	-0.152399622718	0.0180504200679	0.0494805711168	-0.0757994038921	-0.0554787935861	0.0316616545257	-0.0170033029412	0.0173617931114	-0.0306102071961	-0.251179572484	-0.0245615186642	-0.124441552091	-0.154286494368	0.0376021038093	0.129791132977	0.0
MCT.f.0226	-0.10361743304	-0.147310585629	-0.140599048879	-0.13504202441	0.172928362279	-0.142603312947	0.0469818949247	0.203048448629	0.110772799935	-0.0109262621694	-0.232848220901	-0.0368748277612	0.024159760363	-0.05541981996	-0.0423776938437	0.0
MCT.f.0227	0.395276383126	0.147754891174	-0.0205087158178	-0.089859504803	0.0140484788805	-0.0138758123746	-0.0979116288825	-0.03823090118	0.0884087418787	-0.0215063812353	0.0166664210282	0.143402398922	-0.179246004033	-0.0934717018815	-0.0713557298624	0.0
MCT.f.0228	0.330774926005	-0.0337467773958	0.249717542422	-0.205927348779	-0.129145974081	-0.212903992061	0.118760919109	-0.135239442915	-0.0273928945797	0.065807246043	-0.0745031512642	-0.0298965651554	0.0575380804109	0.0812362938336	0.0305951755559	0.0
MCT.f.0229	-0.0938773306967	-0.170128260029	-0.0635611214414	-0.179099317906	-0.173332880916	0.122146713176	-0.220530704109	-0.0505144934225	0.194334857615	0.0764045407098	0.105383684416	-0.118695220932	0.0446630072175	0.0106260007912	-0.0427258037415	0.0
MCT.f.0230	-0.164725268904	0.254151402452	-0.0937022440665	-0.121976304462	0.0992044398257	0.0128214021628	-0.0079036049203	-0.150260999682	-0.14110481327	0.126041456899	0.00469359072582	-0.0730472056277	0.0411684641666	-0.174635459763	0.0713988935958	0.0
MCT.f.0231	-0.178617702454	0.0613018052277	-0.296451228757	0.0290101705086	-0.19995746395	-0.155938957091	0.196288272262	0.0815016985876	-0.0458165397335	0.102194649733	0.123072099905	0.0203308797602	-0.0796250454446	0.0704590144904	-0.0263682220847	0.0
MCT.f.0232	-0.122613179613	0.0838966609541	-0.0711001792997	-0.170799679696	0.199286722188	0.129335757064	0.0516107192358	-0.129268658135	-0.0873298634592	-0.134397607319	0.0288587919654	0.058374658201	0.0602743946118	0.13829949102	-0.123542093841	0.0
MCT.f.0233	-0.0216313669728	0.094259340975	0.242177009326	0.0623157217705	0.192855694598	0.09737926048	0.224088272482	0.102713809905	0.194697549967	0.0601556433836	0.158669780972	-0.035232663331	-0.00152855275939	-0.00921507151278	0.0281385459143	0.0
MCT.f.0234	0.253504061816	0.0625899668222	-0.208473966286	0.346943090762	-0.021263021635	-0.00597040119223	0.0535590379161	-0.17773594961	0.125310881673	-0.104891231357	-0.0643231261047	-0.0749011572838	0.0780442930419	-0.00328441270885	0.00903766174525	0.0
MCT.f.0235	0.471574117354	-0.0370321246075	-0.0924931319775	0.0105223015918	0.0400999933944	0.126080863728	-0.0797776109268	0.251439826888	-0.185583683693	0.0184995640244	0.0660550604354	-0.051573886835	0.0631161739317	0.0294413890756	0.0376421027969	0.0
MCT.f.0236	-0.158312853022	0.133758333112	0.250961071455	0.229220246865	-0.0521897298755	-0.0686167812169	-0.120533000982	0.0607614513028	-0.11137687766	0.0314429432832	-0.0508354141631	-0.113707734393	-0.0348223843586	-0.00335857944905	-0.155160217404	0.0
MCT.f.0238	-0.0890463398176	-0.356108335937	0.0299472005659	0.123950839662	0.192726926671	-0.230355976434	-0.125190635776	-0.0847894949966	-0.0612156041708	-0.0231565271419	0.1553303336	0.0672311720258	-0.00355300580347	-0.01966202394	0.0388848869848	0.0

Biplot	0	0

Site constraints	0	0
