Eigvals	17
0.851418336976	0.632511843662	0.531575665338	0.511508365212	0.393926279241	0.388477881376	0.358717960504	0.313484699259	0.235064252243	0.189933475041	0.168766145211	0.160178272073	0.136333466823	0.0921983482424	0.0763757800113	0.0355558223068	0.0

Proportion explained	17
0.167733230173	0.124607669406	0.104722789675	0.100769441568	0.0776052433895	0.0765318845791	0.0706690467228	0.0617578914302	0.046308711728	0.0374177462513	0.0332476873597	0.0315558378432	0.0268583042881	0.0181634880243	0.0150463711338	0.00700465642797	0.0

Species	0	0

Site	17	17
sample1	-0.303628560686	0.0192431831647	0.0790529119364	-0.115273019739	-0.118148255856	-0.258516451394	-0.0778833550735	0.0247411726217	0.0742321431348	0.0124805554039	0.00450507001953	-0.0857277673373	-0.0123651221317	0.0474507648606	0.189099064496	-0.012293360886	0.0
sample2	-0.338202832179	0.0585828453051	-0.144023476106	0.154208910587	-0.0861126409457	-0.0538428097635	-0.0439675054127	0.0650270407215	-0.0225297343614	0.166802904865	0.0145224573557	0.272550499284	-0.0535182225933	0.0401962198652	-0.0356065996097	-0.00831309325535	0.0
sample3	-0.295345764756	-0.301711789343	0.133314069481	-0.0681521853766	0.229664331664	-0.00532507572505	-0.145253272714	-0.0978136914374	-0.0124501246322	-0.0337598816399	-0.182134637195	-0.0525295624434	-0.13475924859	0.0125116654435	-0.0748757782293	-0.00286177984053	0.0
sample4	-0.288403250067	0.0112247812732	-0.0143954712071	0.0944247982644	0.225070594892	-0.0400165462394	0.138987830524	0.093810830621	-0.0356097315815	-0.146731095943	0.21087709336	-0.0606054760592	0.0766110702912	0.0964658108416	-0.0579560088721	-0.0250772323942	0.0
sample5	0.151525302292	0.048059320175	-0.230256781932	-0.431036785473	0.131601741091	-0.234536988303	0.0325570671097	-0.0326132669335	0.117352536499	-0.00301982626855	0.0627515349328	0.0613124541688	0.00100136054187	-0.101526237581	-0.0504032727609	0.0135714215828	0.0
sample6	0.203200968406	0.232144594471	0.302898345402	0.0699008275695	0.117445834647	0.162800274059	-0.110373945622	-0.0623336859572	0.179919080155	-0.138061532961	0.063912605347	0.140425552229	-0.0775154989366	0.00291728499569	0.0509604815477	0.0208164586427	0.0
sample7	-0.0831546055256	-0.191688577979	0.251963559215	-0.262402798212	0.0111771995555	0.20128877409	0.19842342806	0.0288823232425	-0.190501654813	0.0277654703576	-0.0153169193336	0.1051319788	0.110802930488	-0.0538359284152	0.0625223380991	0.0091967812468	0.0
sample8	-0.199341026863	0.211158501476	0.0994290125342	0.119063939827	-0.156136161272	0.0291797994569	0.0121096415429	-0.086928896408	0.0826412749227	-0.025740647554	-0.0593016602778	-0.0527992712773	0.0939727808556	-0.148116438854	-0.057576591517	-0.0983775512879	0.0
sample9	0.1587416601	0.174142146984	0.0864192549658	-0.069850363663	0.0201066078713	0.0463761893295	-0.158362249866	0.437968104304	0.00778224618433	0.0670418279412	-0.0881812621038	-0.0737007392956	0.0431336289528	0.0158042581442	-0.0451833896522	0.0129215880534	0.0
sample10	0.186950066081	0.240440119231	0.102710141625	-0.0700409299985	0.00408565605177	-0.0477330981575	-0.0187565942253	-0.274298383587	-0.0424963145009	0.146494806641	-0.0482275660678	-0.0432604174457	0.121196567188	0.148485266527	-0.0489307626936	0.0168971132554	0.0
sample11	0.310044340524	-0.0676820746855	0.103724478018	0.101784478492	-0.194902706026	-0.257466997057	-0.11740293487	-0.00927364494335	-0.269454304782	-0.144743461769	0.0421696859399	0.0294720678466	-0.0521188859513	-0.0250130863373	-0.0310694697003	-0.00314974766372	0.0
sample12	0.196618159894	-0.173936661109	0.104797904956	0.31597496648	0.177973338323	-0.0870031002314	0.0951650803704	-0.00952757899099	0.0274086356385	0.22560293976	0.0931821026924	-0.0851254558718	-0.0316467458556	-0.0982102619712	0.0296181702637	0.0233708472753	0.0
sample13	0.109763060827	-0.140149518215	0.0536477425153	-0.0900157001469	-0.311997927142	0.0872868571329	0.290561148338	0.036297991897	0.137209713701	0.00862484240482	0.0246483021525	-0.0601380749845	-0.14876188722	0.0702762809843	-0.0590744190275	-0.00263500527714	0.0
sample14	0.234102013885	-0.389447245891	-0.204145913267	0.1759222012	-0.0238583939078	-0.0122143464466	-0.0178028785667	0.0126092446114	0.154211084473	-0.0967485227511	-0.113710856764	0.0693750849018	0.16639157859	0.0451843367436	0.0299580195714	-0.00537038176846	0.0
sample15	-0.00213347635474	-0.142152742458	-0.231955483001	-0.0964320265789	-0.104433624869	0.305896265827	-0.308125124208	-0.0797943304744	-0.0417989920626	0.0496284765641	0.168024262242	-0.0813537261322	-0.0084576754298	-0.0117154224338	0.0132298663665	-0.0103001930229	0.0
sample16	0.204262619933	0.225272105159	-0.312684406078	0.0409366609268	0.164839220693	0.106304696224	0.154492031784	-0.00379232653238	-0.133048487144	-0.0232144792195	-0.111151302418	-0.0205262146229	-0.108625694137	0.0195278254913	0.0847451768384	-0.065697309828	0.0
sample17	-0.244998675511	0.186501012442	-0.180495889057	0.13098702584	-0.0863748147689	0.0575225571983	0.0756316328282	-0.0429609027554	-0.0328673708309	-0.0924223758317	-0.0665689098812	-0.062500931761	0.0146590639388	-0.0604023383049	0.000543174880316	0.137301445168	0.0

Biplot	0	0

Site constraints	0	0
