Eigvals	15
432.974870758	259.880423634	162.99748429	124.214398105	91.9765230344	56.8979267191	41.9634956964	38.6265183476	32.5214157557	29.2533022225	22.3062512358	17.7201779215	13.7238965194	10.9284476059	0.0

Proportion explained	15
0.324086593808	0.194523439999	0.122005462789	0.0929758835963	0.0688454690416	0.0425887424664	0.0314101517271	0.0289123863933	0.0243426479685	0.0218964279805	0.016696481648	0.0132637538391	0.0102724919554	0.00818006678773	0.0

Species	0	0

Site	15	15
sample1	-6.86182496927	8.2823963513	5.13640966808	-5.05069400643	2.04106500134	1.30280532123	0.962470146753	0.534749480941	0.0552695348651	0.60035467717	1.15607289613	0.216459498156	0.409725668917	-0.131822951646	0.0
sample3	2.81429405755	3.20667663426	2.32484448484	0.0320667878581	-7.23519094622	-0.361970843962	1.32103395716	-0.0994897801931	-1.89711661493	0.677050315281	-1.03846129268	0.206106598168	-0.231987862754	0.724371270857	0.0
sample4	10.2985879213	0.583251282827	1.49801386765	-0.460606287797	-0.405071929611	-1.63508424344	1.09140239963	-0.324634752818	0.530912860077	-1.01178876107	1.398187141	-0.560629683394	-1.0641697192	-1.98389993589	0.0
sample5	10.0647393326	2.504623858	0.720556446666	0.589663734646	0.896747467554	-1.26185737522	-0.441122497017	0.455855022075	2.59058998858	-0.598419585918	-0.279841265325	0.767568603881	1.81776219743	1.17520193479	0.0
sample6	6.40967879794	-0.292932827173	1.01242204074	-1.23612434949	4.39176796584	-0.165082009156	-2.04260697094	-0.82479306778	-3.27149057007	-0.262175332124	-0.503991396649	0.321748696247	-0.986015182935	0.891906609475	0.0
sample7	-6.17770480903	0.407767345503	5.27010459034	6.01570354853	-1.06084814565	0.456895482125	-3.09476042928	0.655814199899	0.323215730413	-1.78790588176	0.349113450345	-0.245917612014	-0.182309325653	-0.20258330957	0.0
sample8	-0.324389902711	-8.98612307513	1.92431265705	-0.126573048178	0.853073527446	-0.132652867822	1.57010423442	4.34221323513	-0.585428188972	0.86927992027	0.288306806766	0.0759299010276	0.186947431326	0.126062469847	0.0
sample9	0.97034415456	1.50469787949	-0.939062620105	1.40277642211	0.760882845716	0.70373892765	-0.781416683147	-0.102185101287	1.86341872261	3.17099393235	-0.560883834446	-2.33403380394	-1.06334472815	0.430426918945	0.0
sample10	-4.42075402995	-4.63345704582	2.92115437937	2.49155119919	1.76785998311	-1.94269031345	1.91314468662	-3.55361629834	-0.343941448437	1.25613659396	-0.689897965403	0.282360255419	1.07281660246	-0.484948945648	0.0
sample11	-2.91825314816	-6.63619485561	0.629666265167	-6.11200792759	-1.64936342715	1.067675783	-0.968482195169	-1.34800861303	2.0128902506	-1.57567058823	-1.2461834598	0.080642224473	-0.72984432235	0.202836124149	0.0
sample12	2.05844219141	1.8075085123	-3.31751909692	1.03122790967	0.510797159199	4.13753651639	-0.328026042168	0.616545745428	-0.510989254575	0.241731717657	-2.11012338981	0.720274726448	0.84291387672	-1.57880699817	0.0
sample13	0.309324998794	-1.52216938273	-3.31661072743	2.60264122912	-0.0401042728738	3.85089013437	2.21014848464	-1.4129383838	0.0614810692731	-0.947838438602	2.28408699779	0.214278728328	-0.353547674017	1.02976087855	0.0
sample14	-1.77513543061	-1.84569231357	-4.72063156922	-2.43882688179	-2.21241338527	-1.1467843518	-2.81542329175	-0.370337229918	-1.24481578925	0.822442146486	1.96688879254	-0.708505363271	1.5514008057	-0.357037069959	0.0
sample15	-4.90865133522	2.16533325747	-4.43089550466	1.01766767998	0.0507421043945	-2.46987580505	-0.433715847685	0.543340004097	0.993209298009	1.03717051425	0.201843237035	2.66045935808	-1.39725271875	-0.0972310251236	0.0
sample16	-5.53869782928	3.4543143789	-4.71276488156	0.241533990161	1.33005605217	-2.40354435485	1.83725004794	0.887485539606	-0.577205588195	-2.49136122973	-1.2151167175	-1.69674212761	0.126904951247	0.255764029388	0.0

Biplot	0	0

Site constraints	0	0
