Eigvals	12
0.661149624916	0.547422497707	0.375960869264	0.326056977148	0.27099182353	0.185744586335	0.171047312398	0.0758628803204	0.039811724722	0.0242397897272	0.0	0.0

Proportion explained	12
0.246855305953	0.204392686715	0.14037357341	0.121740816025	0.101180983831	0.0693519817011	0.0638644189502	0.0283251382534	0.0148646162932	0.0090504788687	0.0	0.0

Species	0	0

Site	12	12
MCT.f.0325	-0.227002482009	0.033949351793	0.341215791119	-0.0348680842804	0.178678298203	-0.0515686550806	-0.164212699797	-0.0581512301847	0.0153458275253	0.0660786240586	0.0	0.0
MCT.f.0326	-0.253502406925	0.203059830711	0.271058832976	-0.046571859732	-0.0210655091272	0.0526119109317	0.0979438169335	0.0270830877933	-0.04488553597	-0.0992435055527	0.0	0.0
MCT.f.0327	-0.210936361551	0.212072151717	-0.052013276786	-0.0899475511558	-0.21012746741	0.0872199705445	0.175994935437	0.052785915846	0.0321804109901	0.0834210220472	0.0	0.0
MCT.f.0329	-0.227537542713	-0.217340719636	-0.0509791429955	0.319306456883	0.000224144094572	-0.0954248551076	0.0257961881858	0.0449572057084	0.11174002704	-0.026699885077	0.0	0.0
MCT.f.0330	-0.186457140509	-0.291073637339	-0.129611101825	0.180969197838	0.0347118711597	0.0602955885281	0.0174025118841	0.00416975074909	-0.141970925385	0.0272499936385	0.0	0.0
MCT.f.0331	-0.0489451593372	-0.280316927331	-0.119120172694	-0.237102210873	-0.0190158700937	0.254472712356	-0.112568197421	-0.045037848194	0.0531023078553	-0.0298808007671	0.0	0.0
MCT.f.0334	-0.138024273768	0.242452777835	-0.271440400707	-0.0459863910305	-0.126829477885	-0.185845899438	-0.105065282981	-0.11549660229	-0.0145784069912	-0.0253500756224	0.0	0.0
MCT.f.0335	0.0809798124969	0.242959619733	-0.222605874022	-0.0804950065419	0.24902387146	-0.0135986503135	-0.0712973761448	0.115626251013	-0.0071352138578	0.000764634143077	0.0	0.0
MCT.f.0336	0.313352732133	0.118905702137	-0.0266885784972	0.0953441744228	0.220901524886	0.0708079887043	0.119749433306	-0.0117435311042	0.021013635698	-0.0039189687993	0.0	0.0
MCT.f.0337	0.358787616038	0.0709023036745	0.0688548565613	0.146838595607	-0.0698997158286	0.0573283357346	0.0599611962657	-0.150551251311	-0.000113822164348	0.00760306800409	0.0	0.0
MCT.f.0338	0.353265168213	-9.2914966772e-05	0.132926519998	0.0735780783459	-0.247005495696	-0.00799094537458	-0.187475418044	0.12333912942	-0.0175682286897	-0.000448135342848	0.0	0.0
MCT.f.0340	0.186020037932	-0.335477538329	0.0584025468716	-0.281065399483	0.0104038262373	-0.228307501485	0.143770892375	0.0130191225547	-0.00713007605131	0.000424029269792	0.0	0.0

Biplot	0	0

Site constraints	0	0
