Eigvals	7
0.426955548511	0.273698061252	0.142977102263	0.0141044442496	0.00756182995869	0.0	0.0

Proportion explained	7
0.493420820023	0.316305344415	0.165234716563	0.0163001194664	0.0087389995331	0.0	0.0

Species	0	0

Site	7	7
MCT.f.0464	-0.223061933884	0.42722532808	0.0979058675162	-0.00397302242457	0.00634488256549	0.0	0.0
MCT.f.0467	-0.259223701059	-0.0791251768754	-0.174366795543	0.0659762995847	-0.0131869668141	0.0	0.0
MCT.f.0468	-0.240064946475	-0.138706907407	-0.0987176951929	-0.051734897317	-0.0100642018218	0.0	0.0
MCT.f.0470	-0.118485084136	-0.25048986198	0.236596398774	-0.00907594047198	0.0308495855029	0.0	0.0
MCT.f.0472	0.24992261093	-0.0169824364299	0.105791864328	-0.00184578369011	-0.0689007593075	0.0	0.0
MCT.f.0473	0.320771253921	0.00717610892408	-0.00584469413365	0.0593745112089	0.0317923951451	0.0	0.0
MCT.f.0475	0.270141800703	0.0509029456879	-0.161364945749	-0.0587211668899	0.02316506473	0.0	0.0

Biplot	0	0

Site constraints	0	0
