Eigvals	12
0.63383490534	0.575728733522	0.479164754698	0.332475964999	0.290540329227	0.241989117404	0.240793766031	0.198859964248	0.143638588479	0.134282626031	0.0	0.0

Proportion explained	12
0.193755757644	0.175993395159	0.146474940558	0.101633930151	0.0888147073336	0.0739731819584	0.0736077773254	0.0607891151359	0.043908600336	0.0410485943988	0.0	0.0

Species	0	0

Site	12	12
sample12	-0.289391020313	0.210028118705	0.0487255722446	0.0229316141092	-0.199661273553	-0.174608212521	0.143246241488	0.130648156149	0.101863284709	0.161775739054	0.0	-0.0
sample2	-0.321703321585	-0.0105932529686	0.111706246143	-0.0544542229065	0.0113223758208	-0.0552596296998	-0.0086635267748	-0.0899065790157	-0.0418961372214	-0.14286266609	0.0	0.0
sample13	-0.321703321585	-0.0105932529686	0.111706246143	-0.0544542229065	0.0113223758208	-0.0552596296998	-0.0086635267748	-0.0899065790157	-0.0418961372214	-0.14286266609	0.0	-0.0
sample3	0.00455498744202	0.354974169785	0.0695062737959	-0.0443135393895	-0.0698738563923	0.271816601192	-0.102277111977	0.135575356879	-0.177317570142	0.0256248390109	0.0	-0.0
sample4	0.145384274431	0.232613678293	0.217396592446	0.282432771803	0.227469267207	-0.0740714653252	-0.171850000751	-0.105065264923	0.0785973226493	0.0622473030621	0.0	-0.0
sample5	0.314794748052	-0.120452612672	0.0653812437149	0.264716861359	-0.263096455984	0.0471046591212	0.196191552187	-0.108587302664	-0.0545803438534	-0.0614664943877	0.0	-0.0
sample6	0.393756146584	0.284433317619	-0.152411497795	-0.300945060246	0.0843249717867	-0.156247166769	0.115568514152	-0.0561491345411	-0.00947349686142	-0.0423310148612	0.0	-0.0
sample7	0.107377637016	-0.315475475324	0.15825272274	0.0299324377623	0.226792524584	-0.0495791141355	0.110985649475	0.285220896533	-0.0486792084269	-0.0300377381087	0.0	-0.0
sample8	-0.133049981982	0.0100681214812	-0.266358445122	0.0341540194435	0.150994459227	0.275536522699	0.15103475684	-0.0295886499934	0.186772267428	-0.0193455765537	0.0	-0.0
sample9	-0.0651530362711	-0.306379523927	-0.0260887301943	-0.125753485913	0.0667872364896	0.0323337097354	0.00563135652052	-0.179895711273	-0.124072260187	0.234131803445	0.0	-0.0
sample10	-0.0191515699625	-0.0996031737612	-0.499442801792	0.152176315789	-0.0583156251036	-0.125908119431	-0.206812696981	0.0747752999279	-0.0527216958082	-0.0291193718543	0.0	-0.0
sample11	0.184284458175	-0.229020114263	0.161626577677	-0.206423488905	-0.188065999903	0.0641418448336	-0.224391207405	0.0328795119376	0.183403974935	-0.0157541566267	0.0	-0.0

Biplot	0	0

Site constraints	0	0
