Eigvals	11
352.998606407	280.470516059	176.523424751	123.013553452	95.952868674	73.0282328353	49.3377122257	40.7731323851	33.2069059717	24.1695115671	0.0

Proportion explained	11
0.282517663614	0.224470786772	0.141278137162	0.0984522348903	0.0767945815728	0.0584471591218	0.039486771146	0.0326322254269	0.0265766983798	0.0193437419148	0.0

Species	0	0

Site	11	11
MCT.f.0056	-5.33063196347	4.75597677524	3.34892093552	-3.60135067655	-4.46036973635	-3.23062981302	2.83079399319	-0.44308050499	0.948732134441	-0.911573757041	0.0
MCT.f.0057	-4.25225962737	-0.0044420998927	-0.00818158888741	-5.12590552517	3.08865257406	-1.2436610245	-1.12750050195	2.99705147748	-0.906554161593	2.47213262605	0.0
MCT.f.0058	-8.54817236031	1.71740104688	0.858752897532	4.00378074628	5.32132552981	0.21663573332	0.117689746315	0.906881741098	0.892567399778	-2.28956075229	0.0
MCT.f.0059	-3.27372342781	8.52767691739	-3.22347915089	1.83983733659	-3.62943347232	1.97124949886	-3.93826927045	-0.6026060787	-0.714683708498	0.307857481078	0.0
MCT.f.0060	-1.29909666971	-0.00825948731206	-5.76846014078	-2.30355706611	2.49785995596	2.45658020455	2.73132004701	-3.72966873738	-0.310458049019	0.847757249557	0.0
MCT.f.0061	3.23504641781	-1.22182525844	-4.41886426424	5.4148549974	-2.2872888571	-0.629045837188	3.16131258963	2.76109262512	-1.38052218958	0.664669549586	0.0
MCT.f.0063	3.94628792462	-5.32171388152	-4.85916259563	0.226304032882	-0.197716262098	-3.85534805668	-2.17753160102	-0.628997104821	3.25883892343	-0.0792291565813	0.0
MCT.f.0065	-3.20816486484	-7.17033522382	6.3090572877	3.56838614556	-0.725891739307	-1.38847547663	-0.97131450652	-2.49008469662	-1.79212023848	1.28026579363	0.0
MCT.f.0066	4.11368266077	-5.44043559416	-0.862813122461	-4.04936799104	-0.8379689795	1.04179139638	-1.1066353378	0.569603622146	-2.57720646668	-2.96254120212	0.0
MCT.f.0067	1.78842275298	-3.51511201846	4.19058827572	-0.508165468281	-1.78585847668	5.64273324796	0.398553622779	1.26172570685	2.76883530017	0.539017296858	0.0
MCT.f.0068	12.8286091573	7.6810688241	4.43364146641	0.535183468441	3.01668946352	-0.981829873056	0.081581218815	-0.601918050189	-0.187428943976	0.13120487127	0.0

Biplot	0	0

Site constraints	0	0
