Eigvals	16
1.00243505989	0.58596001677	0.282368128802	0.120476799324	0.054162587468	0.0497010445063	0.0260601262211	0.0122435183047	0.00643523069909	0.00403412594114	0.00281656393143	0.00111021647294	0.0	0.0	0.0	0.0

Proportion explained	16
0.466725702796	0.272818271808	0.131468330105	0.0560930289503	0.0252176651764	0.0231404066509	0.0121333852059	0.00570048366635	0.00299619166455	0.00187825659775	0.00131136951706	0.000516907861987	0.0	0.0	0.0	0.0

Species	0	0

Site	16	16
MCT.f.0103	-0.247627152813	0.366318523019	0.180788228697	-0.172499139891	0.0588645309856	-0.0692130167022	0.038629340806	0.00244379999966	0.000256462984097	0.0108595905216	-0.00048019538343	-0.00045918375254	0.0	0.0	0.0	0.0
MCT.f.0104	-0.293214715899	0.313554429423	0.0840019629323	0.0141093066242	-0.0856142201581	0.027439217492	-0.074867949566	-0.00701949530555	-0.00138688466679	-0.0191548492345	0.00203170393245	-0.00435192844205	0.0	0.0	0.0	0.0
MCT.f.0106	-0.293502995472	0.148274383786	0.0159715742135	0.149989161163	0.0132377884437	0.106074779543	0.00345026297359	0.0237066660113	0.010186629251	0.0238521579039	0.00874895387522	0.00948930457199	0.0	0.0	0.0	0.0
MCT.f.0107	-0.296939894232	-0.00399174779157	-0.0702920426386	0.120171971037	0.030809911104	-0.0242817759807	0.0774265346176	-0.00792658542349	-0.0292076664924	-0.0240890155153	-0.0182849914668	0.00109326399837	0.0	0.0	0.0	0.0
MCT.f.0108	-0.256761470708	-0.112904844831	-0.13203438901	0.0765429664755	-0.0167154612354	-0.0683439511034	-0.0107156299748	-0.0403956131791	0.0120395453478	0.00171088339413	0.0114779975797	-0.00733576187548	0.0	0.0	0.0	0.0
MCT.f.0109	-0.193856754008	-0.191725086932	-0.130071144923	0.000370564559012	0.0010966280698	-0.0669986409342	-0.0165851811862	0.0197737619685	0.0123058620622	0.032674537786	-0.00900438515616	-0.00733259783481	0.0	0.0	0.0	0.0
MCT.f.0110	-0.147053310692	-0.192083915355	-0.101041436574	-0.0918328858722	0.048094331524	-0.0237022106067	-0.0427152100935	0.0411539453757	0.00895250425301	-0.0263241679858	0.0160726010279	0.00459390608874	0.0	0.0	0.0	0.0
MCT.f.0111	-0.0854350893838	-0.20917211529	-0.030941871751	-0.106474176957	0.025830011524	0.0707300915229	-0.00255166845162	-0.00717902719621	0.0173408841634	-0.0055884530866	-0.0216754234347	0.0139981917133	0.0	0.0	0.0	0.0
MCT.f.0112	-0.041252194762	-0.222146664612	0.0499365584782	-0.0917837583171	-0.00429889952941	0.10492840186	-0.000276883203991	-0.0145104556159	-0.0303277745881	0.00171164424193	0.0025506857439	-0.0173721987294	0.0	0.0	0.0	0.0
MCT.f.0113	0.082315087465	-0.218057243001	0.134083426535	-0.0226699023356	-0.0858092535084	-0.0270417885284	0.0488399618626	-0.0131350459939	-0.0158966552025	0.00596321824304	0.0273386310606	0.0126545556203	0.0	0.0	0.0	0.0
MCT.f.0114	0.204868704345	-0.1148760132	0.224958375673	0.0254227584805	-0.0268385304489	0.0159643981332	0.0261492624791	-0.0102078824559	0.0390942548172	-0.000333719937787	-0.0120513961043	-0.00786148512577	0.0	0.0	0.0	0.0
MCT.f.0115	0.256266168981	-0.0882184644114	0.184525627674	0.0811623331878	-0.0204482232572	-0.0727488240844	-0.0671209636021	0.0100059786104	-0.0199777489819	0.000111624408034	-0.017369765524	0.00685045734219	0.0	0.0	0.0	0.0
MCT.f.0116	0.351738748363	0.0408057049336	0.0308856228043	0.0623480521539	0.0820968034271	0.00879680823846	0.00522759482609	0.0506742370853	-0.0168990465781	0.00132892758365	0.00838578603023	-0.00769237231548	0.0	0.0	0.0	0.0
MCT.f.0117	0.346494139561	0.115126669042	-0.0303006983427	0.0543952492865	0.0804257925037	0.00196168746255	0.00608595166121	-0.0371665676006	0.0280701872569	-0.015061005723	0.0118408477701	-0.000724453556101	0.0	0.0	0.0	0.0
MCT.f.0118	0.30384406473	0.17066460428	-0.186928941815	-0.0519984098248	0.0276750259045	0.0148207999859	-0.0345735810365	-0.0451501308603	-0.0233971024631	0.0176148669658	-0.00355206626563	0.00640412686308	0.0	0.0	0.0	0.0
MCT.f.0119	0.310116664526	0.198431780941	-0.223540851952	-0.0472540897704	-0.128406235349	0.00161402370134	0.0435981578885	0.0349324145801	0.00884654883728	-0.00527623956533	-0.00602898368506	-0.00195382456631	0.0	0.0	0.0	0.0

Biplot	0	0

Site constraints	0	0
