Eigvals	14
0.869418180493	0.618980451865	0.555869220643	0.373668450013	0.231451166605	0.122198838713	0.0772008212576	0.046761561084	0.00803645805595	0.00198086573528	0.0	0.0	0.0	0.0

Proportion explained	14
0.299225065328	0.213032658279	0.191311853827	0.128604357345	0.079657858556	0.0420568103097	0.0265699766838	0.0160937871834	0.00276588382984	0.000681748659443	0.0	0.0	0.0	0.0

Species	0	0

Site	14	14
MCT.f.0411	-0.000330231538988	0.345428744601	0.244426089715	-0.121093908271	0.16033306035	-0.0832067396436	0.150444010226	-0.0176409733667	0.00230381854309	0.0124080234556	0.0	0.0	0.0	0.0
MCT.f.0412	0.0455637550263	0.332256893341	0.247103213953	-0.0697481455501	0.120489310045	0.00247571428359	-0.150944564062	-0.00295611261359	0.0012387338754	-0.0173829600951	0.0	0.0	0.0	0.0
MCT.f.0414	0.391562869648	0.0645824225815	0.167072501056	0.197339755557	-0.0690453918488	0.124130149637	-0.0713261075537	0.0336157427305	-0.00175804323679	0.01104432128	0.0	0.0	0.0	0.0
MCT.f.0415	0.40862451412	-0.110339760178	0.115031804978	0.195619067242	-0.109185151168	0.0278890004728	0.111982326588	-0.0426729173033	-0.0133941269376	-0.00916808593139	0.0	0.0	0.0	0.0
MCT.f.0416	0.358077140411	-0.249290828098	-0.0738450957577	-0.0154603075283	0.049888330266	-0.193608382977	-0.0303031662513	0.0331349064961	0.0328096453844	0.00200860825653	0.0	0.0	0.0	0.0
MCT.f.0086	0.188607018104	-0.207171309215	-0.233276174854	-0.21008395879	0.134290949691	0.0133591213854	0.00737887534294	-0.0637506757508	-0.0271299877851	-0.0128903978544	0.0	0.0	0.0	0.0
MCT.f.0418	0.124113659264	0.0804130023781	-0.344455685292	-0.163509375562	0.0450257438942	0.0699727840827	-0.0462503697016	0.0363215472176	-0.00893340443658	0.0203789796517	0.0	0.0	0.0	0.0
MCT.f.0419	-0.0768002640926	0.255784501291	-0.253858609699	-0.0794827767138	-0.138607499538	0.131073931555	0.0649937130661	-0.0208857238243	0.0244292820442	-0.0100225459987	0.0	0.0	0.0	0.0
MCT.f.0420	-0.158338830611	0.225618600527	-0.220045229993	0.130819891548	-0.177390616304	-0.152875651942	0.00233939131559	0.0678696230022	-0.00027439520203	-0.00470114840414	0.0	0.0	0.0	0.0
MCT.f.0421	-0.300084607187	-0.0147374701926	-0.10050756651	0.234881447553	0.03356331244	-0.0555134062523	-0.0530828840096	-0.112668121744	-0.000816706179455	-0.00337921636413	0.0	0.0	0.0	0.0
MCT.f.0422	-0.298925734118	-0.094011035128	-0.0293907375758	0.223886998554	0.141779180706	0.0228586571945	0.0127139659897	0.0354370131721	-0.0391951850774	0.0104553606443	0.0	0.0	0.0	0.0
MCT.f.0423	-0.266891773851	-0.257743406959	0.0653376437685	0.0589570813762	0.130171900672	0.107900333158	0.0278574627026	0.0303056058701	0.0558937950094	-0.0015534974848	0.0	0.0	0.0	0.0
MCT.f.0424	-0.212892517031	-0.205739471218	0.190846749987	-0.173620427428	-0.0847789396015	0.010405101227	0.0240165446072	0.103632317066	-0.0263715999187	-0.0141483582458	0.0	0.0	0.0	0.0
MCT.f.0425	-0.202284998143	-0.16505088373	0.225561096225	-0.208505341986	-0.236534189602	-0.0248606121823	-0.0498191982598	-0.0797422309518	0.00119817391733	0.0169509170904	0.0	0.0	0.0	0.0

Biplot	0	0

Site constraints	0	0
