Eigvals	15
1.15506701717	0.665088625422	0.312290774322	0.210790088639	0.0806080629752	0.0375366116682	0.0224224574408	0.0189402001988	0.0139273144206	0.00484401258733	0.000207809476432	0.0	0.0	0.0	0.0

Proportion explained	15
0.458046751737	0.263743730852	0.123840238401	0.0835897086181	0.0319654711465	0.0148853034415	0.00889172112446	0.00751081716418	0.00552293593007	0.00192091385004	8.24077341358e-05	0.0	0.0	0.0	0.0

Species	0	0

Site	15	15
MCT.f.0613	-0.448380157232	-0.247192481626	-0.416073229447	0.00790946185312	-0.08775912506	0.0186980812749	-0.00811433645181	0.00342019581046	-0.00312579342552	0.00195648242725	0.000227027718697	0.0	0.0	0.0	0.0
MCT.f.0614	-0.420934977836	-0.13613309816	0.0672218874702	0.0816421231222	0.0973851901513	-0.093707734879	0.0484544689423	-0.0446764912114	0.018909842051	-0.0199548816941	-0.00207735727894	0.0	0.0	0.0	0.0
MCT.f.0615	-0.364830598034	-0.0901751427451	0.12943679719	0.0800149011531	0.101847555624	0.0158950845136	-0.0477331363359	0.0423316460154	-0.0197427677556	0.0142973726426	0.00512841495135	0.0	0.0	0.0	0.0
MCT.f.0616	-0.326556930016	-0.0118029879951	0.195418583776	0.0310384604376	-0.0138928100498	0.0759255645907	0.00562163026895	0.0225403249059	0.00943088827555	0.0184743664403	-0.00681056299326	0.0	0.0	0.0	0.0
MCT.f.0617	-0.191880119926	0.163440176778	0.15859341599	-0.0532785650656	-0.114257415444	0.0142797913745	0.0207530962195	-0.0425944006615	-0.0359858081334	-0.0102529895098	0.00805709590848	0.0	0.0	0.0	0.0
MCT.f.0618	-0.130385521753	0.234299423938	0.0920122825385	-0.131869606755	-0.095111751762	0.0115070415463	-0.000793786601158	0.0131043050581	0.0426208009518	-0.0111199869387	-0.00280378813378	0.0	0.0	0.0	0.0
MCT.f.0619	0.00561035711135	0.284500121924	-0.0735561336426	-0.15302952668	0.024457907019	-0.0694201537531	-0.0697792572449	-0.0269623433713	0.0273850904601	0.0191344562416	-0.000377923450992	0.0	0.0	0.0	0.0
MCT.f.0620	0.0749102508479	0.270295562694	-0.0891923214472	-0.0733336362104	0.0521887309202	-0.0433553938628	0.0112142799452	0.0500763471366	-0.0726751239055	-0.0135723319114	-0.00355849386334	0.0	0.0	0.0	0.0
MCT.f.0621	0.172266475404	0.219883156457	-0.117304790742	0.0297112845464	0.0575423897934	0.0451104069255	0.0606736753209	0.0212317621143	0.0140806427874	0.0111372541795	0.00277278127952	0.0	0.0	0.0	0.0
MCT.f.0622	0.221930930879	0.160881602404	-0.0805327036997	0.119972844059	0.0432880249445	0.0808963907692	0.00278716868283	-0.063617915789	-0.0103558923236	-0.0119757286378	-0.0031416228912	0.0	0.0	0.0	0.0
MCT.f.0623	0.270905141142	0.0677220807032	-0.04596924924	0.149788381643	0.0426201238795	-0.00140260041916	-0.0238717806231	-0.00780212436979	0.0326288877082	0.00812320764831	0.00367146980724	0.0	0.0	0.0	0.0
MCT.f.0624	0.27920973164	-0.0610718654403	0.0384083277179	0.171583716163	-0.0888745701218	-0.0392096015034	-0.0111650612885	0.0604509087848	0.0266451719725	-0.0279174335869	0.000642393057213	0.0	0.0	0.0	0.0
MCT.f.0625	0.319335518807	-0.184099088368	0.0675197960651	0.0856568804134	-0.0952474762967	-0.0624022262445	0.0238670785025	-0.0201867199786	-0.0308441754607	0.0394718355132	-0.00249013135297	0.0	0.0	0.0	0.0
MCT.f.0627	0.280105798382	-0.347834082413	0.0652605538403	-0.0910796272631	0.0207647714526	0.0342588589057	-0.0661579548103	-0.0232075613834	-0.020770911521	-0.0208978125771	-0.00152147053371	0.0	0.0	0.0	0.0
MCT.f.0628	0.258694100585	-0.32271337815	0.00875678363116	-0.254727091417	0.0550484549495	0.0129264907615	0.0542439154735	0.0158920669395	0.0217991483185	0.00309618976313	0.0022821677757	0.0	0.0	0.0	0.0

Biplot	0	0

Site constraints	0	0
