Eigvals	15
277.58788484	139.048567858	94.3359858305	85.3868944253	76.2234256768	53.7629635066	43.5595357378	34.5375355675	28.3968807518	25.2430406746	20.6590224039	16.7639428013	14.7142118767	10.6524885127	0.0

Proportion explained	15
0.301440124309	0.150996566743	0.102441975492	0.0927239172733	0.0827730609517	0.0583826430754	0.0473024673797	0.037505235579	0.0308369339273	0.0274120944553	0.0224341861502	0.0182044148103	0.0159785570605	0.0115678227936	0.0

Species	0	0

Site	15	15
sample1	-3.07440481588	2.02931708252	1.97279574305	-2.37957690642	0.555393571137	1.37432112896	-2.91673263165	0.212278352586	-0.25508767048	-0.653320576012	3.05599955014	0.3985252325	-0.482845842103	0.562762524245	0.0
sample2	-2.82132223414	3.14815283409	-5.02970947919	0.662904257304	-2.05536834933	-1.26236798488	-1.14640148524	2.06093343528	-0.252563158367	1.22971057236	0.122189562685	0.911107231815	1.71828365463	-0.306220372673	0.0
sample4	-1.77783270085	2.86092686338	1.85779866395	-2.15022742176	4.69533795658	0.723559225448	1.64771027651	1.04602326179	1.44933177177	2.36250871815	-0.346597404843	-0.369354236149	-0.119913339352	-0.859584807643	0.0
sample5	0.458418013294	2.27291909439	-1.83934305468	-1.63390978735	-0.0406317021999	-2.45731890864	3.35480455955	-0.738465041076	-2.75094999491	-0.00389050053279	0.878173332384	-1.00150909206	-0.686657494636	0.700677251603	0.0
sample6	9.47316571345	5.81127439441	3.44027942477	0.451482215707	-2.79967105049	-1.42956307403	-0.780391343404	-0.677519205448	0.925367013846	-0.368022475317	-0.40812445563	-0.364716177787	0.215121487972	-0.419841351656	0.0
sample7	-2.04689398153	3.32045054191	-3.64194885272	-0.380459178757	-0.356698311865	1.87551355311	0.226452576236	-1.04861853893	1.47305886092	-1.14876624058	-1.57687483213	1.13935669452	-1.85466152444	0.621665454057	0.0
sample8	-4.54242788214	0.991840013822	-0.943113037271	2.40693893044	1.39264844379	1.47051100499	-0.398205537458	-1.00817956459	0.306736818092	-2.0202924379	-0.290325926037	-2.54358452619	1.27895597195	-0.321880838703	0.0
sample9	-5.17495746048	-1.28285717258	3.5690432397	-1.07953393291	-3.27027308603	2.18859239057	1.87938596023	-2.07886136444	-0.769751495451	0.617566842212	-0.542376607629	1.18193526143	1.25560890753	-0.0203179786775	0.0
sample10	1.1888680374	-0.818757992568	1.57489952847	5.18054968127	-1.16949497286	2.65335333619	0.25966372372	2.59817548458	-1.69797143843	0.742276497979	-0.111362687041	-0.26229144334	-1.26407096969	-0.0532574835006	0.0
sample11	-2.02737482122	-2.5313075111	0.0662169416587	3.62853291237	1.00128779015	-2.92009112212	0.879769789063	-1.26578114128	0.898688707968	-0.814606802412	1.33055306199	1.30994988833	-0.618454181214	-1.50811680694	0.0
sample12	-2.34390321216	-2.13433292676	1.8937740208	2.31767309753	1.03409562594	-2.86162220189	-1.19046889182	-0.390071236771	1.1144025797	1.25346706483	-0.743266857945	-0.195189134491	0.167112652033	2.16418983338	0.0
sample13	8.43888205473	-3.54024067994	-3.37558946759	0.109132247836	1.54325341842	2.10424249	-1.16060771915	-2.51034353091	-0.420662415204	1.66985673901	0.527049484187	-0.0281757682017	0.352999612697	-0.0282555136806	0.0
sample14	1.36916939895	-5.27035958447	-1.01335985777	-2.77345717466	-3.55356467035	0.0874390034363	1.40566513567	1.75330534174	2.45978554729	-0.287788513611	0.72853874851	-1.14492695666	-0.281442639473	0.0223389431145	0.0
sample15	-2.24784188779	-2.93057804658	0.649934985759	-3.20463425973	-0.223465479927	-1.7265995734	-2.99407981875	0.0927900320472	-1.81055409864	-0.101355039346	-1.94295226877	-0.446622796888	-0.86008478674	-1.0611753312	0.0
sample16	5.12845577836	-1.92644691052	0.818321201061	-1.15541468086	3.24715081703	0.180030732237	0.933435406499	1.95433371542	-0.669831028107	-2.47734384884	-0.680622699882	1.41549582317	1.18004849083	0.507016478267	0.0

Biplot	0	0

Site constraints	0	0
