Eigvals	13
472.710850342	235.268669593	203.667469721	134.238019698	90.0654022403	72.1851094033	53.3972977665	46.0865432284	40.8205027389	26.3764534708	25.1664231214	21.5564285187	0.0

Proportion explained	13
0.332534523403	0.165502769522	0.143272499304	0.0944314603116	0.0633576648122	0.0507795430015	0.0375630154267	0.0324201711821	0.0287157073156	0.0185548552093	0.0177036438076	0.0151641467052	0.0

Species	0	0

Site	13	13
sample1	-7.04070254951	3.8292346003	0.594949326389	-3.58964975583	-0.139635285251	0.078505337043	-5.40103856653	-0.628123540248	0.150343837283	0.0086154557522	0.562249214665	-1.39187318617	0.0
sample2	-5.25911195217	-7.40800713435	-3.02738789676	-0.492530986271	-1.58011878494	1.6287109292	-1.671856288	0.701968179152	0.245313312294	0.27523161362	-2.14064258961	2.41503757538	0.0
sample3	-8.91284307133	5.2192629091	-7.02450267268	6.79988872369	0.219708416658	-0.230176486411	0.989133602826	0.0430446630859	-0.955961409007	-0.103465602883	0.50344157969	-0.0196148516899	0.0
sample4	1.52152252245	-3.24250884731	-2.53687074266	-3.1168520725	-6.03183917742	-1.56019277345	1.65122044501	0.477140108212	-1.92291980671	1.12061633627	1.56504549925	-0.932252134036	0.0
sample5	-3.02890193358	-1.64630421691	0.652452265219	-2.28541071623	1.75232622756	5.68436864391	2.71135252586	-0.684338376348	-0.599450759385	-0.87066796598	-0.706796349615	-1.88136876373	0.0
sample6	-6.63241696991	1.72662398589	0.62378183658	-4.37771077925	1.91723070851	-3.67844758467	2.67192563245	2.28261623587	2.6586896951	-0.691653148416	-0.261892649639	0.279836520993	0.0
sample7	9.60185058142	-1.41098242886	-6.09282238263	0.309830230357	1.09259922492	-0.650431753075	-0.20822347953	-2.75116284378	3.38199663396	0.97979697471	-0.321791464632	-0.826950954116	0.0
sample8	6.97766532422	5.77481979566	-1.15477027596	-3.63228722385	2.43665550046	-1.0370385407	0.357432870837	-1.34616627602	-3.43056386703	0.0284632278292	-1.13658373433	1.54894632474	0.0
sample9	-1.12750503053	-6.9505511736	2.81397780359	1.40843253216	2.87039536903	-1.46408479038	-0.238500640384	-2.17549415938	-0.761681609712	-1.73972700275	2.62952476472	0.840213765366	0.0
sample10	9.17304128521	0.16356356013	-0.761439455625	1.22027026368	2.01168773425	2.14281571195	-1.338600541	4.80186221768	0.0889917557539	0.166478117515	1.47220518683	0.163230364042	0.0
sample11	5.64350742759	3.1420767405	3.46225955127	2.46539512814	-4.55851181898	-0.157005549033	-0.24826111351	-0.162976902828	0.936267660934	-3.2898378502	-1.06410140254	0.0158553197396	0.0
sample12	0.54094478299	-3.36754927338	5.48124141011	4.04769699815	1.44942340535	-2.89357958261	-0.304692663823	0.704915814809	-1.31062500376	1.56404112376	-2.0965796156	-1.75797740317	0.0
sample13	-1.45705041686	4.17032148283	6.96913123316	1.24292765776	-1.43992152014	2.13655643824	1.0301082158	-1.26328512021	1.51959956027	2.55210872077	0.995921560809	1.54691742264	0.0

Biplot	0	0

Site constraints	0	0
