Eigvals	14
0.561119879318	0.467406318693	0.401778546361	0.395238228479	0.351249418462	0.32342276749	0.256027208401	0.217011675014	0.180121065327	0.170368918134	0.134155568115	0.0979345676973	0.0722570812536	0.0

Proportion explained	14
0.154659803675	0.128829813646	0.110741025922	0.108938337554	0.0968138326631	0.0891440556068	0.0705680180764	0.0598142826337	0.0496462335911	0.0469582782614	0.0369769002869	0.026993413656	0.0199160044274	0.0

Species	0	0

Site	14	14
sample1	-0.23614541937	-0.140802786603	0.178394323959	0.0578135429098	-0.0918011958895	0.164705361983	0.197956160387	0.235810247057	-0.0345083509706	-0.158271527408	0.0155782545666	0.0095460078823	-0.0429762675604	0.0
sample2	-0.263720749888	-0.163019182673	0.156004716706	-0.292380308269	-0.115825618889	-0.206392072132	0.113284502188	-0.16709101316	-0.0338754760272	0.0799280722947	-0.0517440572539	-0.0738835041567	0.0138535120191	0.0
sample3	0.122378192899	0.218372881203	0.247965436881	0.163126043063	-0.28499730609	0.0459139571207	-0.0366491685442	-0.151966683626	0.103630423984	0.0392877783801	0.0725867002213	0.0441343117441	-0.0859444611142	0.0
sample4	-0.281168058123	0.21388351005	-0.2366873692	-0.201693503847	-0.0693850078288	0.104003836226	-0.155321569473	0.0275667990086	0.203721040929	-0.0905446511625	-0.0511919289303	-0.00652338865416	0.0171469253758	0.0
sample5	-0.264657891592	-0.119662092974	0.137812037189	0.354043146276	0.248321767301	-0.127352011474	-0.182914648335	-0.0357594456624	0.0625865755751	-0.00835425774063	-0.0390715046613	-0.0294357117744	0.0170810279211	0.0
sample6	-0.174373788272	0.364759163605	-0.206287632096	0.119831909231	-0.00434024040042	-0.173236433886	0.0773816780564	0.0247242664105	-0.231848871092	0.0253268765494	0.00934080153065	0.0426409130738	-0.0225191644978	0.0
sample7	0.248640781055	-0.0151670627474	-0.0644774649192	0.173265365592	-0.172929134017	0.0659889319489	0.06070471448	-0.0671295393486	-0.0418862338417	-0.0925546490332	-0.152500627454	-0.0626457887472	0.153099593638	0.0
sample8	0.0810424977538	-0.297975810214	-0.220231801405	0.064836342685	-0.14796831133	-0.157095987393	0.0160442916394	0.123435702124	0.101644399695	0.142392619009	0.0240539581163	0.140660615568	0.014687919472	0.0
sample9	0.143741924692	-0.174333880957	-0.188347597399	-0.0364162461771	0.0782213857286	-0.0625758960526	0.0055915855922	-0.159297365783	-0.0217377286698	-0.217157798618	0.194968764138	-0.0291287898935	-0.0351125942103	0.0
sample10	0.207381776293	-0.0827535310389	-0.0963608636577	-0.022336570517	-0.0250314748855	0.0407058663504	-0.136184563336	0.115118121368	-0.0679163133408	0.0857602169598	-0.0811682112483	-0.168248132333	-0.138522196627	0.0
sample11	0.13026702306	0.0159903105199	0.225719217761	-0.2135880397	0.00134039403556	-0.004345733477	-0.274819328283	0.10701929162	-0.152259379637	-0.0235393336239	0.0580628832022	0.0783245847698	0.0797354653067	0.0
sample12	0.213368830501	0.0416870214282	0.0602897096925	-0.123663289047	0.266514508998	0.00646188720943	0.10794560287	-0.0669259249969	0.0379198201835	-0.0530538093937	-0.180012413197	0.135407881941	-0.0732270629048	0.0
sample13	-0.111848839155	-0.0758980931002	-0.0821580821723	0.0062687025129	0.130778659566	0.390256617592	0.0403431969803	-0.121853192302	-0.0706719524156	0.185854354299	0.0668618464304	0.0191801523638	0.0330588844607	0.0
sample14	0.185093720147	0.214919553501	0.0883653686613	-0.049107094713	0.1871015737	-0.0870383240168	0.166637545778	0.136348737291	0.145202045628	0.0849261094885	0.114235534539	-0.100029151784	0.0696384187209	0.0

Biplot	0	0

Site constraints	0	0
