Eigvals	12
0.817190230663	0.454625427574	0.397458497539	0.157367430461	0.101773370814	0.0318606859436	0.00767204057495	0.0	0.0	0.0	0.0	0.0

Proportion explained	12
0.415249977164	0.231014996674	0.201965987641	0.0799652509946	0.0517154859674	0.0161898033213	0.00389849823702	0.0	0.0	0.0	0.0	0.0

Species	0	0

Site	12	12
MCT.f.0514	-0.258167032676	0.145895624261	0.217968925191	-0.0973031900044	0.086405171043	-0.0385335434487	0.00741031791099	-0.0	0.0	0.0	0.0	0.0
MCT.f.0515	-0.272693907843	0.155223898964	0.243465913995	-0.0398584894202	0.0424202273488	0.03608062472	-0.00790677705037	-0.0	0.0	0.0	0.0	0.0
MCT.f.0516	-0.363128798968	0.0542825701408	0.103450917118	0.0800906380019	-0.0715589417297	-0.0495267968486	0.00117025072633	-0.0	0.0	0.0	0.0	0.0
MCT.f.0517	-0.300433364188	-0.0869664697042	-0.106106691482	0.181093551398	-0.0956895361579	0.0952733061764	0.00454116554621	-0.0	0.0	0.0	0.0	0.0
MCT.f.0519	-0.170868549921	-0.242441358981	-0.252239170787	0.0580171537816	0.0109811221087	-0.083447002045	-0.0107507044592	-0.0	0.0	0.0	0.0	0.0
MCT.f.0520	-0.0817625074259	-0.260638130424	-0.161512024325	-0.100027814648	0.156255880585	0.0227256308666	0.00225118706042	-0.0	0.0	0.0	0.0	0.0
MCT.f.0522	0.203282779064	-0.290035989555	0.112117801369	-0.129544187591	-0.0471025958814	-0.00572565280613	0.0172252883532	-0.0	0.0	0.0	0.0	0.0
MCT.f.0523	0.308537820375	-0.152029113243	0.185628126199	-0.0101070560943	-0.0147920671322	0.072548082887	-0.0164933323324	-0.0	0.0	0.0	0.0	0.0
MCT.f.0524	0.350664271043	-0.0121833770369	0.14644970619	0.069889138521	-0.109060662956	-0.0659177723905	-0.0226661233171	-0.0	0.0	0.0	0.0	0.0
MCT.f.0525	0.308090220421	0.165098585942	-0.0454415774417	0.125734529315	0.0599940711396	-0.00886474128106	0.0662295469498	-0.0	0.0	0.0	0.0	0.0
MCT.f.0526	0.251264573702	0.251748772776	-0.151218891284	0.0837045226442	0.124497897802	0.00935761981424	-0.0439807501617	-0.0	0.0	0.0	0.0	0.0
MCT.f.0527	0.025214496418	0.27204498686	-0.292563034741	-0.221688795904	-0.14235056617	0.0160302443558	0.00296993077376	-0.0	0.0	0.0	0.0	0.0

Biplot	0	0

Site constraints	0	0
