Eigvals	10
0.602708458	0.459638649948	0.396654272826	0.325746477712	0.314691326461	0.25949034011	0.221348980223	0.176310457721	0.161312958521	0.0

Proportion explained	10
0.206555420371	0.157523680477	0.135938178696	0.111637226498	0.107848493515	0.0889304531439	0.0758589514578	0.0604237093852	0.0552838864568	0.0

Species	0	0

Site	10	10
sample1	-0.090877777844	0.0930113245822	0.0279346744319	0.0701728212026	0.237974726897	-0.302044317195	-0.187355659432	-0.0208844653978	0.159545739275	0.0
sample2	-0.205139792803	0.14067986144	-0.0871576196704	-0.219266409908	-0.213609707033	0.11234401398	-0.215196690065	0.193734527215	0.0273764221936	0.0
sample5	-0.222027214435	-0.0154450082269	-0.0782172684349	0.151272011592	-0.107013740813	0.175819722714	-0.102522181354	-0.305352892212	0.00525712715497	0.0
sample6	-0.0101878161682	-0.407942176723	0.266419965108	-0.127303164505	0.117004454816	0.000317430520764	-0.103153657766	0.00456646300462	-0.187258706973	0.0
sample7	-0.0222370160647	-0.282718530918	0.0947538966431	-0.030769548002	-0.260794378174	-0.105046630036	0.202215069495	0.00877077794854	0.203181285838	0.0
sample8	-0.182989676277	-0.0114800374736	-0.121262293112	0.387300710623	-0.0262921882351	-0.049968760086	0.0896715258205	0.173472107978	-0.143566246316	0.0
sample11	-0.19442629656	0.0764957176334	-0.0211516631639	-0.120465237462	0.326309799258	0.22402706965	0.210372861346	0.0365344092494	0.079917802814	0.0
sample12	-0.000750282825357	0.327855298094	0.0332537678001	-0.198365166433	-0.0905753325984	-0.199220609043	0.15567927427	-0.110474564869	-0.17266983979	0.0
sample13	0.465608447491	-0.144585911343	-0.431038216637	-0.0681461387046	0.0518390681908	-0.00221477514258	-0.0169342927912	-0.0144561832994	-0.0134732401093	0.0
sample14	0.463027425488	0.224129462935	0.316464757035	0.155570121597	-0.0348427023075	0.145986854638	-0.0327762495234	0.0340898203815	0.0416896559124	0.0

Biplot	0	0

Site constraints	0	0
