Eigvals	9
0.501193266419	0.363733103113	0.351567141883	0.295799497189	0.258240419857	0.225998111087	0.146967864981	0.131499086082	0.0

Proportion explained	9
0.220304878657	0.159882788764	0.15453510995	0.130021843272	0.113512347776	0.0993398949583	0.0646013021931	0.0578018344295	0.0

Species	0	0

Site	9	9
sample1	0.0360644946273	-0.465036725899	0.0130347337428	0.0827096838077	-0.00158013203576	0.097212521921	0.142826952131	0.107267497896	-0.0
sample2	-0.0785534386662	0.175736509578	0.181735416129	-0.289946245198	-0.244960239287	0.152782818022	0.0593194938195	0.0842085291457	-0.0
sample3	0.103462749292	-0.131581014696	-0.177580422522	-0.271732648254	-0.0562887259299	-0.263562387498	0.0264629911782	-0.143320579201	-0.0
sample5	-0.4317619997	-0.0865900118362	0.14761717815	-0.0706365348015	0.227016228094	0.0764022679362	-0.123694975038	-0.107556001812	-0.0
sample8	0.120521260307	0.234765696213	0.186624688527	0.123195727729	0.192529751237	-0.07741069429	0.229855507219	-0.0611756160708	-0.0
sample9	0.305961977785	-0.0364583275549	0.181471122644	0.200752192233	-0.17838638772	0.0641638398162	-0.160909769097	-0.140875900161	-0.0
sample10	0.155842993506	0.0576010879914	0.0569430608178	-0.0208600952508	0.13719259761	-0.175241874028	-0.166075234904	0.236175873122	-0.0
sample12	0.160501234927	0.139479704967	-0.39512708743	-0.0177415935853	0.124972177838	0.248823095613	-0.0227603541111	-0.0108741353519	-0.0
sample13	-0.372039272079	0.112083081236	-0.194718690058	0.264259513319	-0.200495269807	-0.123169587492	0.0149753888029	0.0361503324339	-0.0

Biplot	0	0

Site constraints	0	0
