Eigvals	11
0.612293990459	0.481257138484	0.444269219386	0.260909862687	0.248720252396	0.194067795349	0.138873361155	0.0465534156849	0.0101419090333	0.0	0.0

Proportion explained	11
0.251240109347	0.197472289425	0.182295186622	0.107058085581	0.102056372237	0.0796310512336	0.0569833429459	0.019102074215	0.0041614883932	0.0	0.0

Species	0	0

Site	11	11
MCT.f.0564	-0.203298049945	0.321581186858	0.046504961127	-0.0406854896657	0.110172218136	-0.128116824918	0.061357886238	-0.101770270386	0.0340095684754	-0.0	0.0
MCT.f.0565	-0.211225422381	0.343276203365	0.0928869688203	0.0217493546795	0.108744938109	-0.0548960878693	-0.0356547612962	0.0816820189055	-0.0400099982377	-0.0	0.0
MCT.f.0566	-0.208103713801	-0.153297040646	0.298806919052	0.228233983511	0.0185115120134	0.132012526459	-0.00765259683376	0.0695253031848	0.0100131390446	-0.0	0.0
MCT.f.0567	-0.0381082074843	-0.270401881449	0.324202675618	-0.0641054454953	-0.0102597864208	0.0363329960044	0.0319868391934	-0.10534502965	-0.0033278346213	-0.0	0.0
MCT.f.0568	0.0935851774179	-0.168800245609	0.0784908836039	-0.381639077663	0.0368768515923	-0.0961138161647	0.00151532763335	0.0835455546406	0.000842249032985	-0.0	0.0
MCT.f.0570	-0.095836953583	0.113987719212	-0.0474329015488	-0.0273442627863	-0.446757722152	-0.00846691407717	-0.0598497081025	-0.0149900290073	-0.0131652359128	-0.0	0.0
MCT.f.0573	0.237746473715	0.205371270444	-0.100300099313	-0.0744147254122	0.00673914188806	0.290236101873	0.0285849687747	0.0237193978167	0.044062665928	-0.0	0.0
MCT.f.0574	0.427120106245	0.0508587585367	-0.0273598646995	0.0584748498976	0.0898029952645	0.0604263400933	-0.00878151011627	-0.0582248955665	-0.0608370822947	-0.0	0.0
MCT.f.0575	0.381732736807	-0.0600926475627	-0.00325062353992	0.203978561484	-0.0245764334794	-0.237943418376	-0.0565328375694	0.0322472515831	0.0362770549623	-0.0	0.0
MCT.f.0577	-0.139885831413	-0.177486677801	-0.317671215379	0.0749695937288	-0.00985800226887	-0.0288027535241	0.27157889016	0.0207067921439	-0.0113305350968	-0.0	0.0
MCT.f.0578	-0.243726315578	-0.204996645348	-0.344877703741	0.00078265772242	0.120604287318	0.0353318504988	-0.226552498081	-0.0310960936649	0.00346600872016	-0.0	0.0

Biplot	0	0

Site constraints	0	0
