Eigvals	17
0.701442097012	0.571456794085	0.491139121694	0.384651457908	0.323535338829	0.294448249236	0.281555988541	0.231740272278	0.229039458018	0.193192756515	0.168840886524	0.141493033086	0.112569682347	0.0937922435059	0.0599407810634	0.0500909827878	0.0

Proportion explained	17
0.162035938628	0.132008812145	0.113455107585	0.0888560300165	0.0747379613085	0.0680187269137	0.0650405629687	0.0535329326491	0.0529090337192	0.0446283018534	0.0390029221847	0.0326854583195	0.0260040482571	0.0216663845488	0.0138465609109	0.0115712179914	0.0

Species	0	0

Site	17	17
sample1	0.0426775760304	-0.1422323127	0.149785802944	0.109085409666	-0.052818387265	-0.178524253903	0.189619696982	-0.120393347949	-0.043523117641	0.122180919575	0.0626746845891	-0.207240650332	0.0170575286179	0.0887370107315	0.0187601542822	0.0271294897807	0.0
sample2	0.131036861746	-0.0866400713817	0.216794040718	-0.161561911501	-0.0920352155352	0.172395915896	0.158333159989	-0.147641970633	0.0764144029315	0.0455498797761	0.117381655433	0.1987287594	0.0552669126422	0.0151540825765	0.00491060049118	0.0119426643941	0.0
sample3	-0.0121640449566	-0.32044246442	-0.228245607992	-0.152211185798	0.0189832817752	0.0929635014352	0.00562567827104	-0.0143637716874	-0.116237355204	-0.125112824368	-0.0235397448625	-0.0240519452164	-0.0715431928926	0.0373012855152	-0.0893279640692	0.105617659002	0.0
sample4	-0.219150949691	-0.319168710144	-0.163050176352	0.0668851320689	-0.0307595457128	0.182870094331	-0.0517385280668	-0.0744893801447	-0.0843008704588	0.0781400687295	-0.0830722284634	-0.00484330790724	-0.0167266655243	-0.00479638971778	0.0957689080101	-0.10481444166	0.0
sample5	0.180206960288	-0.0725289348768	0.0283695283749	0.132719430073	0.0977563661498	-0.0776911644943	-0.141890130139	-0.151951418687	0.130431913234	0.120122638541	-0.210788513195	0.0377497624951	0.0491984082812	-0.092641312122	-0.0430475615983	0.050517833778	0.0
sample6	0.185740418167	0.196336148437	-0.0020525353841	0.0671777706889	-0.181019641135	-0.00459486316607	-0.0750964818858	0.000968629462535	0.0961270861411	-0.108739332195	-0.127686399701	0.0403636855545	-0.104591645021	0.167324294932	0.0698610300226	0.0153052471938	0.0
sample7	-0.353217615318	-0.0372217033354	0.192347233468	0.0340640883542	-0.293555088296	-0.0214309128985	-0.149882341886	0.0283818521986	0.0495613351169	-0.152720328175	0.0143688689399	-0.0543958044133	0.119932187031	-0.048724932749	-0.0384346066526	0.00148014201837	0.0
sample8	-0.28502564457	0.223243083472	-0.275727683807	-0.0992187132847	-0.0457405140747	-0.171530803976	-0.0800702919911	-0.155054320236	0.0771643959872	0.093239087576	0.144860183608	0.0386748057663	-0.108193032632	-0.0297617086261	-0.0169685081686	-0.00619111372348	0.0
sample9	-0.170535929928	0.364257495912	-0.139356799786	-0.0740769348444	0.0178261265667	0.0934641659487	0.0810452966577	0.07535943081	-0.143847868879	0.132069054953	-0.106878086966	0.00967871133743	0.152711259507	0.0720125739382	-0.0304197371519	0.0205114042823	0.0
sample10	0.141526286289	-0.127046878372	-0.152832871263	-0.245556265756	0.0190197027259	-0.0177658987229	0.00694431334763	0.240198772805	0.252292014963	0.0608202185427	0.026555128555	-0.0850909472105	0.0536037980243	-0.0212927021061	0.0524910632384	0.000408876394543	0.0
sample11	0.0874437252564	0.183147295336	0.159065060964	-0.116094087572	-0.0720456381561	0.0916650603401	0.177763304925	0.0256056863652	-0.0147551317911	-0.0104952675108	-0.107588776282	-0.09294905819	-0.144914196093	-0.116154134654	-0.0659497703967	-0.067619607878	0.0
sample12	-0.00597421676641	0.0385775076945	-0.209334584285	0.229509211129	0.174012077441	-0.0423214242281	0.225022173759	-0.040504011708	0.111637758511	-0.220379373382	0.0222602573307	0.0268322945662	0.0724221832704	-0.00354395820963	-0.0226450630636	-0.0532707605522	0.0
sample13	-0.360012203697	-0.0828658151819	0.240042077481	0.181871098245	0.174750053368	-0.0081362585726	0.032991213426	0.215749734005	0.0457094697706	0.0778873148591	0.0142057752035	0.096811853698	-0.105305124204	0.0303816739388	-0.0127071681854	0.03374269474	0.0
sample14	0.216544314781	0.186949074266	-0.0445775933517	0.244616667472	0.016766429025	0.250500571558	-0.11197506279	0.0269307642647	-0.0506184381943	0.010136610306	0.168145635949	-0.0792235860647	-0.0126534792548	-0.0793713881997	0.0414625369948	0.0596840256393	0.0
sample15	0.258731761266	-0.0823074605121	-0.0782499356588	0.0626873525297	-0.156069497494	-0.252729762485	0.0343831285687	0.149035145533	-0.22066489556	0.00640374883219	0.0183649016723	0.134005073777	0.0094664751432	-0.0773090894629	0.0248132595233	-0.0110547138337	0.0
sample16	0.235863566276	-0.0268025281971	0.106465006102	-0.0452838204143	0.143022615109	-0.016192313206	-0.234771469069	0.0207196052225	-0.0512397282057	0.0122521748349	0.0912244898974	-0.0139054235448	0.0195290454955	0.102498729327	-0.101078341903	-0.105387090253	0.0
sample17	-0.0736908651718	0.104746274004	0.200559037827	-0.234613241056	0.261906875507	-0.0929416538572	-0.0663036600999	-0.078551399621	-0.11415097072	-0.141354590895	-0.0204878317077	-0.0211442237146	0.0147395376088	-0.0398140351121	0.112511168627	0.0219976906772	0.0

Biplot	0	0

Site constraints	0	0
