Eigvals	14
0.589839650613	0.405067573004	0.371916424689	0.351613437928	0.296294508652	0.264078452076	0.230916003308	0.197433592878	0.190295766361	0.148179634523	0.118541485194	0.109701272898	0.0937513146993	0.0

Proportion explained	14
0.175149825041	0.120282714917	0.110438653363	0.104409786746	0.0879831176099	0.0784167266984	0.0685693095342	0.058626881414	0.0565073408501	0.0440011739365	0.0352002792117	0.0325752240204	0.0278389666579	0.0

Species	0	0

Site	14	14
sample1	0.14150156957	-0.195290273225	0.0293180524226	0.0365830836204	0.0104639401693	-0.13937773565	0.152038592796	0.0920191686305	0.103860960236	0.139481541756	-0.106144901986	-0.128238587079	0.116391072544	0.0
sample2	0.0379577217489	0.365857980759	0.0624280848471	0.246111147917	-0.176867374645	-0.0455553410689	-0.138397784011	0.11712355912	0.0495497160018	0.116743538157	0.0648697840277	0.0165890753703	0.0198196516989	0.0
sample3	0.124775094864	0.0267004790893	0.116270322271	0.061205276685	0.205322084021	0.0290540363093	-0.0311032370338	-0.149206116607	-0.139107312937	0.152826761123	-0.129138167973	0.1435066285	-0.0175024833342	0.0
sample4	0.127005567649	0.037625665449	0.0653991104713	-0.0462316170172	0.047645934013	-0.0250678534637	-0.0203624812092	-0.0535931740595	-0.247936152621	-0.0989120948711	0.129702294623	-0.0723366208005	0.160593513678	0.0
sample5	0.10209768118	0.14925709318	-0.127046646972	-0.140029576791	-0.102047973952	0.214640060179	0.298524370829	0.132522782562	-0.0681790051833	-0.00075425975079	-0.00669705778087	0.0670799297301	-0.0245418976125	0.0
sample6	-0.417526579112	-0.0937728854404	-0.0694120029328	-0.121000434986	0.0155046555341	-0.111062689901	0.0758937928542	-0.0771364894123	-0.00249754938904	0.166023112667	0.170965262081	0.0188926345289	-0.0413532063049	0.0
sample7	-0.42898830033	0.124656374337	0.174006265298	-0.151527553867	0.161460211446	0.127998015832	-0.0975358587892	0.12600961108	0.0405764085005	-0.0611731982625	-0.101215009207	-0.0551049573901	0.0333187352389	0.0
sample8	0.0792318706959	0.270076712	-0.0489590184488	-0.0634649173953	0.112566067238	-0.26790971787	0.110560798503	-0.124554152166	0.133028000155	-0.151102891051	-0.0256736300804	0.00724346169823	-0.0441215001157	0.0
sample9	0.142318234708	-0.19950418649	-0.0844100377835	-0.198120298736	-0.0414202601279	-0.0700918974995	-0.175440490326	0.11985510778	0.100148526888	-0.0528856908571	0.0237824370996	0.184896407392	0.0662023098261	0.0
sample10	0.178158354439	-0.0121321256282	-0.292601369864	0.0592926752436	0.198888238158	0.23280075425	-0.111827500645	-0.0713077514027	0.128445087919	0.0253714283121	0.065091520177	-0.0956390455129	-0.0224833343615	0.0
sample11	0.108818008283	-0.0324769392825	-0.0545257221843	-0.20942397901	-0.21199251114	-0.0677177607916	-0.154035221008	-0.0195626240215	-0.129857814155	0.0217843666437	-0.087136587692	-0.121151588415	-0.140235147744	0.0
sample12	-0.0237773262197	-0.101231746865	0.242392901643	0.0256709684478	-0.252560254242	0.171415252122	0.0349057825308	-0.232880936394	0.140714391601	-0.0563024050352	0.0011995069593	0.00973650989341	0.0300388940954	0.0
sample13	-0.288881788173	-0.135064306	-0.272116870105	0.320576319749	-0.0848113953007	-0.0358652618061	0.00828091314007	-0.0046208058791	-0.0939237283114	-0.116543854383	-0.0919789361737	0.0322849002409	0.0144717156064	0.0
sample15	0.117309890697	-0.204701841883	0.259256931338	0.18035890614	0.117848638828	-0.0132598606416	0.0484983223685	0.145331820769	-0.0148215287046	-0.0845563544479	0.0923734859252	-0.00775874815627	-0.150598323215	0.0

Biplot	0	0

Site constraints	0	0
