Eigvals	9
0.591468329728	0.554170960114	0.213407370807	0.121530234614	0.0445287598807	0.0199446371261	0.0	0.0	0.0

Proportion explained	9
0.382814936632	0.358675030118	0.138123251958	0.0786577855894	0.0288202656596	0.0129087300432	0.0	0.0	0.0

Species	0	0

Site	9	9
MCT.f.0038	0.0317083615982	-0.457445512876	0.0323069418415	-0.0549900569261	0.0292617715379	-0.0683129817115	-0.0	0.0	0.0
MCT.f.0039	0.0386793834704	-0.459277215331	-0.0192623372749	0.00552708718936	-0.0166424195225	0.0632180671507	-0.0	0.0	0.0
MCT.f.0042	0.256277919305	0.066656002404	-0.187514722632	0.20380296667	-0.0441894806583	0.0327741984186	-0.0	0.0	0.0
MCT.f.0043	0.270852357615	0.184282983033	-0.0651618403945	0.0311007579557	0.0255431224451	-0.082420742557	-0.0	0.0	0.0
MCT.f.0044	0.261206203587	0.184407444049	0.0239635376774	-0.111857162198	0.0905190742762	0.0345317657666	-0.0	0.0	0.0
MCT.f.0045	0.165732720749	0.162749671308	0.25275742348	-0.110098158886	-0.0754771193176	0.0276616567551	-0.0	0.0	0.0
MCT.f.0048	-0.309440351855	0.0778186824317	0.232262301259	0.166303740515	-0.0365895741191	-0.0229682612947	-0.0	0.0	0.0
MCT.f.0049	-0.395282171938	0.116390221158	-0.0400623529374	0.0224544107524	0.125994491394	0.0278652853294	-0.0	0.0	0.0
MCT.f.0050	-0.319734422531	0.124417723823	-0.22928895102	-0.152243585072	-0.0984198660355	-0.0123489878571	-0.0	0.0	0.0

Biplot	0	0

Site constraints	0	0
