Eigvals	8
140.219432528	95.5918214414	56.1402018847	46.3484415565	42.8900641704	26.9385662931	24.2163112161	0.0

Proportion explained	8
0.324323132486	0.221100873189	0.129850519328	0.107202485992	0.099203367989	0.0623080556478	0.0560115653678	0.0

Species	0	0

Site	8	8
MCT.f.0039	-7.80113065471	1.17476996602	-4.28242053053	1.64243883704	1.07177110134	0.620710834137	0.119713307882	0.0
MCT.f.0042	4.97852218593	0.0729102505842	-1.58807390427	-2.29163726003	4.11819793056	0.730662534522	-1.73784628254	0.0
MCT.f.0043	2.84353709788	-1.84577156323	-2.24158755871	-2.62932229702	-2.33948525051	0.931814647854	3.04622257246	0.0
MCT.f.0044	1.2933673375	7.79225689513	0.757456170136	-0.410913722882	-1.03270596284	-2.24548550612	0.218666315938	0.0
MCT.f.0045	-2.94107447318	-2.90330635254	0.814237245955	-2.31854210206	-3.12728607257	-0.699240038241	-2.91615685208	0.0
MCT.f.0048	5.37495937416	-2.00821721583	-0.828064689565	5.03929210422	-1.384724185	-0.215366157394	-0.699923616305	0.0
MCT.f.0049	-1.51837260682	1.59847184087	4.45394012864	0.681537426629	0.13978023219	3.53596162215	0.305839817375	0.0
MCT.f.0050	-2.22980826076	-3.88111382101	2.91451313834	0.2871470141	2.55445220683	-2.65905793691	1.66348473727	0.0

Biplot	0	0

Site constraints	0	0
