Eigvals	13
1.07750938055	0.779267935366	0.550896825843	0.39667012983	0.27392741704	0.199111968243	0.0872076304333	0.0392768400988	0.0272227227328	0.0211790439639	0.0	0.0	0.0

Proportion explained	13
0.312116205744	0.225726249474	0.159575248385	0.11490125106	0.0793470456953	0.0576756668368	0.0252609538386	0.0113771058763	0.00788545611086	0.00613481697943	0.0	0.0	0.0

Species	0	0

Site	13	13
MCT.f.0529	-0.650445651063	0.104047861291	0.00954010386326	-0.0604381904435	0.0132282423586	-0.0103824002274	0.0140805915657	-0.140228430511	0.00819109422795	0.00179932628915	-0.0	0.0	0.0
MCT.f.0530	-0.650669327337	0.122655247219	0.0176518395103	-0.0803036436195	-0.00539180690969	-0.00546248448883	-0.000513299545346	0.138875900304	-0.00808097504665	-0.00192725994428	-0.0	0.0	0.0
MCT.f.0532	-0.0193345443198	-0.203511209684	-0.375379416854	0.264547826839	-0.016194226695	-0.190270049775	-0.134925076825	6.1777875158e-05	-0.015486692419	-0.00206829755968	-0.0	0.0	0.0
MCT.f.0533	0.0443265420509	-0.232672997553	-0.405919475832	0.0726366605775	0.0164207636139	0.141676934383	0.167614213084	0.00480441185065	0.00755949767834	-0.00903898640166	-0.0	0.0	0.0
MCT.f.0534	0.177838852746	0.0282822621764	-0.17160506973	-0.249875945225	-0.0509732684931	0.238903871023	-0.0783147898985	-0.000538262541607	0.0205556291947	0.00369648757265	-0.0	0.0	0.0
MCT.f.0535	0.226475485809	0.0956711683452	-0.070295431983	-0.323132075728	-0.00400609456387	-0.0614798542995	-0.103950703667	-0.00863667504768	-0.0144649023586	0.000826507283591	-0.0	0.0	0.0
MCT.f.0536	0.259888318863	0.168929782568	-0.0173532343726	-0.184280912604	-0.00452290519717	-0.270250803725	0.125247145442	0.00657687412045	0.0426882764667	-0.0106781479067	-0.0	0.0	0.0
MCT.f.0538	0.179476363293	0.27091450289	0.0628493695922	0.0764931528352	0.142817390524	0.0200578528472	0.0651312060983	-0.00603214443982	-0.112150820904	0.0148333262685	-0.0	0.0	0.0
MCT.f.0539	0.146818349382	0.28621637109	0.101956311028	0.180611307787	0.126034844115	0.0719232316259	-0.0558126774889	-0.00196360517283	-0.00954833356455	-0.01716149505	-0.0	0.0	0.0
MCT.f.0540	0.114333995685	0.267386597488	0.127003147896	0.244424791107	0.0328837645029	0.0523126763549	-0.0131267024765	0.00862390040335	0.102998406412	0.00207052121052	-0.0	0.0	0.0
MCT.f.0541	0.0901036653006	-0.0224954360451	0.190684712129	0.105804620969	-0.457631929852	0.0157464101134	0.0223584494949	-0.00574336515611	-0.0286682057432	0.0149769695828	-0.0	0.0	0.0
MCT.f.0543	0.0387519314166	-0.447708229804	0.299911540607	-0.0248202068125	0.0699569117967	0.00968649159879	-0.00738214018293	-0.00168631910257	-0.0072666021801	-0.0991906726153	-0.0	0.0	0.0
MCT.f.0544	0.0424360181743	-0.437715919981	0.230955604146	-0.0216673856816	0.1373783148	-0.0124618754296	-0.000406215600471	0.00588593741799	0.0136736282359	0.10186172127	-0.0	0.0	0.0

Biplot	0	0

Site constraints	0	0
