Eigvals	14
0.587527173137	0.441332945606	0.407574380042	0.360835404739	0.336367436143	0.296841163519	0.227015641413	0.182577249957	0.163875858635	0.130796172902	0.093509784537	0.0756147732663	0.0630189392915	0.0

Proportion explained	14
0.174501605353	0.131080418106	0.121053777374	0.107171821618	0.0999045836161	0.0881648746427	0.0674259773469	0.0542273186246	0.0486728133061	0.0388478068572	0.0277733665164	0.022458364356	0.0187172722842	0.0

Species	0	0

Site	14	14
sample2	-0.407006228121	-0.0605495020042	0.0268943642466	0.113285024622	0.0553740657572	0.00199672568297	0.200107814655	0.101213846867	0.0637132468997	0.0670642156545	0.0456493906233	-0.108611378899	0.0876452682132	-0.0
sample3	-0.316327239635	0.18971225834	-0.125374932995	0.194781506954	-0.150558414251	-0.0658594010189	-0.199388911244	0.0214329858978	0.0396999735446	0.11706724349	-0.0726036709228	0.0612162784317	-0.0578077920171	-0.0
sample4	-0.237259510527	-0.203953908527	0.175238819991	-0.101191485323	0.177490264707	-0.0254839803891	0.0178380962061	-0.0173152354256	0.12920934796	-0.149280743771	-0.0870041999066	0.110309263844	-0.0370378053708	-0.0
sample5	-0.213403847906	0.142333318755	-0.142592729225	-0.298077226	0.219036876262	0.168605996379	-0.078867428212	-0.0510031954768	-0.152427323069	0.0258986039789	0.0835657551911	0.000651423736528	-0.0215847510529	-0.0
sample6	-0.0586763209165	0.101301963637	0.0605395222383	-0.201808850864	-0.284549235636	-0.156669299367	-0.0717053035147	-0.112601824213	-0.0368756064595	-0.113994535164	-0.0260468526677	-0.0369615073362	0.120164754404	-0.0
sample7	0.0449364071139	-0.0821877508042	-0.0624322739496	-0.0144248570176	-0.22157502569	0.141107319614	0.167325224225	-0.229102233723	0.105166086229	0.0297501145212	0.0601346252396	-0.0178876148796	-0.0999998511279	-0.0
sample8	0.0376425982256	-0.130610794919	-0.0828124181639	0.148918444717	-0.0245906044684	-0.0669134753323	0.183529543414	-0.00923078947862	-0.292138025691	-0.0180176312397	-0.0896826959331	0.0480879173455	-0.0151343462046	-0.0
sample9	0.0700269195605	-0.21911237099	0.204122661328	0.0913058597092	0.0650517780966	-0.103090332856	-0.20599306441	-0.0139397168169	-0.0643191763108	-0.0146195473206	0.0314400567526	-0.151176935138	-0.0832758971793	-0.0
sample10	0.169251478491	-0.250190405722	0.123693389483	0.0692548244931	-0.0050383767565	0.118235290464	-0.116617714915	-0.0376224326212	-0.00238605783457	0.139878947193	0.0720738787286	0.110623533742	0.113744926298	-0.0
sample11	0.241674068816	-0.0878781908418	-0.246465073211	-0.101357159427	0.0444294738586	0.16940846231	-0.0405364862825	0.0662877464216	0.0853177114158	0.0282824217007	-0.179522153569	-0.0817935568059	0.0323766198018	-0.0
sample12	0.153161026041	0.0707948641822	0.188624937244	-0.244432415449	-0.162336696259	-0.0503129111843	0.0855413946151	0.261072126687	-0.000377359955706	0.0750626565221	0.0274353876936	0.0315084302974	-0.0653338661681	-0.0
sample13	0.174114343934	-0.0520445869721	-0.365075363239	0.0334165333741	0.0906521581943	-0.271719440175	-0.000836982006386	0.0514930120415	0.0835348063806	-0.0679742599244	0.122742732238	0.0324342935716	0.00272228068954	-0.0
sample14	0.237758180929	0.362287889602	0.189641443355	0.067306195971	0.240353187525	-0.12320030517	0.0893226764283	-0.130310623891	0.0461391225755	0.0773805709619	-0.0439129472321	-0.00534503343982	0.014558296549	-0.0
sample15	0.104108123996	0.220097216265	0.0559976528968	0.243023604239	-0.0437394513411	0.263895351042	-0.029718858959	0.0996263337323	-0.00425674568526	-0.196498056603	0.0557306937649	0.00694488553019	0.00896216316454	-0.0

Biplot	0	0

Site constraints	0	0
