Eigvals	13
312.497555196	223.443541571	144.150813887	109.863395041	63.1409495718	55.775999052	45.9648610571	38.8066876693	28.3127448594	24.6578760632	21.8099198722	17.6016062619	0.0

Proportion explained	13
0.287744095955	0.205744201186	0.132732384409	0.10116092993	0.0581394482939	0.0513578879462	0.0423239067656	0.0357327443839	0.0260700445112	0.0227046840464	0.0200823192762	0.016207353296	0.0

Species	0	0

Site	13	13
sample1	-4.94484378146	3.14434249278	3.35550144436	-4.6899807348	-1.16262160826	-1.21035577273	3.04074753956	-0.683457105965	1.950538865	0.00978190252389	-1.43930613671	0.750869959233	0.0
sample2	-5.44997441714	1.26134875077	1.19875115108	-2.52530586833	-2.16671242117	-0.303009642181	-0.549593636901	0.755350913766	-3.87271415579	-0.677417883815	1.23033572723	0.816577148866	0.0
sample3	-4.47145404493	0.803693310685	-3.13122862718	-2.06622313748	-2.1767349005	4.1058536708	-3.25527519819	0.161240603661	1.37324323625	0.306720514258	-0.601486919505	-0.973316235892	0.0
sample4	-2.28425473417	-1.44689938332	-8.30908396794	1.77699176669	-0.520746237235	0.130735872591	3.6580603345	-0.626364137971	0.115705103682	0.368079980928	1.2902144741	-0.144906629505	0.0
sample5	1.40240202952	-3.76799857918	-1.24608638597	-0.753577916689	-0.623070451613	-4.08618941517	-0.58504192397	1.73102771484	-0.664161621504	0.557873255215	-1.62661942969	-2.2887866637	0.0
sample6	1.2106641959	4.59741833402	-3.10905370501	0.0306452521676	3.98611889855	-0.31059523892	-0.892092621913	3.42963081022	0.341059089115	-0.41654199179	-0.672903333095	1.63046039956	0.0
sample7	6.56071050344	1.31867164206	-0.808838816255	-2.3386850808	-0.720594327796	-2.94445629456	-2.38450075798	-1.83123822858	1.56547744445	-0.448608426785	2.29995804065	0.463294421444	0.0
sample8	9.92958307232	-4.92135826105	1.88697899092	-4.06719513977	1.46754335769	3.2760303231	1.6797798425	0.323108666406	-0.798673588504	0.402340959691	0.16354938516	-0.228806216842	0.0
sample9	5.53598151957	6.64253826948	-0.711189713138	3.08417538178	-0.404247159054	0.419885886476	-0.178572174705	-3.07797632167	-1.6337598695	0.237701109778	-2.03598854686	0.065351467874	0.0
sample10	-0.039378206866	6.07958470536	4.82351549393	3.52884839337	0.195987042427	0.885102563813	1.16333240639	1.5554785158	0.667810107306	-0.36192601376	1.71835764408	-1.96787576628	0.0
sample11	1.81196086903	-4.74371135495	2.63966004437	4.76775126959	-3.40112088773	0.0548186284731	-0.33348588035	1.36601779807	0.778602364636	1.64412405851	-0.196349169501	1.82899240737	0.0
sample12	-2.25987901896	-5.92201248806	1.14989172231	2.49145552076	1.0172356582	0.295730001525	-0.253299915402	-1.02186663966	0.426080546927	-3.88638343455	-0.629651773086	0.112227011277	0.0
sample14	-7.00151798626	-3.0456174386	2.26118236852	0.761100293502	4.50896303649	-0.313550583214	-1.11005801354	-2.0809525889	-0.249207522069	2.26425596979	0.499890037217	-0.0640813033935	0.0

Biplot	0	0

Site constraints	0	0
