Eigvals	15
0.739187948198	0.603934126199	0.51507865478	0.463849139699	0.397014975634	0.339801672198	0.321739821721	0.301224654597	0.271478879509	0.245373053791	0.204322420386	0.177963695355	0.136102034771	0.116387122567	0.0

Proportion explained	15
0.152931486671	0.124948660211	0.106565244496	0.0959663082958	0.0821389074354	0.0703019780413	0.0665651399986	0.0623207323143	0.0561665930084	0.0507655272205	0.0422725121345	0.0368191237025	0.0281583142247	0.0240794722465	0.0

Species	0	0

Site	15	15
sample1	-0.0190442006371	0.198182922996	0.147498332974	-0.188299435537	-0.00319258309338	-0.319253120807	0.1091178869	0.176200275695	-0.185182527218	-0.185183672717	0.0476208067486	-0.0621134496623	-0.0236764049386	-0.0266664419598	-0.0
sample2	0.0503133851442	-0.181380748168	0.322820178185	-0.29676949607	0.232817845595	0.0652954057365	0.14791636582	-0.10653130875	0.0794882983129	0.168605973958	0.077740387357	-0.00794579640805	-0.0896148798644	-0.00693521536321	-0.0
sample3	-0.201270598747	0.208333085621	0.164222473761	0.0860459164715	0.0282086729286	0.0419793290785	-0.058553471791	-0.282228128896	-0.134141439678	-0.109416100603	-0.10036592644	0.212080435388	-0.0448121955574	0.0530730415819	-0.0
sample4	-0.0761020465335	0.125935888243	0.157038702401	0.224180616946	0.225704490012	0.209154994203	0.0265550001369	0.131338006197	0.089675192888	-0.134160707535	0.136810243811	-0.0548840883999	0.154063236936	0.0687404277028	-0.0
sample5	0.0953032375089	0.326693440904	-0.12179145737	0.0109925302719	-0.149420688833	-0.00344377268956	0.139393860164	0.174491756637	0.120573250944	0.187463040628	-0.00827140226533	0.109044361984	-0.0715874469781	0.151016146338	-0.0
sample6	-0.322093583067	-0.149292922427	-0.10847868933	-0.102982836086	0.0788230770928	-0.00892475622988	0.109360899076	0.0558214160703	-0.0257188278909	0.071414164716	-0.304564996044	-0.0682247939212	0.135766652893	0.0308408283283	-0.0
sample7	-0.232098929729	-0.141583510293	-0.259418259511	-0.149951486836	0.036144509565	0.0832381693445	-0.146191047588	0.131542668086	-0.165552973599	0.0867931436655	0.180571034741	0.169324644713	0.0400805601819	-0.0651204115204	-0.0
sample8	0.299874482094	-0.244390984868	-0.0587451693182	-0.155267303145	-0.0923282614088	-0.178831546316	-0.0924274112657	-0.0949229208931	0.206447701271	-0.141604118816	0.0203329556666	0.107757263685	0.132474038027	0.074063846578	-0.0
sample9	-0.208119021489	-0.336506805272	-0.187924716481	0.121756167733	-0.134583600328	0.0688802134468	0.143480921828	-0.0439351458233	0.00542280715957	-0.165696297306	0.0694982797483	-0.0954646257244	-0.171051550589	0.0799434937223	-0.0
sample10	0.186127425592	0.05841680662	0.161012502896	-0.164726970803	-0.385058530772	0.303412084265	-0.0431159316531	0.00279026328083	-0.0848245054219	-0.0232274904385	-0.0390387364558	-0.0857230605225	0.0476030776542	-0.0567754941515	-0.0
sample11	0.317388065563	0.10184231807	-0.26707146883	0.160097765924	0.0629917496922	-0.0383277173938	0.240837832285	-0.223235440127	-0.126207305833	0.0782345268772	0.0607692999694	-0.0476837815892	0.0823545320694	-0.084817881754	-0.0
sample12	0.360380047663	0.0629368658515	-0.188575206562	-0.0311703691192	0.265999432078	0.107085626535	-0.193940393127	0.0996014961184	0.0166675677853	-0.100416262898	-0.151758288043	-0.0302585033737	-0.139349108	-0.0424534129838	-0.0
sample13	-0.278321224982	0.146538669835	-0.00530393569332	0.0807520224799	-0.083507794511	-0.0660182677138	0.00212870731279	-0.0151869462134	0.297084637805	-0.0160350373134	-0.00742920813758	0.0161790762771	-0.032065590757	-0.219044696824	-0.0
sample14	-0.139399750318	0.131010563327	-0.0226079691187	0.0181381676687	-0.0167984874597	-0.139031587102	-0.315781841996	-0.144488349931	-0.00490322660726	0.153629022541	0.0725916236638	-0.215533836034	-0.00313519889581	0.0813866469001	-0.0
sample15	0.16706271194	-0.30673559044	0.267324681996	0.387204710102	-0.0657998305584	-0.125215054357	-0.0687813761024	0.138742358548	-0.0888286499183	0.12959981524	-0.0545060743201	0.0534461535881	-0.0170497221811	-0.0372508765952	-0.0

Biplot	0	0

Site constraints	0	0
