Eigvals	6
0.52340938364	0.238265249651	0.0285570913528	0.00758243899239	0.00146717977513	0.0

Proportion explained	6
0.65484999488	0.298099350892	0.0357284598073	0.00948657072368	0.00183562369774	0.0

Species	0	0

Site	6	6
MCT.f.0069	-0.406887102904	0.332886419454	0.0378903658343	-0.0032626274122	-0.000624928910135	-0.0
MCT.f.0070	-0.22793697817	-0.148409141853	-0.0991740815416	-0.00885823156716	0.0205154602821	-0.0
MCT.f.0071	-0.168659898844	-0.206333543988	-0.01432647285	0.00695747738504	-0.0293401214677	-0.0
MCT.f.0072	0.0671905070906	-0.181449846464	0.117274303883	0.0252238724871	0.0133245245785	-0.0
MCT.f.0074	0.337550671897	0.0336003485783	0.0142354034054	-0.0675083460849	-0.00201456065878	-0.0
MCT.f.0075	0.39874280093	0.169705764273	-0.0558995187313	0.0474478551922	-0.00186037382397	-0.0

Biplot	0	0

Site constraints	0	0
