Eigvals	13
0.821069509935	0.511744183313	0.118244405891	0.0696803987343	0.0247170959289	0.0188661826839	0.00642095001871	0.0030696814264	0.0	0.0	0.0	0.0	0.0

Proportion explained	13
0.521707355843	0.325162122712	0.0751324651494	0.0442749074687	0.0157052364083	0.0119875676344	0.00407986999362	0.00195047479034	0.0	0.0	0.0	0.0	0.0

Species	0	0

Site	13	13
MCT.f.0430	-0.323445041293	0.2515906856	0.194597092947	-0.0320212602624	0.0573476382603	-0.0385036533436	0.00285973306801	0.00411525106654	-0.0	0.0	0.0	0.0	0.0
MCT.f.0431	-0.321193903416	0.169408079478	0.0516711402058	0.00723720910938	-0.0427308436279	0.0513610867999	-0.0184211672018	-0.021066971963	-0.0	0.0	0.0	0.0	0.0
MCT.f.0432	-0.301210037715	0.107737356371	-0.0460570547533	0.0462418412112	-0.0392255178398	0.0225408512071	0.0318428106122	0.0273077276039	-0.0	0.0	0.0	0.0	0.0
MCT.f.0433	-0.261332714183	0.0164702703838	-0.13075460748	0.0739435612624	-0.00953207509367	-0.0485347027301	-0.0228016910345	-0.00756720737364	-0.0	0.0	0.0	0.0	0.0
MCT.f.0434	-0.189797503527	-0.155810560982	-0.136857294947	-0.0283715405953	0.073096731844	0.0347851956645	0.012203106075	-0.0103536730679	-0.0	0.0	0.0	0.0	0.0
MCT.f.0435	-0.0947563910488	-0.251903017856	-0.0534542752346	-0.0511504290166	-0.0522215445443	0.00144469355937	-0.00844224534722	-0.0011083874654	-0.0	0.0	0.0	0.0	0.0
MCT.f.0436	-0.00389165982691	-0.268459617841	0.00898254587937	-0.0587785351954	0.00155697424649	-0.0617785114919	0.0176519877916	0.0151113623749	-0.0	0.0	0.0	0.0	0.0
MCT.f.0437	0.107153404	-0.274576100665	0.0950595870694	-0.00139484981041	0.0255474433437	0.00300478977852	-0.0449192263262	0.00340458546933	-0.0	0.0	0.0	0.0	0.0
MCT.f.0438	0.181447574164	-0.208890570855	0.113664062413	0.0169907566874	0.0085466750664	0.0587717171163	0.0309857758976	-0.00823387393476	-0.0	0.0	0.0	0.0	0.0
MCT.f.0439	0.292009707237	0.0139846637709	0.0722732324927	0.0801853031978	-0.0748152990414	-0.029570162561	0.0071456948703	-0.00691450207831	-0.0	0.0	0.0	0.0	0.0
MCT.f.0440	0.31654667212	0.130615999696	-0.0572913399222	0.130570986604	0.0561583181492	-0.0203096336275	0.0111959712068	-0.0112961045777	-0.0	0.0	0.0	0.0	0.0
MCT.f.0441	0.311242458179	0.208353975632	-0.0486500372054	-0.00949553882097	0.0125669221209	0.0429278303169	-0.0279157172523	0.0315018009481	-0.0	0.0	0.0	0.0	0.0
MCT.f.0442	0.28722743531	0.261478837267	-0.0631830514648	-0.173957504371	-0.0162954228839	-0.0161395006885	0.0086149676405	-0.014900007002	-0.0	0.0	0.0	0.0	0.0

Biplot	0	0

Site constraints	0	0
