Eigvals	12
195.957609317	125.437323573	91.8611634237	80.5046668194	57.2175062136	41.2563564581	37.7060032887	31.5300943064	23.3025597577	15.9661968909	14.3518255504	0.0

Proportion explained	12
0.274031592585	0.175414415741	0.128460747186	0.112579563182	0.0800142663819	0.0576938303334	0.0527289354429	0.0440924033889	0.0325868313252	0.0223274940779	0.0200699203556	0.0

Species	0	0

Site	12	12
MCT.f.0086	-1.47275446573	2.38206129853	3.17506272425	-1.25247065846	0.939248775796	-1.66866267656	-0.597732302175	3.08740046576	2.47759695527	0.672266975158	-0.800978905071	0.0
MCT.f.0414	-2.39698854638	2.39724615244	-0.474987626976	-0.655406937372	1.78596172586	0.280658234185	0.565829911559	1.10259771356	-1.3422450172	-3.20356756869	-0.358121624209	0.0
MCT.f.0415	-5.13475601776	2.68636193542	2.59871029113	2.68444641693	0.792215730836	0.480063697566	-0.791005340434	-1.92878926278	-1.71363931912	1.24812145588	-1.63748945917	0.0
MCT.f.0416	-3.19382021761	-0.74342811833	0.741951659151	-2.7868314267	2.37994705064	3.87146185151	1.64765849475	-0.168299499812	0.417073794889	0.919100142363	1.52565682949	0.0
MCT.f.0418	6.65976331001	-0.468253376701	0.166758180385	-0.0200625260489	3.93358472364	-1.52519753248	-2.87363041512	-0.55948084278	-0.928542436823	0.335440420497	1.12690804823	0.0
MCT.f.0419	5.76228563268	1.09656612859	2.19484255022	4.84702594615	-1.85570805897	0.614572320256	2.58472425223	1.54300975485	-0.779779916177	0.237270935868	0.77371957779	0.0
MCT.f.0420	5.08268977575	0.958254683116	2.76212567522	-3.13491144615	-1.73544840068	-0.341739612915	1.17017314636	-3.24634503741	1.34120710267	-0.813705597578	-0.630418212585	0.0
MCT.f.0421	0.318521962039	-0.136973753756	-1.26857053862	-4.70939868665	-3.72919677738	-0.435912216644	-0.782628584185	1.41969875413	-2.3918709839	0.890030334157	-0.0222023101993	0.0
MCT.f.0422	2.30637431253	-3.86274991636	-2.05353734439	1.78077089195	-1.30749932761	3.40605161029	-2.68372733658	0.53854613218	1.16099968268	-0.490837543511	-1.20426917698	0.0
MCT.f.0423	-5.0536479094	3.01419565961	-1.78476528184	1.99617553279	-2.70552592002	-1.01942951518	-1.71588942411	-1.12792803979	1.22561047528	-0.407468725991	2.01646421599	0.0
MCT.f.0424	1.10930875459	1.48942400126	-7.17713126114	0.406659897735	1.40711242698	-1.19113381652	2.27615465535	-0.381465505489	0.633816491061	0.868242555769	-0.883847128167	0.0
MCT.f.0425	-3.98697659073	-8.81270469382	1.11954097261	0.844002995815	0.0953080509015	-2.4707323435	1.20007294235	-0.278944632423	-0.100226828635	-0.254893383923	0.0945781448898	0.0

Biplot	0	0

Site constraints	0	0
