Eigvals	13
200.292452817	136.78660246	112.135335686	98.6589644953	65.2079194195	55.4582987639	46.2365609538	40.9488729606	28.4182348505	24.0177993343	18.9146238283	14.365045485	0.0

Proportion explained	13
0.238035134485	0.162562377436	0.133265878644	0.117250048874	0.077495560368	0.0659087420365	0.0549492796657	0.0486651910499	0.0337733062795	0.0285436621009	0.0224788551111	0.0170719639498	0.0

Species	0	0

Site	13	13
sample1	-1.82483040575	2.27209414431	1.32977527152	-1.58697556337	2.59016538157	0.799260316387	-4.85335130628	2.1609064873	-0.415387320387	-0.545520638795	0.465274962283	0.925470164333	0.0
sample2	-3.42344507444	4.80896397439	6.52984569908	-1.09495582371	-1.31141055295	-0.396983432533	1.01946574488	-0.252059170176	1.90937088025	0.317200511695	0.423175796107	-1.24503532935	0.0
sample3	1.77223786106	-6.33217862117	4.58659176462	-3.59469834367	-1.41330669646	1.57705242549	1.20188850771	0.545099103108	-2.15038054096	0.155703164097	0.331209645583	0.418360249089	0.0
sample4	7.31638550397	1.80171088826	2.02836496001	3.10243444879	3.58346877741	-2.82357252205	1.5122280419	0.180498228762	-1.29193832087	-1.02736494151	0.162166107534	-0.20159105511	0.0
sample5	0.432385769463	-0.863829182095	-0.501744856235	4.3527369612	1.77016006897	3.77165924796	-0.462864475498	-1.49820093638	-0.0917753095415	2.64231185165	0.87878964952	-0.617887593817	0.0
sample6	8.75994183517	-1.11460222151	-1.63725505407	-2.50102850767	-0.91081629134	0.630961949929	-0.963826050602	0.359907370244	2.96825458888	0.425531277859	-1.24168188954	-0.138068828764	0.0
sample7	-1.2966712365	2.02022640416	-3.39173352987	1.09803093738	-1.565710054	2.46090157962	1.40085420098	3.37777578015	-1.15014369788	-1.29037857425	-0.807473375146	-1.4768240326	0.0
sample8	-0.138347238354	1.94517006525	-3.64930667673	-1.9504592514	-0.196647268814	0.542100389408	2.33396608314	-0.354263532106	0.916670100283	-0.734263881379	2.79931152509	1.44283228772	0.0
sample9	-4.53051160093	-0.58915367552	-2.35084788322	-2.49430498117	2.40048305903	-2.86585646447	1.65227413689	1.29213691889	-0.138349168246	2.62879171781	-1.19732145577	0.274435581134	0.0
sample10	-0.848459859465	1.24863055107	-2.6357221455	-3.60903617279	0.199749662728	-0.427955002741	-1.28785907848	-4.16102696677	-1.60302027764	-0.919718763474	-0.443614612414	-1.28783193714	0.0
sample11	0.988191130184	3.24535992022	-0.111050205384	2.90750654235	-4.99719662218	-1.4457160837	-0.951422503085	-0.634661251639	-1.34702821306	1.01042099079	-0.740245497112	1.56279620194	0.0
sample12	-2.66625236642	-6.12202921932	-1.17506797792	2.85914633518	-1.60777095245	-3.26494903494	-1.69410034037	0.510349218931	1.02891616751	-0.679297876896	1.29832822913	-1.02081481723	0.0
sample13	-4.540624318	-2.32036302805	0.978150633704	2.5116034189	1.45883148848	1.44309663165	1.09274703881	-1.52646125031	1.36481111167	-1.9834148376	-1.92791908526	1.3641591098	0.0

Biplot	0	0

Site constraints	0	0
