Eigvals	17
387.016694671	244.339518952	155.83293469	119.436751533	80.1352436499	75.2601831904	59.0578271008	54.371302939	43.7562413033	39.0154729911	29.5111946229	22.5785208943	20.7666839239	19.6662448319	17.4501146876	15.6251682774	0.0

Proportion explained	17
0.279672693841	0.176568846817	0.11261068898	0.086309449966	0.0579087149773	0.0543858145182	0.0426773878882	0.0392907307875	0.0316198914573	0.028194035511	0.0213258895864	0.016316081059	0.0150067801082	0.0142115617895	0.0126101035168	0.0112913291959	0.0

Species	0	0

Site	17	17
MCT.f.0426	-5.90287464118	3.4215337378	3.07822471706	-0.327387979865	-0.000448719445328	0.396393103977	-3.04696917011	-3.41095663682	0.0323975505108	2.48321914969	0.417889375284	-0.714344632628	-1.13029471025	-0.85659518455	0.668904827977	0.945321554012	-0.0
MCT.f.0427	-0.444643436427	0.685539334514	2.98590408376	4.79712616036	3.25146572255	1.66295613979	1.63732893937	-2.31220528089	1.37821283843	-1.24820513616	-1.2196903322	0.394265916113	2.08283368638	0.282830800379	0.338399976071	0.504521659024	-0.0
MCT.f.0428	-4.394520032	-3.49963776775	3.24081058115	0.299713854745	-2.27016340898	-1.68054823465	1.96052334482	-1.65240687416	0.805346663873	-1.07160824173	-0.990775338797	0.724939533355	-1.80403360411	0.331607103518	0.382098560062	-2.10799667985	-0.0
MCT.f.0429	-2.09313446564	-2.9350265068	1.49130835624	-0.616400827561	-1.48784148447	2.165123599	2.09437032723	1.30264572628	2.69121720726	1.36047812384	3.04609152781	-1.16112599799	0.920790802437	-0.63688703135	-0.632338548478	-0.401164111383	-0.0
MCT.f.0430	-2.01689047081	5.15416182979	2.73231733082	-0.608960596172	-0.591835995116	0.59112442655	0.098889833284	1.24835347445	-0.627917218696	-3.44128107798	2.00167862268	1.23808744802	-1.1207235429	0.615800500875	-0.593322477353	1.3517921119	-0.0
MCT.f.0431	-1.51865141251	6.11514917495	-0.396787530601	1.19687805527	-1.32599061948	1.89367768858	-3.29733246412	2.47496079898	1.06905110142	-0.648643985875	-1.89012616058	-0.928741530753	0.434104454949	-0.17420209423	-1.01004434384	-1.46617183992	-0.0
MCT.f.0432	3.14630743027	5.31875174347	1.16167911404	-2.0231364387	-3.35830776958	0.21133050723	2.63284217079	0.439017109426	-2.59106210548	1.18659306275	-0.693541357242	0.94444986761	1.40649288542	-1.2741072064	1.11040711481	-0.115243286592	-0.0
MCT.f.0433	-2.64819078227	2.39249818188	-7.80507787865	6.40982679846	-0.924713979853	-0.83356252883	1.57028718552	0.203880455011	-0.519502296673	0.899736582374	0.698167638176	-0.143759217254	-0.96362531414	0.289809448499	0.305047891484	0.237797501138	-0.0
MCT.f.0434	-2.49808495557	-2.03532304457	-1.08823991665	-2.62540434213	-1.08705320326	0.170624569267	1.11696892509	-0.311707686635	0.197669185736	2.0045346593	-1.90319048027	0.888455981213	0.106872197446	1.64013718484	-2.30609786648	1.25666509472	-0.0
MCT.f.0435	0.0974095883994	-3.39104452235	-3.64860146171	-2.47152225982	-0.710499099757	3.26801585681	-1.70340151678	-2.35816315631	-2.24414662543	-1.1989745291	1.02528792065	-0.468319681223	0.945935902308	1.70866144889	0.682874345403	-0.81359935704	-0.0
MCT.f.0436	-3.35119004217	-6.04636722473	-2.35657888702	-1.08965581817	2.75749628399	2.88570247567	-0.00591355057353	1.44053958101	-0.998022541728	-0.701943396271	-1.00546718778	0.830471467539	-0.915311888433	-2.53270171375	-0.00966955128809	0.319704562841	-0.0
MCT.f.0437	13.5440933813	-4.74668516966	2.37821731637	3.26838971584	-2.00854818289	0.948090141649	-2.09627471788	0.679924790519	0.404041305892	0.799372609692	-0.00455824637277	0.744666732828	-0.84937935375	0.236727082017	0.285833656171	0.516907940111	-0.0
MCT.f.0438	2.20193091272	3.22637809764	0.176151884278	-2.71380556749	4.89330771966	0.220519043375	0.727641344941	2.23584084199	0.83539812113	1.8321175545	0.140713016366	0.489149217757	-0.863767333729	1.57032832055	1.43665762825	-0.69579379915	-0.0
MCT.f.0439	8.82659687417	2.46544350532	-0.472676211299	-1.29962231993	2.47474974869	-1.52239728689	1.58587469983	-2.11513362804	-1.10291898971	-0.688472880565	0.212405784704	-1.99792550508	-0.772145545985	-0.832975090354	-1.72039469141	-0.491425060875	-0.0
MCT.f.0440	2.17806749155	0.465870930905	-4.53464703028	-2.84529227867	-0.142525851978	-3.75220088123	-1.85804690781	-1.26413449196	3.01262832754	-0.88761517187	0.509373133996	1.63467904035	1.05816504029	-0.894645605452	0.253469013339	0.0317794769001	-0.0
MCT.f.0441	-1.25305843515	-3.00517738006	0.182861046037	-1.49663040608	-1.21768654741	-2.35694998879	0.418335166761	1.70747911283	0.483438943315	-1.42926170241	-1.39133133229	-2.73951285234	0.141273817562	0.40663671049	1.49111854096	1.47804836067	-0.0
MCT.f.0442	-3.87316700475	-3.58606492037	2.87513448644	2.14588424991	1.74859538732	-4.26789863152	-1.83512361035	1.69206586432	-2.8258314674	0.749954379814	1.04707341587	0.26456421248	1.32281250651	0.119575326024	-0.682944075679	-0.551144126509	-0.0

Biplot	0	0

Site constraints	0	0
