Eigvals	16
421.391635231	365.481210212	198.273216678	131.586281367	102.261717311	94.8839405658	65.092733376	57.9534441303	48.676143797	42.0601868329	31.2738935745	28.1800273944	24.2812230806	17.5432324746	13.8542677511	0.0

Proportion explained	16
0.256509247231	0.222475489	0.120692745902	0.0800991172047	0.0622486872894	0.0577576917384	0.0396232071131	0.0352773835203	0.0296301111829	0.0256028500826	0.0190370245351	0.0171537282887	0.0147804506153	0.0106789052744	0.00843336102248	0.0

Species	0	0

Site	16	16
MCT.f.0597	-5.26569179371	2.99673937519	0.18327696671	-2.85960877483	1.19004415112	-0.185973399578	-2.32502254565	0.513664658459	2.6379323793	0.676645662241	0.15204755641	1.46807060838	-0.655728231693	-0.896056619817	2.3198804158	-0.0
MCT.f.0598	-0.604026899418	2.90494118095	0.18118112971	1.56683092518	-2.57065516961	4.45559411768	-0.251762120007	-1.72052283894	1.35700789554	2.16967706021	3.40199628034	0.107882646525	0.0221321941321	0.336037100352	-0.763954351608	-0.0
MCT.f.0599	-3.72407239657	3.04232873966	6.16675230206	0.795149138326	1.870975608	-1.64010308223	-0.958018534507	-1.74619153527	0.691631548899	-3.94211229084	1.07942151403	-0.308795602911	1.66248390145	-0.0485879065374	-0.519205423596	-0.0
MCT.f.0600	-5.802659621	1.85038026688	2.11440446949	2.68665691334	1.85823511738	-4.7961491752	-1.39738578039	1.35800210668	-0.952206742818	2.63746781024	0.396546169836	-1.78110596637	-1.47067354089	0.549617818488	-0.587251226142	-0.0
MCT.f.0601	-3.7513182975	2.7741626026	2.5752391431	-2.54681322868	-2.80204948641	-1.82869499419	4.32249589663	1.58390142538	1.31902782703	1.06291955533	-1.29005007407	1.80407315998	0.986873541051	0.90972961455	-0.738434522586	-0.0
MCT.f.0602	-5.49715358643	-16.6323208598	-0.0186190224577	0.220758139164	-2.53565324262	-0.262881746814	-1.41021137853	-0.411920021304	0.166525465663	-0.135834585301	-0.137283704296	0.264021882579	0.379151780845	0.142796184261	-0.060451478715	-0.0
MCT.f.0603	-2.48090431987	-1.20562648912	-4.26384177928	0.518138765749	0.765208574484	-0.135011083314	3.83980162984	2.76694923249	-1.59790509934	-1.11463925826	2.1625489828	-0.923271457583	0.443866493246	-1.69443018965	0.612708038939	-0.0
MCT.f.0604	-2.21636482942	1.28115302828	-2.59226707484	-4.04057325727	0.996828406204	3.16396638749	-1.57599172602	1.87228711248	1.04804739726	-1.41718502764	-1.34134506805	-0.768578105206	-1.51047922115	-0.707346558087	-1.96332676586	-0.0
MCT.f.0605	-3.19122350136	2.49426444079	-2.04065075227	-0.432629252044	0.45613147447	3.06486658703	-0.265998673757	-0.672850979315	-0.888717900276	0.993143540116	-2.01331232536	-2.59859628462	2.34623842841	1.0414689082	0.959843149304	-0.0
MCT.f.0606	-1.75489047633	1.07770096325	2.27680975926	2.57528653965	-0.967658000967	2.75688882909	1.55739955105	-0.533977237777	-2.29325142421	-2.01289426751	-0.702653951775	0.688201026937	-2.71095227367	1.40812891454	0.958852291461	-0.0
MCT.f.0607	0.686910938177	0.191660536441	1.46827583383	2.74636625947	1.66094600217	0.618131871017	0.987389072932	-3.26058398656	-1.30428395079	1.6516522593	-1.93066665155	1.13258236454	0.046209423877	-2.50010709283	-0.496061899714	-0.0
MCT.f.0608	2.39806479101	2.54974806121	-4.12462815515	-2.79383579595	0.0776110518815	-1.41226501299	-2.81830003442	0.0197833962856	-4.0493209297	0.0475712896887	0.769533932375	2.30759073805	0.952308585872	0.682360055703	-0.355695606115	-0.0
MCT.f.0609	12.0555099079	-4.23586893456	7.37570648775	-2.90038616779	2.44787279111	1.46973606634	0.147122780575	1.99785874681	-0.516745919804	1.05142186424	0.435535428514	-0.468580347188	0.128757116979	0.0765995913837	0.33289358033	-0.0
MCT.f.0610	5.36693544092	-2.04095767795	-5.39975698578	4.88687274083	4.76176918734	-0.297693643136	0.542918629978	0.501889827422	2.68390314552	-0.345258482944	-0.350857225534	1.15067584026	0.308572795205	1.24901501206	-0.206441834023	-0.0
MCT.f.0611	7.8442875946	3.42165786402	-0.453011464148	3.99743654351	-6.14040023474	-1.51303242923	-2.07397657304	1.85002900475	0.771340738346	-0.917881210175	-0.954842100057	-0.563176494502	0.250308926102	-0.823773958165	0.265163421415	-0.0
MCT.f.0612	5.93659704896	-0.469963097811	-3.44887085798	-4.41964948867	-1.0692062298	-3.45737929197	1.67953980532	-4.11831891159	0.927015569392	-0.40469391869	0.323381236383	-1.51099400887	-1.17906991976	0.274549125548	0.241482211118	-0.0

Biplot	0	0

Site constraints	0	0
