Eigvals	5
0.452259063645	0.236188652525	0.10812609709	0.0503821191948	0.0

Proportion explained	5
0.533981812176	0.278867699575	0.127664371837	0.0594861164131	0.0

Species	0	0

Site	5	5
MCT.f.0481	-0.332441091001	0.121094169054	-0.0148627444655	-0.157362863287	-0.0
MCT.f.0482	-0.382063260545	-7.48863107357e-05	-0.0163881271264	0.154657962298	-0.0
MCT.f.0486	0.109138271152	-0.410631890732	0.0653597074144	-0.0319331580497	-0.0
MCT.f.0489	0.320352812771	0.0707503518405	-0.243751382506	0.010981088188	-0.0
MCT.f.0492	0.285013267622	0.218862256148	0.209642546683	0.0236569708511	-0.0

Biplot	0	0

Site constraints	0	0
