Eigvals	16
228.383851331	165.277365288	87.201787834	75.7851094825	55.1748078547	43.3057806222	38.7624005397	33.1038456995	28.4361949201	25.714319036	22.4308720434	20.4446544795	18.1471711632	14.8331096551	10.73709763	0.0

Proportion explained	16
0.2631943681	0.190469122333	0.100493179848	0.0873363588773	0.0635846125009	0.0499064951375	0.0446706080865	0.0381495701197	0.032770470896	0.0296337237084	0.0258498101289	0.0235608511083	0.0209131828685	0.0170939884755	0.0123736578111	0.0

Species	0	0

Site	16	16
sample1	-0.99726076445	1.3898198192	1.1907214452	-5.04073891824	0.329757613791	-1.92082593251	1.61093883311	1.87580444004	0.262471082121	0.514231409715	0.917356742761	-2.25916319143	0.0622349016876	0.252424365316	0.234899480744	0.0
sample2	-3.31307409725	0.918876074693	4.74637794258	-1.07394251454	2.92202462922	-0.754550891769	0.802554806961	-1.62216717791	-2.11998652468	-0.224371108461	-1.53749922328	0.996753005815	0.0718860741642	-0.267151508446	-0.545150152235	0.0
sample3	3.46537674095	-1.71615496213	2.20147909517	-0.673106430508	0.561194069491	0.63956695302	-0.983504218407	0.385111353412	-0.625384396162	-0.747465964071	1.8399761447	1.50518233911	-1.45922839733	0.800678435675	1.80420632482	0.0
sample4	-0.817942294203	-4.40238618534	1.70075944713	-0.160531100558	0.149312237394	0.289500743684	-2.05625241336	-1.83026561199	1.76416816851	-1.49193706803	1.33551771837	-1.20896473331	-0.640898999156	-0.129705727248	-1.4668713471	0.0
sample5	-6.84412233689	-5.77944757231	0.936538985739	3.96267761338	0.140513344416	-0.348495791624	1.56765385581	1.71842409881	0.614214514284	0.661461383414	0.350843859049	0.259373988465	1.0521556169	0.881444108138	0.227797154861	0.0
sample6	-0.0189608193705	-4.03141909348	0.0329981064296	-2.00241365667	-2.53634961484	1.22884112858	0.570829936342	0.794752779002	0.127161647381	1.05658359629	-0.451853037884	1.06270437617	-0.401553578609	-2.6960332962	-0.02515772297	0.0
sample7	-5.68075002162	3.62220443572	-1.88189100919	-0.705071098941	1.79623344052	4.12231986223	0.0505395469619	-0.381769066918	1.51928605892	0.272397146764	-0.930505758376	-0.511762781922	-0.851678209725	0.253455084639	0.608797184014	0.0
sample8	3.08365378112	1.8868980626	0.670085697095	-2.06838715497	-1.82608421221	1.79668893236	-0.862805461923	1.47151580908	0.154966585682	0.425417669002	-0.266974499912	1.53846683808	1.27955421997	1.68998655398	-1.40377027689	0.0
sample9	-0.197854367997	4.12999764055	1.90564683977	2.2969515399	-1.44287144713	0.274730563321	-2.14307952564	-1.33850440368	-0.925064045961	2.37890045823	1.21966116011	-1.07953906698	1.27130220084	-0.573319075301	0.529066645549	0.0
sample10	-3.69357621987	5.30039003753	0.0299049842027	2.16807108289	-3.05022494819	-1.06576497356	-0.298443454507	1.4952859649	-0.717712553534	-2.82580033017	-0.30001876542	-0.0660463856996	-0.780330890793	-0.448204611066	-0.107874188649	0.0
sample11	1.53015522068	1.43137636312	-3.17949414946	0.971212771836	4.29224639742	-1.68395267669	-2.18068038108	2.07483263078	0.316053418146	0.327400424176	0.370905654174	0.768549552855	0.204641201021	-1.0061301681	-0.476026132066	0.0
sample12	-2.91950819094	-2.60012079497	-4.21863297068	-1.33686229879	-1.6731054254	-2.33168909626	-1.50798501682	-1.49745068011	-1.09954653307	1.23062414746	-1.1647934503	0.148189465376	-1.13422451172	1.17790822785	0.127844316299	0.0
sample13	4.79549007429	-2.39222310047	0.0526163855276	-0.189739335053	0.0159128896726	-0.252149613572	-0.970167670701	-0.332653350325	0.849081355307	-1.63076631822	-2.36984054226	-0.922203147362	1.92162149871	-0.0745797610204	1.26047456722	0.0
sample14	6.06943250045	2.57561995622	1.46679627628	2.61377126472	-0.317482279574	-1.55810831318	2.03637031913	-0.641784253305	2.40615081257	1.31053200123	-0.921516121884	0.215921926169	-1.50231473793	0.241062852456	-0.234474972044	0.0
sample15	5.54359747031	-2.09900911784	-2.12980676247	2.01812697603	0.682218152608	2.10537470023	1.69431733443	0.34720337175	-2.88522143578	-0.19688579476	0.107893216032	-1.64062307924	-0.55972647887	0.144110892005	-0.629793183458	0.0
sample16	-0.00465667521112	1.76557843691	-3.52410031334	-0.780018740487	-0.0432948471807	-0.541485594266	2.66971350969	-2.51833590353	0.359361846276	-1.06032165255	1.80084690411	1.19316089392	1.46656009084	-0.245946372679	0.0960323018982	0.0

Biplot	0	0

Site constraints	0	0
