Eigvals	14
0.727807890195	0.618850826146	0.484416252369	0.438464223287	0.365697601259	0.315537666672	0.23586973673	0.208801447811	0.16560226616	0.143543196701	0.138667767937	0.120341818703	0.0595047773335	0.0

Proportion explained	14
0.180906987248	0.153824161599	0.120408539081	0.108986509654	0.090899332336	0.078431368236	0.0586287728254	0.0519005651979	0.0411627950949	0.0356797001034	0.0344678430447	0.0299126681021	0.0147907574777	0.0

Species	0	0

Site	14	14
sample2	-0.248027396561	0.0336754296407	0.110528332439	-0.078461362942	0.0014200192808	0.0830866710978	0.178385935409	-0.0690017011245	-0.0872621085061	-0.0539939834741	0.0928302988815	0.0520791009936	0.167657545051	-0.0
sample3	0.345438729662	-0.101479451129	0.218891260651	0.167048926223	-0.062625470442	0.316564709214	0.0975847260058	0.0693491227486	0.0973436248616	-0.0353281783929	-0.0677464149454	-0.105875390803	0.00956179063787	-0.0
sample4	-0.450780779555	0.0214827530959	0.258653751619	0.0489874943936	-0.030779882295	0.0735837511152	-0.0254996170277	-0.136634232547	-0.0242326614675	-0.0809157731552	0.0526305703949	-0.0333898231902	-0.13685004608	-0.0
sample5	-0.248328083218	0.080647518736	0.167195833383	0.0918727890998	-0.13845939209	-0.157724220811	-0.0774084298838	0.140910450175	0.077801973108	0.231217663959	0.00599378617672	-0.0861116469378	0.0448080422329	-0.0
sample6	-0.0212943484778	0.203124895588	0.0961871579042	-0.100826929748	0.16251296481	-0.182548953578	0.177945851228	0.237509544939	0.01202436179	-0.106253901197	-0.112525279519	0.0633225005568	-0.0440404980122	-0.0
sample7	0.111156579553	0.249096382243	-0.0665471724013	-0.217312077648	0.120077159542	-0.0968087891721	-0.109517314499	-0.176966373506	0.0280003635932	-0.0587736156018	-0.091067045415	-0.192428782795	0.040975806384	-0.0
sample8	0.266019697483	-0.0492836705404	0.0957738440185	-0.271711441114	0.261117077594	0.0714794692841	-0.0213509247295	0.00287999681638	0.016073688858	0.142878360431	0.180595917684	0.0491217436428	-0.0465810851641	-0.0
sample9	0.125484243697	0.0194412671874	-0.259032952026	-0.0916172289691	-0.280868930242	-0.0312546334753	0.243200612745	-0.0662921606749	-0.12764893164	0.101497259669	-0.0123108024526	-0.0381076124394	-0.0666833131375	-0.0
sample10	0.219338764846	-0.26251244744	0.161956924026	-0.168525562763	-0.273956470066	-0.124177257055	-0.209792293055	0.056052033564	-0.0979051805643	-0.110075459326	0.000746890086477	0.0605462911809	0.0148163266782	-0.0
sample11	0.148965293582	-0.286955680653	0.0580608734373	0.340981726065	0.193372342801	-0.22754771078	0.0470754411033	-0.173471921753	-0.0360752029333	0.0421697081332	-0.0627876072782	0.0526378822853	0.00889596304585	-0.0
sample12	0.141136726694	0.315036104865	-0.151876842432	0.157776399262	-0.15348251568	-0.0508689306345	-0.0329236157485	-0.0705773579917	0.21822934877	-0.0696073134874	0.113105735129	0.121055499289	-0.000466918590832	-0.0
sample13	0.0269379877766	0.313199521686	-0.132880998218	0.206807458386	0.085574842527	0.180816080328	-0.181967558003	0.072104707376	-0.220854374398	0.0368987299908	-0.0452162724078	0.0573540820657	0.00159400968087	-0.0
sample14	-0.259390614016	-0.233282668112	-0.194551713442	-0.180358818634	0.0150816416459	0.162968178902	-0.0590193429332	-0.0394895801343	0.129966550005	0.0608293108612	-0.183140045388	0.119492464951	0.00562740007344	-0.0
sample15	-0.156656801465	-0.302189955167	-0.362358298959	0.0953386283889	0.101016612614	-0.017568364435	-0.026713470612	0.153627472113	0.0145385485224	-0.10054280841	0.128890269054	-0.119696308799	0.000684977201014	-0.0

Biplot	0	0

Site constraints	0	0
