Eigvals	5
549.351302657	248.936511711	83.9637299229	66.2618945675	0.0

Proportion explained	5
0.579170816302	0.262449114069	0.0885213919836	0.0698586776454	0.0

Species	0	0

Site	5	5
sample2	-2.23688450288	10.7683796038	2.67696151213	3.9855972356	0.0
sample5	-5.90322453308	5.06246868583	-2.28893121149	-6.15221447147	0.0
sample6	-7.67965055248	-5.92284496005	-5.62936135845	3.39845925234	0.0
sample9	20.6650779731	-1.54918406215	-0.994090061855	-0.285070835525	0.0
sample10	-4.84531838462	-8.35881926743	6.23542111966	-0.946771180954	0.0

Biplot	0	0

Site constraints	0	0
