Eigvals	6
0.474175370341	0.264680978521	0.180562983086	0.093514102885	0.026359337905	0.0

Proportion explained	6
0.456248116776	0.254674125967	0.173736398273	0.089978594423	0.0253627645611	0.0

Species	0	0

Site	6	6
MCT.f.0477	-0.273729503646	0.402661995255	0.0845746972762	0.0162412446989	-0.023136182601	-0.0
MCT.f.0481	-0.274499340042	-0.0989118409944	-0.135103586882	-0.0757402123367	0.11189925504	-0.0
MCT.f.0482	-0.268294341855	-0.257271249463	-0.0533308469815	0.0195577284217	-0.10416322985	-0.0
MCT.f.0486	0.131928722388	-0.144334763335	0.314402289703	0.10045808501	0.0406062994876	-0.0
MCT.f.0489	0.351673007214	0.0271123433455	0.0198288076395	-0.224176278178	-0.028192921441	-0.0
MCT.f.0492	0.332921455942	0.0707435151915	-0.230371360755	0.163659432384	0.00298677936494	-0.0

Biplot	0	0

Site constraints	0	0
