Eigvals	11
0.600228930937	0.429887304964	0.372515633299	0.337986546586	0.302652675163	0.277639502748	0.236072967365	0.232411499914	0.168039694214	0.154231308726	0.0

Proportion explained	11
0.192896319402	0.138153418822	0.119715813216	0.108619157597	0.0972638673131	0.0892253529284	0.0758670636616	0.0746903733047	0.0540031259018	0.0495655078528	0.0

Species	0	0

Site	11	11
sample1	-0.0680819984922	0.170694645173	-0.245434021132	0.165241759388	0.160877961348	-0.193691610385	0.0414934124176	-0.116920525012	-0.0195003311673	-0.215847699804	-0.0
sample2	-0.183296085297	-0.00608917863249	-0.0200328844851	-0.0982805043097	-0.31634288676	-0.213873826277	-0.267405624202	-0.056845683292	0.0356815227989	0.0235360826495	-0.0
sample3	-0.166532778465	0.111957253483	-0.216433874598	-0.0376771413193	0.0314382274703	-0.105088154292	0.21159555135	0.0718964792501	0.0306027068054	0.261468256335	-0.0
sample4	-0.178019172675	-0.0544439308066	0.00891242912306	-0.17288359005	-0.109348769001	0.0811013745503	0.123402560768	0.314090001671	-0.0179272532764	-0.178532262155	-0.0
sample7	-0.0274880179472	-0.128258064419	-0.0327891213744	-0.379555055267	0.156647309323	0.115112342785	-0.0136106664212	-0.214732222346	-0.137439644275	0.00263145110156	-0.0
sample8	-0.157738287218	0.0150791268454	-0.0943403843399	0.119451930099	0.202038691317	0.257201368056	-0.252898523891	0.0890577895423	0.13694967752	0.0415585575426	-0.0
sample9	-0.0366715765722	0.0939992625838	0.227801333053	0.0254778663819	-0.123033186604	0.131152397992	0.177827530786	-0.205844581842	0.227237550916	-0.0383665997721	-0.0
sample10	-0.0667587646312	0.0950782506868	0.0888692249707	0.271599925701	-0.154897969022	0.169482229733	0.0142430827824	-0.0381521262883	-0.27134348895	0.0450714371314	-0.0
sample13	0.482220574383	-0.35445960552	-0.224183717875	0.0985951558229	-0.117491103632	0.0360613329993	0.0321764416529	0.000827981458983	0.0429881875276	0.00286866441421	-0.0
sample14	0.481939091207	0.36245702149	0.164138254631	-0.112635634018	0.0680494094057	-0.062440511629	-0.0758864982344	0.10617882987	-0.0137798973714	0.0225305042865	-0.0
sample15	-0.0795729842921	-0.306014780884	0.343492762026	0.120665287572	0.202062316156	-0.215016943533	0.00906273299213	0.0504440569885	-0.0134690305274	0.0330816082706	-0.0

Biplot	0	0

Site constraints	0	0
