Eigvals	15
357.62987129	232.497631023	141.409397813	104.690230811	76.5736846569	68.2404682299	51.7936892884	44.1473259196	34.6103578963	27.4532170418	24.5373855827	21.7579242567	19.0154153766	16.7296145797	0.0

Proportion explained	15
0.292878477587	0.19040230608	0.115806235644	0.0857353310772	0.062709482585	0.0558850533735	0.0424160789833	0.0361541432717	0.0283439101238	0.0224826197629	0.0200947200174	0.0178184996369	0.0155725412033	0.0137006006546	0.0

Species	0	0

Site	15	15
sample1	-4.96216513624	3.02758992361	3.4163395885	-1.72304059623	0.151164500164	-3.11439388162	0.7307220306	-0.132357672194	1.59173381353	-1.68468903997	-2.31678579177	0.0333047776939	0.0398389130653	1.66422438265	-0.0
sample2	-2.77961759736	2.47893632925	1.89984110651	-0.102901953573	2.66975030967	0.282874411574	1.55323288817	3.4629424073	1.62654652139	2.32453049659	1.20201076104	-0.977986884397	-1.16204419486	-0.0375315435246	-0.0
sample3	-1.48459588148	-5.3112544559	4.10866587764	-0.635042739036	0.739148585198	0.859192461632	-0.961887261458	-1.60748574265	2.90447472802	0.334646595954	0.377636523803	1.45692942658	1.19989454594	-1.64299335239	-0.0
sample4	-0.948522936936	-6.46200533888	0.523321269585	-1.96817861947	1.86661502631	2.4487984258	-3.68856362726	0.722421935852	-1.05760035281	-1.19868599525	-0.637688136184	-1.43400173397	-1.36685286157	0.417122881143	-0.0
sample5	3.52971814803	-5.01762148867	2.70221344168	0.162838685041	2.36688908961	-2.36555331175	2.18485929775	-1.23145049584	-2.76739141462	0.595128212565	1.02482250061	1.50637141711	-0.586605624885	0.978853065647	-0.0
sample6	-3.21291271724	-4.05750364481	-7.99745491543	-4.99762851276	-0.419041090334	-0.278654240548	2.33422682091	0.318012005274	0.428932745089	-0.0531810374442	0.118747591854	0.0929912834849	0.694179408408	-0.0471871915053	-0.0
sample7	-3.16350431972	1.25542095137	-0.065018282391	2.13202127599	1.06572628644	-1.54112288451	0.772706254536	0.889808651611	-2.38650136128	-0.192810471376	-2.01619687724	-0.543237017507	0.466700881303	-2.64893249148	-0.0
sample8	-0.846583430092	2.74336950836	-3.35717342965	3.1581453784	3.22597586351	0.245740299639	-1.18086869949	-3.41609363955	0.354491938029	1.56726533658	-0.179694696028	-1.3915487805	1.07051925645	0.934950220241	-0.0
sample9	-4.72609489843	4.86358830349	-2.19239580822	2.48844508065	0.666446332679	3.57971385183	0.690322961855	-0.593035495788	-0.0394111322246	-1.81439861134	0.581883335874	2.18244256278	-1.4617116807	-0.0601175402918	-0.0
sample10	12.5745728715	6.6169928499	0.0579563782904	-4.06444256469	1.39400577987	1.08362903736	-1.04109286151	0.697595194206	-0.274211780967	-0.0624458320896	-0.499753027437	0.755199732058	0.733056787459	-0.24397375993	-0.0
sample11	2.26777420986	-3.16000726834	1.2533630228	3.57203987496	-2.67276712711	3.52946393729	1.56051172258	2.08935588931	-0.414395724369	0.208600923861	-0.92154646186	-0.0722081800353	1.86963260164	1.26765913262	-0.0
sample12	8.71846713854	-1.53582249155	-0.468648106048	2.02748416766	-2.43532353489	-0.669681759364	2.10573521461	-1.58645786276	1.67025197769	-1.08467477367	0.0944907660339	-1.72886691625	-1.70477841727	-0.698281386876	-0.0
sample13	1.61951259566	-0.992957313101	-3.49362119987	2.85299982425	-2.57134553303	-3.45312472507	-3.49794801629	1.66735682238	0.603938148993	1.13388174148	-0.181926315569	1.5645699886	-0.650391978205	0.25654318136	-0.0
sample14	-2.12053695102	2.38867447839	1.06261040127	0.277328368258	-1.05970596573	-1.82245717391	-1.11074352091	0.707326588664	-0.733499237969	-2.15883717496	3.24381664334	-1.10543104226	1.50126351816	-0.0554373990671	-0.0
sample15	-4.4655110951	3.16259965688	2.55000065533	-3.18006766946	-4.98753852235	1.21557555164	-0.451213204097	-1.98793858583	-1.5073588685	2.08566962907	0.110183183531	-0.338528633389	-0.642701154926	-0.0848981985842	-0.0

Biplot	0	0

Site constraints	0	0
