Eigvals	16
446.097287654	324.770751295	265.113225024	183.60371944	106.645038163	88.2874188616	76.2155019709	62.5836316038	56.5108979094	46.9096119677	39.3895395928	36.5770600012	31.2633805396	27.5970203067	24.3009712656	0.0

Proportion explained	16
0.245666541288	0.178851809662	0.145998307643	0.101110883143	0.0587296053937	0.0486200329642	0.0419720076313	0.0344649132439	0.0311206483848	0.0258332037522	0.0216918869998	0.0201430496657	0.0172167972743	0.0151977264068	0.0133825865478	0.0

Species	0	0

Site	16	16
sample1	-12.0002609041	6.32901494874	6.05608114885	-3.23962171737	3.46081329675	0.508551889343	0.770864944243	-1.45934689997	0.215878539648	-1.83483594624	0.226847807787	1.17713202505	-0.139927044451	-0.213197973848	0.775141695734	-0.0
sample2	1.62748352646	-5.31399937123	2.3321130103	0.491393156056	3.30771055657	-1.88536418343	-2.43755081218	-2.34676566043	1.39308945761	2.17143400474	0.0880284493245	0.26373004983	2.24995914381	2.39795411484	0.40437325234	-0.0
sample3	-1.94562634082	-5.64677178508	0.215088065065	4.4150933334	2.3503853705	2.31389325064	1.37306322189	1.70608097154	-2.90337759528	1.86618331199	0.447359329709	-0.154475345673	-0.564725248845	-1.07009930916	2.51343252678	-0.0
sample4	-4.00935007647	-2.62006953855	2.72449349105	3.71673287884	1.13477324658	2.563517493	-1.34001970495	2.15422222965	-1.22767208583	-1.68465181928	0.229587678012	-1.93885743188	0.327229322857	0.928336367428	-2.9861071163	-0.0
sample5	0.694036007896	-5.99038257347	-0.350631520513	2.62629562652	1.62407139898	-4.76889987975	-0.782358600343	-0.85158950053	1.27656051766	-1.7965895008	-1.15784990794	0.574390714596	-0.902214083517	-2.8662599442	-0.723185000814	-0.0
sample6	5.13211571426	5.17579940466	-7.71016746892	1.78631215992	3.24695136664	2.14335791178	-0.358006471292	1.50435833325	2.21715305239	-2.05227683301	-2.1733990371	0.0447044732865	0.182742379966	0.818790955774	1.02832160511	-0.0
sample7	8.39297625248	4.46598102119	-1.75366683755	-0.845113853629	0.125505928011	-0.260247114335	-1.5317243798	-2.54385156258	-3.26162086213	-1.81400413032	2.8617566857	-0.94808566431	1.16307566087	-0.915988865605	0.271438415167	-0.0
sample8	7.25102949787	7.85965145113	7.17099456172	2.14735080513	0.290199595173	-0.169657332236	0.524339316897	0.232908997487	1.8875980344	2.82143308629	-0.144206776561	-1.53631818096	-1.60329891125	-0.683720326982	-0.435148500924	-0.0
sample9	1.80850797067	-2.63401888696	1.16332789738	2.93031461198	-3.26461969073	1.1431452593	2.79342858066	0.708896195968	3.2693139611	-1.3617915501	3.30538785597	2.02011358767	0.394755113481	0.464634456482	0.1818007842	-0.0
sample11	-1.47253913178	1.54933467802	-1.64414363388	4.26495170277	-3.57389976313	1.3317596177	2.21699994339	-4.2747567517	-1.82114812555	0.589434206483	-2.58056918123	1.29009013787	-0.0356722050351	0.588524035064	-0.800887665275	-0.0
sample12	-5.92196930949	-1.56747733109	-2.28255073686	-1.81633652844	-3.49454928448	-1.6497270585	1.46244168084	-0.663489196504	1.43124389252	-0.473818532381	-0.24292347155	-4.32988922541	0.351901210595	0.283468927132	1.31632313814	-0.0
sample13	0.713541343524	3.53177480059	2.83934761529	-0.0651434544486	-3.17776030996	-4.47053824084	-0.511325096718	4.07729767497	-2.31809908728	-0.442416099236	-1.22276627328	1.32321996672	1.07352080919	1.04395138342	0.622605287877	-0.0
sample14	-4.23082665035	0.112004807464	-2.38115593268	-1.04863751555	-3.47381998694	1.80533760473	-6.34752324069	-0.0411866166414	0.715695046163	0.970154550689	0.535903610449	0.952791114707	-1.93940886916	-0.208935536089	0.443238970633	-0.0
sample15	-5.17519903873	3.33197279155	-7.73432684451	-2.34906205411	1.18839429128	-0.910038113118	1.52926429795	1.30450117679	0.20356763293	3.19951342504	1.15218744529	0.623276472298	1.42623520741	-1.2342736942	-1.73263891617	-0.0
sample16	3.49386793927	-3.54428130785	-2.299364986	-5.3325983142	1.6080569736	-1.35594926888	2.15847881098	-0.0823170591686	-1.33856288542	-0.122618926095	0.596428861063	0.275443153598	-3.41978931416	2.07700261481	-0.638823527814	-0.0
sample17	5.64221319936	-5.03853310913	3.65456217126	-7.68193083689	-1.35221298884	3.66085816461	0.479627509118	0.575037667868	0.260380507077	-0.0351492477581	-1.92177307564	0.362734152604	1.43561682823	-1.41018720487	-0.239884948677	-0.0

Biplot	0	0

Site constraints	0	0
