Eigvals	5
0.267315008286	0.201776409547	0.15237895115	0.0504314531955	0.0

Proportion explained	5
0.397848315724	0.300306388355	0.226787524784	0.0750577711368	0.0

Species	0	0

Site	5	5
sample4	-0.207909526482	0.338468802046	0.0730850264154	-0.0422990021277	-0.0
sample5	-0.300977552816	-0.287034483678	0.0891887611647	-0.00550343734038	-0.0
sample9	0.309316214754	-0.0654434449279	0.0680999112548	-0.140319616777	-0.0
sample12	0.00515360864266	-0.00792045717702	-0.347468226711	0.0191363629029	-0.0
sample15	0.194417255901	0.021929583737	0.117094527876	0.168985693342	-0.0

Biplot	0	0

Site constraints	0	0
