Eigvals	10
175.835560244	162.782489447	118.561287526	63.8895158592	49.1338390283	41.8447738101	34.4080029107	26.1606166303	14.134767669	0.0

Proportion explained	10
0.256039813339	0.237032817224	0.172640903156	0.093031578437	0.0715453629284	0.0609315206812	0.0501025994421	0.038093315081	0.0205820897123	0.0

Species	0	0

Site	10	10
sample1	-9.70845100085	4.31908819277	0.423153257324	-0.728736325208	-0.216214614455	2.84271948142	0.37147307781	-0.844311193728	-0.448225546236	-0.0
sample4	1.11672327277	1.36477623562	1.60989782214	5.8529096783	-0.784696508293	-0.688009299359	-0.0742545974017	-2.19790746642	1.27360424165	-0.0
sample5	-0.751970654419	5.38051780127	-0.111932917626	1.83462639318	2.6588526152	-2.54777279068	-0.447834315882	2.9345274187	-0.674009188294	-0.0
sample7	1.52605910867	-4.79273320767	-2.7112738766	0.108214191136	4.5468851251	2.74264622118	-0.235642226614	0.245486370256	1.05676934831	-0.0
sample8	0.757343260015	2.03258221991	-4.50522405218	-3.57621395091	0.595960778877	-2.94056823245	-1.13824879527	-2.54303502033	0.133150891537	-0.0
sample9	3.16813972035	1.12104475247	-6.32226000137	0.427420818231	-3.78382122948	1.4192103509	1.43232943503	1.56894511073	0.166296519702	-0.0
sample10	6.23173625389	0.281614895535	2.77578863653	0.00216693028616	0.140809874249	1.67770299818	-0.434209143497	-1.05000584388	-2.65413471441	-0.0
sample11	3.23884381289	2.58903516557	5.90576860311	-3.44386099918	-1.09598874801	0.603160258106	-0.559723536154	0.975702182805	1.84456381866	-0.0
sample12	-1.80295069117	-5.01225875056	2.26350084738	-0.862213001592	0.132872988988	-2.1042271813	4.38815521614	-0.0679242592453	-0.299506482318	-0.0
sample13	-3.77547308216	-7.28366730492	0.672581681294	0.385686265767	-2.19466028218	-1.004861806	-3.30204511416	0.978522701114	-0.398508888596	-0.0

Biplot	0	0

Site constraints	0	0
