Eigvals	15
0.759706436893	0.629497725828	0.52099829955	0.43066021633	0.374790111567	0.325628314886	0.275768175051	0.247632725545	0.216947636868	0.196635410437	0.169028481368	0.133150476021	0.113585149073	0.106193378908	0.0

Proportion explained	15
0.168815304226	0.139881465965	0.115771674648	0.095697537769	0.0832825728895	0.0723582694218	0.0612787862605	0.0550267733287	0.0482082019324	0.0436945970476	0.037560027294	0.0295875314802	0.0252398960509	0.0235973616867	0.0

Species	0	0

Site	15	15
sample1	-0.244093135152	0.337174312885	0.069560532258	0.192353123476	0.241172127964	-0.144434660655	-0.0742991874247	0.177655922138	-0.164477041646	-0.00927273377824	0.0558410326646	0.0552479509526	0.0367327897475	0.060082570032	-0.0
sample2	-0.0611979307819	0.102908635286	-0.355213210198	-0.105937419131	0.137771937216	-0.125292310419	-0.118241739324	-0.174640308	0.0470043548857	-0.132488925161	0.0105795685298	0.040266052175	0.0154885651752	-0.164951106348	-0.0
sample3	-0.198713558839	-0.179166767888	-0.0685326663657	-0.0863452152902	0.0399541934315	-0.0563028211841	0.323672848245	0.0852352287759	0.1330773621	-0.10286579033	0.0122659940571	0.0010840216668	0.157985191889	0.0512371755896	-0.0
sample4	-0.0906848538304	0.19813101677	-0.192812882429	0.137860386564	-0.0822284627291	0.25882304919	0.0648357846785	-0.232695821856	-0.019639511691	-0.0500616128864	0.0168938223344	0.0412035960161	-0.0478747292696	0.15892844637	-0.0
sample5	0.280094500852	0.218866567285	-0.0310489277066	-0.241576902581	0.190384108309	-0.0182894934512	0.086988510415	-0.0451712179858	0.0723216641868	0.278364248298	0.0693189994683	-0.0612526812909	-0.00781218717591	0.0289195692629	-0.0
sample6	-0.183843418234	0.223507019919	0.285123542613	0.161104610837	-0.0762294516457	0.126663846197	0.118092658766	0.0343005858557	0.163151642635	-0.00887647881158	0.054520518711	-0.0398190785839	-0.0956642237301	-0.159619620561	-0.0
sample7	0.282516334041	0.183942791167	0.192996367997	-0.348541404779	-0.0637297493803	0.119882634279	0.0193913424719	0.0846505644187	-0.143176988554	-0.193194495778	-0.0866728217804	0.0277229343677	-0.00989691591212	-0.00558567799245	-0.0
sample8	-0.18854677993	-0.0801541059286	-0.152650753304	0.0193774648048	0.0699639371763	0.200686040236	-0.127904940319	0.135909676394	0.0383630831187	0.0980818739882	-0.273672351465	-0.0855903076016	0.0221620833814	-0.0142981287692	-0.0
sample9	0.0552629487528	-0.282959819923	-0.00963029736731	0.0343069075232	-0.0441954897715	0.249709091018	-0.0631844872958	0.0324239183434	-0.146043840807	0.100841372018	0.176591014033	0.0912117641519	0.112100432277	-0.0899256233355	-0.0
sample10	0.229314719172	-0.254918761466	-0.265301474966	0.111309701134	0.0234410594543	-0.0652074198098	0.104539423149	0.171874392717	-0.06834656202	-0.0504085782862	0.0557187645221	-0.0500075665712	-0.199876246909	0.00512255046773	-0.0
sample11	-0.267692520467	-0.251503405282	0.233431128589	-0.0868428974258	0.0542847186272	-0.0806484093728	-0.0517700214505	-0.187326829533	-0.138414873773	-0.0276437736102	0.0383085988337	-0.208155581034	-0.0232839831303	0.0254493912197	-0.0
sample12	0.32366784041	0.0610111771011	0.0319584718542	0.276495831477	-0.197664166104	-0.191318029842	0.108632071521	-0.108411600002	-0.111115121864	0.0643427394814	-0.142891713287	-0.0221451578178	0.0932038156419	-0.0507074043947	-0.0
sample13	0.341216177801	-0.214032301911	0.244733911397	0.156041035885	0.203982531897	-0.00211346485087	-0.168843116905	-0.0501254491879	0.204343661295	-0.0883377539837	-0.0155828867038	0.0656636908813	0.0103481427103	0.0686132699171	-0.0
sample15	-0.269257715564	-0.165452592788	0.106839633784	-0.153308942377	-0.128692009611	-0.159865287686	0.00419460172441	-0.0407185769728	0.0045478928915	0.126325515194	-0.0813812979156	0.220515829275	-0.106191762369	0.019495762374	-0.0
sample16	-0.00804260823076	0.102646234772	-0.0894533761558	-0.0662962801175	-0.368215284834	-0.11229276365	-0.226103748252	0.117039514894	0.128404279243	-0.00480560635345	0.110162757998	-0.0759454665869	0.0425790276735	0.067238826168	-0.0

Biplot	0	0

Site constraints	0	0
