Eigvals	11
0.715116544331	0.52666744644	0.341242880582	0.223620397537	0.104018419767	0.0567678333977	0.0235572963824	0.0103227919905	0.00361139707054	0.0	0.0

Proportion explained	11
0.35667994646	0.262686855853	0.170202316449	0.111535542078	0.0518814516144	0.0283141928927	0.0117497144753	0.00514871725968	0.00180126291858	0.0	0.0

Species	0	0

Site	11	11
MCT.f.0326	-0.140642202049	0.251812498663	0.317311753398	-0.0546446345794	0.0722567734595	-0.0754938262713	0.0722736317187	-0.000542943128291	0.00870370408834	-0.0	0.0
MCT.f.0327	-0.182456485717	0.260809632153	0.236852039019	-0.0493392249567	-0.0390809070088	0.0578951301802	-0.0952751864246	-0.00575244575758	-0.0100867543703	-0.0	0.0
MCT.f.0329	-0.326673578238	-0.167949607006	-0.0789175883769	-0.102024022712	-0.146841724317	0.0464448194291	-0.00747900562987	0.026253641504	0.0194293070346	-0.0	0.0
MCT.f.0330	-0.312115962362	-0.241006683013	-0.0664383726572	-0.0878383843981	-0.0587128870658	-0.0678449244564	0.0441728974832	-0.00561310284545	-0.0172352085217	-0.0	0.0
MCT.f.0331	-0.242321675298	-0.260097626593	-0.0717301296137	0.0580642145071	0.223721860639	0.0345444590047	-0.0288841885861	-0.0326193801943	0.00175395466787	-0.0	0.0
MCT.f.0334	-0.0940618725544	0.246649138553	-0.162299480981	0.267348274542	0.0267853848233	0.0781169250524	0.0397771918003	0.0404532191257	0.0020220661673	-0.0	0.0
MCT.f.0335	0.0810683634091	0.284572039774	-0.266331365851	0.0430929587966	-0.0840968214554	-0.0579940887119	-0.0046450689493	-0.0588389553744	-0.00688993376371	-0.0	0.0
MCT.f.0336	0.247617433644	0.0614236959787	-0.16706378073	-0.157476970528	0.0921916720503	-0.0909097209203	-0.0428052100136	0.0547703196729	-0.00914854081829	-0.0	0.0
MCT.f.0337	0.370846857312	-0.0176528720156	-0.0242721292712	-0.144239940814	0.0107685381577	0.0566323746743	0.0148256007081	-0.0195030864812	0.0370629324229	-0.0	0.0
MCT.f.0338	0.352700521437	-0.146844879732	0.103471386053	-0.0477010951706	-0.0250419065429	0.105877658866	0.0409437740424	-0.00283974915137	-0.0342461622062	-0.0	0.0
MCT.f.0340	0.246038600416	-0.271715336762	0.179417669011	0.274758825314	-0.0719499827393	-0.0872688068472	-0.0329044361492	0.00423248263003	0.00863463529918	-0.0	0.0

Biplot	0	0

Site constraints	0	0
