Eigvals	13
0.98053632064	0.482632850432	0.20231572684	0.0951740455818	0.0362058289815	0.0152852995884	0.00621770503083	0.0	0.0	0.0	0.0	0.0	0.0

Proportion explained	13
0.539239824304	0.265420921175	0.111262270146	0.0523403718327	0.0199111694771	0.00840605502412	0.00341938804083	0.0	0.0	0.0	0.0	0.0	0.0

Species	0	0

Site	13	13
MCT.f.0294	-0.230944096466	0.26664654626	0.248766639743	-0.0844793866972	0.0622256331981	-0.0419034804384	0.00537768502862	0.0	0.0	0.0	0.0	0.0	0.0
MCT.f.0295	-0.29567169449	0.179800291272	0.150168471163	0.0432952008103	-0.0754603329017	0.0360753496469	-0.00356217790819	0.0	0.0	0.0	0.0	0.0	0.0
MCT.f.0296	-0.297085279268	0.0737903543361	-0.0663524237858	0.124672201255	0.0361388317205	0.000475205449945	0.0159941492908	0.0	0.0	0.0	0.0	0.0	0.0
MCT.f.0297	-0.314942026554	0.0101364056971	-0.114744565522	0.0582536219633	0.0168161801289	0.0422679966786	-0.0311725348305	0.0	0.0	0.0	0.0	0.0	0.0
MCT.f.0298	-0.276077966129	-0.0978230606665	-0.0930234617586	-0.0194038501812	-0.0242681544845	-0.0525193453687	-0.0103844409745	0.0	0.0	0.0	0.0	0.0	0.0
MCT.f.0299	-0.232037685721	-0.166077073135	-0.125430828	-0.0395510276287	-0.0379884356191	-0.00849416539844	0.0270045967936	0.0	0.0	0.0	0.0	0.0	0.0
MCT.f.0300	-0.0496099211149	-0.280168320103	-0.0535254735143	-0.0877089801437	0.0839602495388	0.00671957396341	-0.00485803313003	0.0	0.0	0.0	0.0	0.0	0.0
MCT.f.0301	0.138947930271	-0.256546182732	0.162011301244	-0.08951076455	-0.0644599167533	0.038379640058	-0.0196732066292	0.0	0.0	0.0	0.0	0.0	0.0
MCT.f.0302	0.237417184114	-0.21134880445	0.0658994689635	0.0353790460179	-0.0411900285203	-0.0466552767515	0.019652663747	0.0	0.0	0.0	0.0	0.0	0.0
MCT.f.0303	0.315605859002	-0.072070852281	0.0809828810641	0.109049386196	0.0538041503224	0.0432338779336	0.0350636594206	0.0	0.0	0.0	0.0	0.0	0.0
MCT.f.0304	0.389439720099	0.0278211402899	0.00583525368043	0.0551884893359	0.0537667647339	-0.0212213579347	-0.0424678115445	0.0	0.0	0.0	0.0	0.0	0.0
MCT.f.0305	0.350948050576	0.222267439239	-0.0992728048219	0.0654319312542	-0.0657723891406	-0.0263722232746	-0.00646234807849	0.0	0.0	0.0	0.0	0.0	0.0
MCT.f.0306	0.264009925681	0.303572116272	-0.161314458456	-0.170615867632	0.00242744777695	0.0300142054358	0.0154877988148	0.0	0.0	0.0	0.0	0.0	0.0

Biplot	0	0

Site constraints	0	0
