Eigvals	5
0.416992811055	0.25376817231	0.180786863105	0.0736523294258	0.0

Proportion explained	5
0.450705503434	0.274284613127	0.195402970963	0.0796069124765	0.0

Species	0	0

Site	5	5
MCT.f.0481	0.33225333541	-0.0121913873317	0.0152392735294	-0.198206506966	0.0
MCT.f.0482	0.3738554006	-0.00488683441057	-0.0031935156458	0.184997169261	0.0
MCT.f.0486	-0.215097205593	0.275760396873	-0.265291614352	-0.00259987016905	0.0
MCT.f.0489	-0.248644415421	-0.397756466117	-0.0709853415205	0.00557731626293	0.0
MCT.f.0492	-0.242367114997	0.139074290986	0.324231197989	0.0102318916114	0.0

Biplot	0	0

Site constraints	0	0
