Eigvals	10
0.499923148218	0.422114207088	0.308319984083	0.274539964357	0.225566322447	0.179059069333	0.128600777362	0.0996086485337	0.0905653399117	0.0

Proportion explained	10
0.224352070086	0.189433508952	0.13836572066	0.123206155875	0.101228101885	0.0803568968866	0.0577125718595	0.0447016838022	0.040643289993	0.0

Species	0	0

Site	10	10
sample1	-0.313802665045	0.0416721135147	0.0172181398834	-0.119586857179	0.0531372256497	-0.0630268910657	0.22751620804	0.0297068877067	-0.134511741	-0.0
sample2	0.18074651887	0.031147182182	0.227609183038	-0.0164123967421	-0.0297864616203	-0.0363283565471	0.12568914434	-0.190878999635	0.121655529792	-0.0
sample3	-0.20120326203	0.211823323214	0.296880974842	0.107716692706	0.197177000962	0.0566076778127	-0.154602159125	0.0241347306028	-0.015437579476	-0.0
sample5	-0.0374449808853	-0.102524601052	0.0779700794133	-0.217547574261	-0.208217850907	0.274730846332	-0.0245746563368	0.0718135443807	0.0300870015585	-0.0
sample6	0.247046710805	0.102621887005	0.0651040396376	-0.104894092823	-0.0844187750369	-0.246858390618	-0.0359273566128	0.1727375056	0.0399569135531	-0.0
sample7	-0.349807587936	-0.359235249588	-0.0547211792359	0.116194804925	-0.117640424213	-0.143362627625	-0.0943947288192	-0.0425171295892	0.0494936633329	-0.0
sample10	0.327890524435	-0.153234416485	-0.00640649512768	0.0153878275978	-0.014089651452	0.00266057543435	-0.0877815113018	-0.0868225926654	-0.211046001757	-0.0
sample12	0.0761087851654	-0.133939060202	-0.239577648951	-0.186940988067	0.316595687745	0.0315979964211	-0.0253703522639	-0.00452139863412	0.0836765869313	-0.0
sample13	-0.0824784435836	0.423345480901	-0.300599335401	0.0314305490812	-0.133410485849	0.0124788467203	-0.0535154069937	-0.0790218121849	0.0060748441756	-0.0
sample15	0.152944400204	-0.0616766594905	-0.0834777580995	0.374652034762	0.020653734721	0.111500323136	0.122960819073	0.105369264418	0.0300507828894	-0.0

Biplot	0	0

Site constraints	0	0
