Eigvals	11
0.662424010773	0.561340464918	0.360455277063	0.173096664227	0.0683522727145	0.0370530160429	0.0112543356221	0.00726494636026	0.0	0.0	0.0

Proportion explained	11
0.352120762357	0.29838838755	0.191605051886	0.0920119566587	0.0363336080601	0.0196960497271	0.00598239975399	0.0038617840073	0.0	0.0	0.0

Species	0	0

Site	11	11
MCT.f.0446	-0.328042791519	0.0934948567335	0.296567079452	-0.0464350772972	0.103747054933	-0.0685142785056	0.0332992364716	-0.0103953058209	-0.0	0.0	0.0
MCT.f.0447	-0.330602046279	0.122538797229	0.254540642167	0.0904913926032	-0.084072036134	0.0450383084133	-0.0387062203151	0.0125320516849	-0.0	0.0	0.0
MCT.f.0450	-0.254408579623	0.0833437726535	-0.255029467729	0.187455174039	-0.0855486430703	0.026923519556	0.0197667700903	-0.0109516245148	-0.0	0.0	0.0
MCT.f.0451	-0.214685556177	0.00562439589377	-0.351805607395	0.00993104571707	0.111228831977	-0.0509639952113	-0.00782550487636	0.0151163762006	-0.0	0.0	0.0
MCT.f.0453	-0.120793344912	-0.248297625748	-0.058737994935	-0.205454491001	0.0308771346363	0.101504282948	-0.00772622916894	-0.0347738475109	-0.0	0.0	0.0
MCT.f.0454	0.0380640099543	-0.335400748292	0.00273915826831	-0.0968119241554	-0.0786333998099	-0.0568213214824	-0.027925403691	0.00574630024597	-0.0	0.0	0.0
MCT.f.0455	0.152485304953	-0.289129309194	0.0572096929878	0.0351212869367	0.0110659227262	0.00384307953382	0.00802759516817	0.0562607752641	-0.0	0.0	0.0
MCT.f.0456	0.260996991825	-0.152211996787	0.0654361231276	0.0924091559104	-0.0383212495632	0.00634727175464	0.0674538370739	-0.0195256888157	-0.0	0.0	0.0
MCT.f.0457	0.345433517773	0.0190022572855	0.0456145678517	0.150215311102	0.0489738716213	-0.047765734376	-0.0517039961389	-0.0377448858724	-0.0	0.0	0.0
MCT.f.0458	0.280618610491	0.308035820954	0.0176341807317	-0.00829995412082	0.0891281129341	0.0920491027054	-0.00251730948407	0.0207067389074	-0.0	0.0	0.0
MCT.f.0459	0.170933883513	0.392999779271	-0.0741683745261	-0.208621919734	-0.108445600251	-0.0516402353361	0.00785722487033	0.00302911023175	-0.0	0.0	0.0

Biplot	0	0

Site constraints	0	0
