Eigvals	8
0.443270661844	0.396197839895	0.181898038318	0.0974574464392	0.0387406042341	0.0	0.0	0.0

Proportion explained	8
0.382933846969	0.342268451426	0.157138564685	0.0841917999389	0.03346733698	0.0	0.0	0.0

Species	0	0

Site	8	8
MCT.f.0463	-0.408542045282	0.147967669162	0.0389685437115	0.0441111112998	-0.122027449394	0.0	0.0	0.0
MCT.f.0464	-0.360430408785	0.0868534133812	-0.0117834432012	-0.0457512912481	0.130908673176	0.0	0.0	0.0
MCT.f.0467	0.00255420953703	-0.275739423996	-0.220822904817	-0.154626525798	-0.00876491878347	0.0	0.0	0.0
MCT.f.0468	0.052802399774	-0.37256213009	0.0047283678184	0.0809643579464	-0.041779365294	0.0	0.0	0.0
MCT.f.0470	0.0938128280571	-0.170763900201	0.310703885506	0.0221964673712	0.0380207010982	0.0	0.0	0.0
MCT.f.0472	0.217002451731	0.229477556604	0.0873181672612	-0.137564632447	-0.0145456153287	0.0	0.0	0.0
MCT.f.0473	0.25903839384	0.237279640673	-0.052450076816	-0.0172692559175	-0.0300719169417	0.0	0.0	0.0
MCT.f.0475	0.143762171127	0.117487174468	-0.156662539463	0.207939768794	0.048259891468	0.0	0.0	0.0

Biplot	0	0

Site constraints	0	0
