Eigvals	16
0.773642975909	0.659669664233	0.54484198857	0.440331402562	0.396584085006	0.35524194388	0.267578311232	0.228317028717	0.124491073118	0.0888182545171	0.0700866695139	0.0220064897247	0.0	0.0	0.0	0.0

Proportion explained	16
0.194793294891	0.166096289164	0.137184165634	0.110869751837	0.0998547431121	0.0894453267035	0.0673727578605	0.0574872747359	0.0313452420204	0.0223632876956	0.0176469168696	0.00554094947663	0.0	0.0	0.0	0.0

Species	0	0

Site	16	16
MCT.f.0597	-0.0907665872367	0.266237386566	0.144874370119	-0.103668058393	0.128372398059	-0.389510366145	0.095651985021	-0.0549218679624	0.00416368817957	-0.00900147386859	-0.12000050988	-0.0144096538002	0.0	0.0	0.0	0.0
MCT.f.0598	-0.112392624148	0.291838660491	0.26871920643	-0.00824151771688	0.226669725475	0.0413279290372	0.0460500736635	0.0034943831881	-0.0349991785652	-0.060545302792	0.140452948321	0.021068029924	0.0	0.0	0.0	0.0
MCT.f.0599	-0.281235352076	0.152671478462	0.186224603373	0.131267271784	0.0703150657339	0.233206365697	-0.220413059341	0.0737340369558	-0.00232835308881	-0.0193610348236	-0.0354959822942	-0.0148155693212	0.0	0.0	0.0	0.0
MCT.f.0600	-0.405283444015	-0.0518703804449	-0.0610702727517	0.150662227018	-0.193521584538	-0.117642888599	-0.167623118556	0.11024277329	0.0509754435566	0.0532233098123	-0.0407952583284	-0.000290577220877	0.0	0.0	0.0	0.0
MCT.f.0601	-0.340317666495	-0.141570257705	-0.245121655327	0.184924311525	-0.0850188203804	-0.131625602605	0.206452734892	-0.0044477431604	-0.0336183635312	-0.0313559867851	0.102741431449	0.0163853682105	0.0	0.0	0.0	0.0
MCT.f.0602	-0.0664626971684	0.0312759288713	-0.270376189021	0.121199385679	0.124511801484	0.239168635392	0.157161757976	-0.123659867192	-0.0324888172542	-0.0666661710186	-0.0944571847288	-0.0302970694174	0.0	0.0	0.0	0.0
MCT.f.0603	0.100640379513	0.223554114554	-0.260847205588	-0.0499604250236	0.117163194803	0.104280603325	-0.0128044256099	-0.0999312740903	0.149793427197	0.124957467679	0.00134266378273	0.0247359881297	0.0	0.0	0.0	0.0
MCT.f.0604	0.19583132016	0.230875119726	-0.267789740939	-0.161537304881	-0.0609631714011	-0.0868616600762	-0.111822875449	0.103458658487	0.0201843812834	0.0299594248348	0.0850939999141	-0.0219553851583	0.0	0.0	0.0	0.0
MCT.f.0605	0.266312121017	0.141466952785	-0.152674827566	-0.0767543811072	-0.173798312813	0.0199378854907	-0.0552718041214	0.130550950697	-0.140871993099	-0.125305218662	-0.0368456222938	-0.00055576175416	0.0	0.0	0.0	0.0
MCT.f.0606	0.197821092566	0.10979457769	0.183928370226	0.0833316901829	-0.228968098439	0.0853446318829	0.137676512212	0.0160251798944	-0.0488079624829	0.0704929886317	-0.0440686649027	0.0782668867392	0.0	0.0	0.0	0.0
MCT.f.0607	0.19884896296	-0.00953664845959	0.267306708405	0.131935687298	-0.242575128994	0.0476976499054	0.113330896077	-0.0595514085277	0.0703007018797	0.047182001283	0.0339913571656	-0.0696471041324	0.0	0.0	0.0	0.0
MCT.f.0608	0.243814304539	-0.187336921715	0.0399249706486	0.108668594352	-0.0286616891959	-0.105593783582	-0.166804751336	-0.210145836684	0.0938192034532	-0.122698010904	0.0263911380469	-0.00779284873736	0.0	0.0	0.0	0.0
MCT.f.0609	0.184320862412	-0.282098193005	-0.00028803471752	0.136430813068	0.184592093062	-0.0837035480165	-0.148924459956	-0.0720306384739	-0.108874797192	0.0586736404502	-0.00740125963523	0.0523365045403	0.0	0.0	0.0	0.0
MCT.f.0610	0.18289282155	-0.277526908147	0.0343098827153	0.033809958521	0.235800725292	-0.0124160529341	0.0746902535541	0.202605477815	-0.0553249821724	0.0865115286413	0.00212550562463	-0.0566555399279	0.0	0.0	0.0	0.0
MCT.f.0611	-0.0214642381459	-0.301679450527	0.0735740303462	-0.246977631786	0.038707679176	0.0695780621757	0.0888449301209	0.165972792833	0.179658952748	-0.0901291727	-0.0291008069264	0.0400052996996	0.0	0.0	0.0	0.0
MCT.f.0612	-0.252559255431	-0.196095459143	0.0593057836461	-0.435090620521	-0.112625877323	0.0868121390507	-0.0361946491459	-0.181395617069	-0.111581350912	0.0540620102223	0.0160262446854	-0.0163785677735	0.0	0.0	0.0	0.0

Biplot	0	0

Site constraints	0	0
