Eigvals	12
1.00857711909	0.454741239153	0.180195342888	0.0460182443018	0.0255997452376	0.0176788997202	0.00790409029391	4.12749177566e-05	0.0	0.0	0.0	0.0

Proportion explained	12
0.579390302151	0.261232045589	0.103515568801	0.0264357816234	0.0147061080878	0.0101558749021	0.00454060792869	2.37109157225e-05	0.0	0.0	0.0	0.0

Species	0	0

Site	12	12
MCT.f.0414	-0.29634227252	0.264291110454	0.190814290838	-0.053689357318	0.0487793181227	-0.0450570986049	0.013772995829	-0.00234663431454	0.0	0.0	0.0	0.0
MCT.f.0415	-0.301939410249	0.224780458318	0.128809588666	-0.0161898162358	-0.0346043197325	0.0470616558632	-0.0227030206465	0.00264436586123	0.0	0.0	0.0	0.0
MCT.f.0416	-0.394483390896	0.0930598405278	-0.09110992147	0.116616075584	-0.0518916629313	-0.0286911117327	-0.00446619438476	0.000391147748767	0.0	0.0	0.0	0.0
MCT.f.0086	-0.328134839701	-0.0485176579615	-0.200285312446	0.00160635668297	0.074168991428	0.0451410482105	-0.00722671360178	-0.000808707124209	0.0	0.0	0.0	0.0
MCT.f.0418	-0.22084313706	-0.214674100715	-0.056087679508	-0.0299425831899	-0.0310197307614	0.0302356551334	0.0557497234078	-0.000681865198903	0.0	0.0	0.0	0.0
MCT.f.0419	-0.0599462154162	-0.267681911072	-0.026582069748	-0.0792841817499	-0.0476913335819	-0.0402628230262	-0.0404857583046	0.000612152467006	0.0	0.0	0.0	0.0
MCT.f.0420	0.0228455952299	-0.296237768053	0.0550230614065	0.0374191212562	0.052037696113	-0.0594782120875	-0.00215133304584	0.000671052405047	0.0	0.0	0.0	0.0
MCT.f.0421	0.217903909099	-0.17403050638	0.140054479294	-0.0252530721038	0.0318074301727	0.0586534177046	-0.0119106895732	0.000571036693067	0.0	0.0	0.0	0.0
MCT.f.0422	0.299436198056	-0.0472853972779	0.107414398226	0.0294025729679	-0.069590266589	0.00810746328962	0.0241855924279	-0.00148015381993	0.0	0.0	0.0	0.0
MCT.f.0423	0.364006137221	0.078815957102	-0.00890643845681	0.0905839905314	0.0104519145949	0.0193523443565	-0.029533662403	-0.00281681790266	0.0	0.0	0.0	0.0
MCT.f.0424	0.364845936939	0.148735211315	-0.0418847236638	0.0293332701434	0.0384969808197	-0.0191067838833	0.0277018591586	0.00396358151329	0.0	0.0	0.0	0.0
MCT.f.0425	0.332651489296	0.238744763742	-0.197259673137	-0.100602376569	-0.0209450176549	-0.0159555552232	-0.00293279886368	-0.000719158328115	0.0	0.0	0.0	0.0

Biplot	0	0

Site constraints	0	0
