Eigvals	11
0.575436372817	0.482756754195	0.40680802921	0.371491652674	0.327280927569	0.275429752905	0.240285169913	0.218298242249	0.193129104638	0.156739347969	0.0

Proportion explained	11
0.177185172092	0.148647778644	0.125262069047	0.114387646522	0.100774525583	0.0848087998481	0.0739872750375	0.0672171823807	0.0594672413104	0.0482623095363	0.0

Species	0	0

Site	11	11
sample1	0.113441995594	-0.144768257844	0.0414120627547	-0.19504583276	0.212035678743	0.202672862264	0.0299997419723	0.102635059364	0.0624015742525	0.24341540119	-0.0
sample2	0.188555402985	-0.14804846678	-0.149918105578	-0.016652007453	-0.295208569309	0.0305961142255	-0.0189506134549	-0.301711950698	0.048250366884	0.0846188376278	-0.0
sample3	0.187587874335	-0.0782405595568	0.0627870077359	-0.163907949464	0.116539731898	0.0855195849904	-0.176607978939	-0.0540860621621	-0.271034018065	-0.15916434938	-0.0
sample6	0.0645481052097	0.289103764318	0.39432488028	-0.0430248848502	-0.0792163899129	0.125645264913	0.0112179900997	-0.0336092809186	0.189076412675	-0.107851714068	-0.0
sample7	0.0728191805614	0.190045559445	0.172580090274	-0.00812971282185	-0.170099724642	-0.259099512938	0.0895435602776	0.103925283093	-0.193047558546	0.150085722852	-0.0
sample8	0.178021913601	-0.00507282708776	-0.108539624218	-0.0523101227208	0.291199619685	-0.299036927335	0.132562975947	-0.0911963099048	0.1245538831	-0.0814394039781	-0.0
sample9	0.0401256205411	-0.0645915888344	-0.0416508410932	0.237494758879	-0.0109151141751	-0.111522205293	-0.355830667814	0.142636175414	0.117787777515	0.0252310884329	-0.0
sample12	-0.0261932553334	-0.342990159807	-0.0646951472947	-0.0458042030496	-0.205731218382	0.0268222309411	0.17308171306	0.228880066996	0.0371766116429	-0.150512376716	-0.0
sample13	-0.46187652424	0.253626786201	-0.260206698795	-0.278598235683	-0.0389127201696	-0.00527950286441	-0.0728000368894	0.00731619585616	0.0201115456168	-0.00987510647978	-0.0
sample14	-0.471177628778	-0.226123899729	0.208176546347	0.231183349676	0.1163414706	0.00225775512951	0.0577324918181	-0.139821678758	-0.0603486476947	0.0227631691382	-0.0
sample15	0.114147315524	0.277059649674	-0.254270170413	0.334794840247	0.0639672356639	0.201424335966	0.130050823924	0.0350325017184	-0.0749279473799	-0.0172712686208	-0.0

Biplot	0	0

Site constraints	0	0
