Eigvals	5
0.29743858762	0.217129817436	0.0158967743505	0.00549277802356	0.0

Proportion explained	5
0.554966268335	0.405124720001	0.0296604876001	0.0102485240632	0.0

Species	0	0

Site	5	5
MCT.f.0091	-0.29411508742	0.322699277287	0.0136117924021	0.00992093067269	-0.0
MCT.f.0094	-0.21731147939	-0.213059601748	-0.0132789022408	-0.0480921701815	-0.0
MCT.f.0095	-0.0528745425828	-0.224906839966	-0.0186852019672	0.0542434032179	-0.0
MCT.f.0098	0.253021225723	-0.0143881288075	0.0958295567783	-0.00580087385722	-0.0
MCT.f.0099	0.311279883669	0.129655293235	-0.0774772449724	-0.0102712898519	-0.0

Biplot	0	0

Site constraints	0	0
