Eigvals	12
646.265927008	359.685206978	108.54291112	87.7342618691	70.57834707	60.1816814319	49.1348801375	42.005430887	29.1011254941	27.1840953222	19.5409591233	0.0

Proportion explained	12
0.430856926899	0.239797359652	0.0723641200434	0.0584912694186	0.0470536484338	0.0401223292668	0.0327575732758	0.0280044639655	0.0194013346143	0.01812327601	0.0130276984205	0.0

Species	0	0

Site	12	12
MCT.f.0616	-1.33207911749	4.88160224044	5.48403726165	-3.50179350792	-2.34843314223	1.53780271566	-1.32285838834	-0.345038436858	2.35706899416	1.06441050572	-0.909660183617	0.0
MCT.f.0617	-8.24691861204	6.90212669964	-1.54672734159	1.36392985781	4.76078056858	-2.76976576301	-0.681778687064	-0.538754683124	2.09331904372	-0.73321378194	-0.0890210832516	0.0
MCT.f.0618	3.01014302957	-1.7585866668	-2.35880350519	1.93877390538	-0.643838325878	4.58863850667	-0.19396434554	-0.539129026786	1.89806371754	-1.59342210873	2.07020240624	0.0
MCT.f.0619	-9.09690888935	8.42426157054	1.32780476619	3.31132954347	-2.82010099614	0.73473988153	2.23630303615	-0.863955996263	-2.35088981256	-0.696793061023	-0.147366196679	0.0
MCT.f.0620	9.94161745514	-3.29171647447	0.615051996821	0.368437020131	2.64042649892	0.870215211065	1.7238351202	-4.22947040633	-0.623663248945	0.74394736787	-1.37780889307	0.0
MCT.f.0621	1.53933445503	1.48394604364	-1.98413088528	-0.739539199014	-0.696957274523	-0.732722536527	-5.28414947302	-1.34944397584	-2.2095636268	0.860846671027	0.905031002222	0.0
MCT.f.0622	0.205285738924	-1.95912646233	-5.67578985447	-2.21329092545	-4.12619537744	-3.02034865924	2.02281969377	-0.61096233857	1.21476702747	0.670437249665	-0.145743242259	0.0
MCT.f.0623	7.5756797128	-2.171754199	-0.288805105251	1.8602411323	-0.982513864334	-0.500253320954	-1.56955262283	2.35188502786	-0.107668854727	-2.58891350418	-2.53140150161	0.0
MCT.f.0624	8.03522958721	-2.86364990903	4.34352875643	3.86525192979	-0.386840260007	-3.14953483619	0.641335571136	1.41004585906	0.393245575437	1.34446145136	1.74261139141	0.0
MCT.f.0625	0.706308750497	2.48204866579	-2.94607065184	-0.0950602497419	2.13594959051	2.72795653874	0.940673230967	3.40547479569	-0.693913159589	2.85907481285	-0.610274775974	0.0
MCT.f.0627	-15.7827326217	-13.2979568084	1.52057048278	-0.25651492805	0.591403872987	0.346767043307	-0.263810889112	0.153525904384	-0.394814088138	0.0825769992769	-0.24211247926	0.0
MCT.f.0628	3.44504051145	1.16880529996	1.50933407976	-5.90176457871	1.87631870955	-0.633494781052	1.75114775369	1.15582327677	-1.57595156756	-2.01341260189	1.33554355584	0.0

Biplot	0	0

Site constraints	0	0
