Eigvals	9
0.510559349875	0.437409384768	0.348688022504	0.319704937042	0.248833086585	0.226662676473	0.176472615467	0.152270732779	0.0

Proportion explained	9
0.210922572907	0.180702817158	0.14405019684	0.132076687869	0.102798068157	0.0936390155531	0.0729044686204	0.0629061728946	0.0

Species	0	0

Site	9	9
sample1	0.0753464872471	-0.157272749118	-0.252165700261	-0.0559657152716	0.181505504943	-0.303586633815	-0.0734682249336	0.0951560757705	-0.0
sample4	0.156069304882	0.0829010714067	0.316803730178	0.0774473937336	-0.0228709524462	-0.0266542549892	0.106211503638	0.261682972862	-0.0
sample5	0.181387422357	0.0337404970689	0.263099084073	0.055351037504	0.068890817906	-0.156641908913	0.0421264772269	-0.269324947106	-0.0
sample6	-0.0224369067077	0.404747150702	-0.239097641596	-0.164015146664	-0.0236622101936	0.0301892569007	0.211497672593	-0.0290439651102	-0.0
sample7	-0.0614850450377	0.320001769576	-0.0506071238401	0.25219245862	0.0148294222037	0.078020274666	-0.270066786886	0.00291017081498	-0.0
sample10	0.0748840765968	-0.135623024532	0.0704276274164	-0.271155391806	0.237674674028	0.275094616594	-0.0734980730708	-0.00475316895585	-0.0
sample11	0.184125407404	-0.139856846156	-0.0413029798811	-0.176036849417	-0.387886698175	0.00118686272458	-0.110618129574	-0.0172551686064	-0.0
sample12	0.045923609211	-0.296504274058	-0.186655226368	0.331723364516	-0.0176591705519	0.15447136264	0.149607127222	-0.0309713324891	-0.0
sample13	-0.633814355952	-0.112133594889	0.119498230278	-0.0495411512143	-0.050821387714	-0.0520795758084	0.0182084337839	-0.0084006371805	-0.0

Biplot	0	0

Site constraints	0	0
