Eigvals	15
413.957301997	135.05696445	124.036955365	84.4092081294	60.6578965424	54.375315799	40.1818158145	35.1210754882	32.6560320991	29.0727498318	27.2131097287	21.0873398978	19.6726181276	16.4566950132	0.0

Proportion explained	15
0.37840429668	0.123457504911	0.113383956826	0.0771596656984	0.0554482517121	0.0497052547024	0.0367307731479	0.0321046779575	0.0298513465017	0.0265758168767	0.0248758932326	0.0192762393232	0.0179830218974	0.0150433005339	0.0

Species	0	0

Site	15	15
MCT.f.0122	6.8882705794	-0.981683854158	0.187893480854	-1.89481624683	1.8020113307	-0.502195058953	1.08478834085	-0.0134953800271	-0.240773811933	-0.145229851249	-0.543463884874	-2.24783272382	-1.9105428006	-1.99885304865	0.0
MCT.f.0123	4.14256486423	1.51402056509	-2.96260006281	-3.44796959641	2.36887669351	-0.234984133744	0.944373935384	0.0712416854703	2.12063440878	1.88926591903	-0.53374625859	-0.45201326921	1.85884480117	1.22477215141	0.0
MCT.f.0124	3.44169231584	-7.79987092296	2.50767822719	-0.256641998682	1.38185295007	-0.30202535833	-2.89522248391	0.862498713601	0.781712196981	-0.756419350533	1.21962637577	0.150467757455	0.0848837210296	0.863762773402	0.0
MCT.f.0125	2.20438644972	-0.321239908693	-4.63337581977	1.03462227501	1.86229165687	1.52703444146	0.424114933829	0.279414831025	-1.26716019574	1.34410298636	0.723426220452	2.63686671157	-1.81529484998	0.0938506835154	0.0
MCT.f.0126	-4.11586413592	4.70668099201	0.392150867287	2.28116165151	2.00689665705	-0.0177573237285	-2.09370278523	2.63890804351	1.95265844105	-1.01458924106	-0.719081868191	0.522628931662	0.248830000905	-1.31106346574	0.0
MCT.f.0127	1.76350852368	-0.102524904209	-1.07428501802	2.05922726779	2.19256735872	0.271801364665	-0.385896080242	-1.8830515712	-3.11710662337	-1.3803969344	-0.66811633149	-0.13396785901	2.35109742803	-0.568035384422	0.0
MCT.f.0128	-4.05283062291	-2.27812844312	0.329838141308	0.420826704596	-1.50448001156	-1.44483688677	-1.08169931844	-1.98533344149	0.655345838932	0.981859093323	-3.82820801711	0.65889469727	-0.750771851321	0.135358965025	0.0
MCT.f.0129	-13.5043256834	0.0511476249449	0.366330172436	-4.84537426511	0.507927086302	2.61438679613	-0.238770368265	-0.895713794338	-0.520967659334	-0.673978088162	0.83510189548	-0.314527540102	-0.299849025666	-0.0911731182777	0.0
MCT.f.0130	6.74833486039	3.13493790349	6.31663523223	0.219647693517	-1.00710096084	3.89594633857	0.583712891866	0.242019665534	-0.442822487281	-0.109224966602	-0.900343021536	0.226212649854	-0.30952134104	1.1387373436	0.0
MCT.f.0131	-3.07910768094	-1.17522963858	-0.674011317777	4.81653519404	-1.57923798416	2.08457693721	0.0921075288898	-1.14688038225	1.23180463148	2.29372682825	1.55196546268	-1.61076403888	0.371188583934	-0.529320617539	0.0
MCT.f.0132	1.89103354142	1.84241002118	-1.38878652883	1.10483887464	-0.650965679171	-1.32823969684	1.36444059171	-2.58703422744	2.2006050818	-3.07467005286	1.18404268937	0.407202595069	-0.721504396305	0.747124711082	0.0
MCT.f.0133	-0.129461508128	3.96925498394	4.0438034024	-0.994728591906	-0.364702938898	-4.11847337175	-1.14899542901	-0.866318010452	-1.29401416162	1.84617155034	1.84996506476	0.43728285572	-0.146910946925	-0.0686578915938	0.0
MCT.f.0134	5.08298587599	-0.402808285527	-2.77336185773	-2.63315974326	-5.35889948754	0.435954581901	-0.733347724298	1.00070210028	-0.0983386897271	-0.453744113852	0.31386084621	0.792379178564	1.04614646432	-1.34747240975	0.0
MCT.f.0135	-4.832815807	-3.38683884024	2.79447799655	0.959777935287	-0.154243616076	-1.61015076381	4.42769437494	1.98422952258	-0.117667893671	-0.117979998794	-0.0903136593573	0.846389632387	0.755423524916	-0.310476801112	0.0
MCT.f.0136	-2.4483715724	1.22987270681	-3.43238691533	1.1760528458	-1.50279305498	-1.27103786601	-0.343598408085	2.29881224519	-1.84390907634	-0.628893779805	-0.394715513575	-1.91921957854	-0.762019312472	2.02144610905	0.0

Biplot	0	0

Site constraints	0	0
