Eigvals	15
429.991068807	290.90753411	209.780568984	149.499304409	117.960369396	88.1378588123	82.9044183785	54.4087434293	44.1640104572	33.8578112844	32.5217327865	30.4971640673	27.2436336654	20.891231901	0.0

Proportion explained	15
0.266617237291	0.180378079169	0.130075063873	0.0926974870178	0.0731416768385	0.0546501407167	0.0514051304567	0.0337363027047	0.027384025646	0.0209936362874	0.0201651968528	0.0189098570149	0.0168924958413	0.0129536702902	0.0

Species	0	0

Site	15	15
MCT.f.0052	-6.58270054218	1.41267610508	0.767027637497	-0.0801461079266	0.286889655086	-3.84831154691	2.86655647367	1.84082780253	-3.40860644637	0.554278210317	-0.706101308317	-1.08858419896	-1.35944797299	-1.43489627157	-0.0
MCT.f.0053	-4.47668025654	1.01285170796	-5.09800747211	-0.952385809023	-3.3675295894	-2.29781051321	0.0343624324094	1.16367141038	3.70132595492	2.23079905123	1.3353084652	-0.922290554623	0.79431661654	-0.439289356705	-0.0
MCT.f.0054	-4.33576755467	1.58570789014	-2.62087279872	-4.23639425715	-1.90724318776	3.15175400743	2.90130802229	-3.21305696218	-0.970654633168	-1.3236056811	-0.629732955495	-1.87890970103	1.36325623743	0.709762986043	-0.0
MCT.f.0055	-0.987347504261	-1.46093861018	-3.46315987956	-2.36570983905	1.45746596201	-1.15533335153	-0.080756801174	0.335915632964	0.341320943225	-3.58300583245	2.96134400167	1.53574651565	-1.31411641799	-0.184674056955	-0.0
MCT.f.0056	-5.76117450153	3.39408129192	-2.96658829265	-1.71271221628	-0.277588843376	3.71100828433	-1.96394591606	1.11401185815	-0.0380059778968	0.78167166014	-2.33176798045	3.05554481186	-0.867569769785	-0.450232098671	-0.0
MCT.f.0057	-2.58980697453	-1.37820603051	1.32329766734	-1.32936169873	5.90362009048	0.555786714577	-0.392557966763	3.19731588946	0.60605193016	0.270548347077	-0.360422629835	-1.27532028568	0.42247885783	2.61756573935	-0.0
MCT.f.0058	-6.14769554263	-0.898411088636	4.33816295193	6.63072764273	2.43758219531	0.706944132459	1.85219153915	-0.920183020953	2.21954392884	-1.38272148161	-0.573687135146	0.463803915418	1.42208907152	-1.34392835947	-0.0
MCT.f.0059	-2.70232437203	7.00853908787	5.45469056119	1.22464268454	-2.1510789858	0.524580800332	-5.68764116736	-0.418653365737	-1.16889675506	-0.319441105676	1.5981320989	-1.18406529734	0.155239765023	0.104900791664	-0.0
MCT.f.0060	0.537174511679	-0.636626769657	5.61413537039	-3.33224452666	2.00097539565	-1.98107562625	1.16532975962	-3.88138600003	0.589324577401	2.37112782908	0.742760166645	1.66205604576	-0.962311703429	0.639187290662	-0.0
MCT.f.0061	4.85049486631	-0.50105812288	4.09807965722	0.652865790396	-6.19978264352	-1.70994821339	2.12139066391	2.02432156962	-0.132807718497	-1.08878471233	-0.837580115641	1.64218482932	0.875047784941	1.6650596661	-0.0
MCT.f.0063	7.14741497065	-4.54686178221	4.05860762165	-2.23763877323	-1.28216757805	3.61718034808	0.380828163361	1.22974064577	1.60241002331	-0.0660837921719	-0.339250430734	-1.78645078726	-2.13216293659	-1.48946899899	-0.0
MCT.f.0065	-0.282510695968	-7.80964963293	-3.56469498356	5.93501137212	-1.3173015957	2.62875096223	-0.000882092401201	-0.639641627754	-2.2279388942	1.67550637226	1.66341396515	0.185472860191	-0.509297936047	0.862784134909	-0.0
MCT.f.0066	6.39636348553	-4.4917902043	-0.537280352208	-3.17509740207	1.87458357934	-0.73136000613	-1.99411545826	0.563395541502	-1.66995182992	0.482415202516	0.0403821912104	0.617647524319	3.26628799173	-1.68671426443	-0.0
MCT.f.0067	3.31790944394	-3.07859329676	-3.82232069793	1.92345998497	0.106103308858	-3.76731249079	-3.40893503278	-2.30958056563	0.656145768337	-1.09266515557	-2.89430419476	-0.960126278086	-1.0070750575	0.487575171018	-0.0
MCT.f.0068	11.6166506662	10.3882794551	-3.58107699048	3.05498315535	2.43547223689	0.595146498767	2.20686738039	-0.0866988080912	-0.0992608710778	0.489961088289	0.331505861597	-0.0667093995386	-0.146734530687	-0.0576323729556	-0.0

Biplot	0	0

Site constraints	0	0
