Eigvals	11
849.994807879	189.799034301	134.354071827	82.1560575567	77.1666269965	55.2594915174	46.1539419278	29.8724864782	28.4895526792	23.9333066894	0.0

Proportion explained	11
0.560246744905	0.12509993022	0.0885551661118	0.0541505235017	0.0508619007897	0.0364225168916	0.0304208866806	0.0196894888728	0.0187779725292	0.0157748694972	0.0

Species	0	0

Site	11	11
MCT.f.0460	1.00350100432	-0.386101691533	1.65881010622	-0.862335770864	-2.15874880326	-6.49907790781	1.09564196299	0.615890402277	0.438419015654	0.420436619451	0.0
MCT.f.0461	-0.147980482637	5.49893812586	6.7467779783	1.59769127436	1.44703870642	0.788057807507	-0.89267516367	2.43798560663	-1.21373056546	-1.3268477618	0.0
MCT.f.0462	2.84723803456	0.982960456186	3.26482537887	-5.77194697064	2.62620904467	0.696031706009	-1.89733892873	-1.72577882931	1.57844153722	1.05287695659	0.0
MCT.f.0463	-26.9909643532	-2.01575199545	0.246999469749	-0.0104293483696	-0.752288897681	0.639392792732	0.176330330485	-0.630809187571	-0.00584897585013	-0.184429835156	0.0
MCT.f.0464	4.00903536927	-3.35587330179	-2.75679745878	-2.81607497519	-1.01635368334	0.294421154635	-1.30651415827	0.157812290374	-4.21927756081	0.0509413705119	0.0
MCT.f.0467	1.19705322627	-4.98910473708	-2.94834447428	0.204698828145	3.71821444327	0.85796615797	1.35964200935	3.2610112532	1.18438084295	1.32443607265	0.0
MCT.f.0468	5.70856186698	-5.1875988686	-0.839028935171	1.43685377247	1.53001313984	-0.393085157145	-0.352388779593	-1.41104439843	1.01285781746	-3.66132862491	0.0
MCT.f.0470	3.91843225893	-1.54746792451	1.79861145107	5.80022528259	1.11114292072	-0.0471603009579	-0.834165197613	-2.23068902964	-0.655032677861	2.35681252338	0.0
MCT.f.0472	3.03540438389	1.64264161074	-2.89913810445	0.987771826128	-5.20166224801	1.40216713174	-3.42156497859	1.1181728839	1.89714531025	0.192326653774	0.0
MCT.f.0473	6.10098955201	0.0718943662021	2.19945963131	-0.886909986152	-3.53353475489	2.86339378819	4.76886572055	-0.676651101421	0.182851813814	0.0803641004553	0.0
MCT.f.0475	-0.681270860377	9.28546395998	-6.47217504286	0.320456067532	2.22997013226	-0.60210717287	1.3041671831	-0.91589989	-0.200206557361	-0.305588074948	0.0

Biplot	0	0

Site constraints	0	0
