Eigvals	5
0.437918465277	0.383191092709	0.216395788159	0.172487806777	0.0

Proportion explained	5
0.361918135007	0.316688645538	0.178840506359	0.142552713096	0.0

Species	0	0

Site	5	5
sample2	0.266084391663	-0.0656050710513	0.193143066205	0.280054854156	0.0
sample3	0.236707107378	-0.103575625628	0.150075821575	-0.305187194782	0.0
sample7	-0.505164283059	-0.283499440729	0.0360552981837	0.0161525392991	0.0
sample10	0.168359265371	-0.0780672002979	-0.393774734438	0.0220489245572	0.0
sample13	-0.165986481354	0.530747337706	0.0145005484733	-0.0130691232302	0.0

Biplot	0	0

Site constraints	0	0
