Eigvals	13
208.989131579	159.060465722	73.5460107656	57.9839262011	44.7400310728	39.9600916944	31.9048869828	28.0295968256	25.2413930406	20.0301549968	16.2150048784	13.7796470339	0.0

Proportion explained	13
0.290472330833	0.221076875494	0.10222101508	0.0805913975874	0.0621838131443	0.0555402134413	0.0443443485164	0.0389581135667	0.0350828113146	0.0278397530289	0.0225371062405	0.0191522217532	0.0

Species	0	0

Site	13	13
MCT.f.0379	-1.60514156729	4.1329398499	1.51401960605	-0.991744455533	-1.41670093407	2.34056400906	-2.03602620046	1.06342239519	2.04091992357	0.243549432622	-1.43280198213	-1.22225256486	-0.0
MCT.f.0380	-7.79326403597	4.31503027379	3.16196657094	3.10257714034	-0.0332144036677	-1.2064351412	0.255843875493	-0.903480127635	-0.859169533622	0.710564936865	1.18010856141	-0.275063493758	-0.0
MCT.f.0381	-0.798186990673	3.99687393787	0.133333192595	-3.32699306513	-0.113763460701	-1.06723405023	0.746847565568	-1.08811983292	-1.47812436196	0.260555701705	-1.93950230655	1.73322080963	-0.0
MCT.f.0382	-5.01962229229	-4.63965158595	-2.2292665578	-0.441992940928	-4.14324373685	-1.09817431225	-0.734705972071	0.138932335337	-0.0925419901653	-1.76267041439	0.2728379956	0.25475377845	-0.0
MCT.f.0383	3.29423262867	-1.30719387766	0.273108065472	-3.43051475713	-1.26053870063	0.136858880087	1.4671507256	-1.41495103019	-0.907665486177	1.27012882678	1.14506017879	-1.99044027368	-0.0
MCT.f.0384	0.521384308871	-4.23425350743	3.12331004574	-0.357050248042	0.0480014474247	1.42297308594	0.386860662816	3.40488917723	-1.32004307852	1.03061413828	0.416430489589	0.999110126494	-0.0
MCT.f.0385	-2.82955277896	-6.04457099466	2.13532289189	-0.292640126934	2.56371082033	-0.315084206738	1.631468998	-1.35691434984	2.47888096048	-0.415698705979	-0.814821532561	0.0305368685511	-0.0
MCT.f.0386	1.66605286377	-1.21654061548	-3.2036781695	4.00455929261	-0.809603124642	3.09452139351	1.17540744661	-1.28688092009	-0.683881002823	0.983192760781	-0.955791571838	0.250798597152	-0.0
MCT.f.0387	-3.4812062555	2.0197645076	-3.51619589503	-1.20204393084	3.58360985722	1.37106375558	0.292331910226	1.16338432113	-1.11959547243	-1.7397138588	0.576153960809	-0.743635913356	-0.0
MCT.f.0388	4.33354855475	3.25062993326	0.112185859756	-0.576212566976	-0.362313178751	1.33812171099	-0.0746819863429	-0.824796192298	1.90372333576	-0.732165924596	2.22168586149	1.71703995566	-0.0
MCT.f.0389	6.5033651781	-1.46016834918	2.76784952208	1.59400671754	0.893228318116	-0.635092924604	-2.48998694672	-1.11532500336	-1.6248826653	-1.78191217454	-0.479159205852	-0.460623393297	-0.0
MCT.f.0390	4.96874611914	2.9088633842	-1.02839149473	1.94260213367	-0.572228729145	-3.14122678095	2.31342569141	2.12109856637	1.0126886377	-0.424080629956	-0.516849821114	-0.571443698997	-0.0
MCT.f.0391	0.239644267362	-1.72172295626	-3.24356363745	-0.0245531926435	1.62305582537	-2.24085541921	-2.93393577013	0.0987406610709	0.64969073348	2.35763591124	0.326649372362	0.277999202003	-0.0

Biplot	0	0

Site constraints	0	0
