Eigvals	13
0.750642011603	0.582483946991	0.42937946647	0.318660609668	0.232227828952	0.200296640647	0.0604689629884	0.0302803046062	0.000778155551511	0.0	0.0	0.0	0.0

Proportion explained	13
0.288130218853	0.223583578497	0.164815181848	0.122316296962	0.0891395021133	0.076882873611	0.023210711991	0.0116229449701	0.000298691154895	0.0	0.0	0.0	0.0

Species	0	0

Site	13	13
MCT.f.0054	-0.253264562336	0.119777191681	0.19636202316	-0.132872136414	0.291927886642	-0.0387461392325	0.0995804354165	-0.0320533082425	-0.00153313616797	-0.0	0.0	0.0	0.0
MCT.f.0055	-0.344445701851	0.0807580495601	0.189197312198	-0.0362862184639	0.0593525934267	0.0819419094366	-0.125808189075	0.0146848407911	-0.00126505468492	-0.0	0.0	0.0	0.0
MCT.f.0056	-0.331297692706	0.022107389776	0.0986024783585	0.0992494448925	-0.150051276275	0.116695676738	0.0449164654581	0.0390800335726	0.00317302741751	-0.0	0.0	0.0	0.0
MCT.f.0057	-0.280634075113	0.00241817981074	-0.0302354498843	0.210645381301	-0.19307878088	-0.047338554794	-0.0291825512949	-0.0407490091979	-0.00241093278196	-0.0	0.0	0.0	0.0
MCT.f.0058	-0.113719114265	-0.0949565968889	-0.248393025078	0.152162800913	0.00492749955939	-0.130687764389	0.124043808153	-0.00895334353253	0.000460674048056	-0.0	0.0	0.0	0.0
MCT.f.0059	-0.039433435865	-0.176748319567	-0.266592068437	0.0366338358255	0.170100320004	-0.130678266074	-0.122935484557	-0.0128417790852	-0.00101730010298	-0.0	0.0	0.0	0.0
MCT.f.0060	0.0199699101201	-0.361014714082	-0.180416405057	-0.164426251789	0.0312545888084	0.113122697676	0.0131749848102	0.0726064358178	0.00222805146648	-0.0	0.0	0.0	0.0
MCT.f.0061	0.158737558237	-0.364708637786	0.136193016362	-0.187433037243	-0.122174480632	0.107753996631	0.0180040238459	-0.0751774163055	-0.000910822338593	-0.0	0.0	0.0	0.0
MCT.f.0063	0.380538278679	-0.165930295474	0.360060164702	0.170649250909	0.00768891993727	-0.181422099691	-0.0141428418689	0.0136639683188	-0.000753262932654	-0.0	0.0	0.0	0.0
MCT.f.0065	0.328215551462	0.150715338387	-0.0169161043055	0.239378868303	0.11868481708	0.205986829466	0.0126421800314	0.0496737119145	0.000865427905081	-0.0	0.0	0.0	0.0
MCT.f.0066	0.22193822772	0.277930638043	-0.135213606281	-0.0243065329645	-0.00184948045383	0.0858375222918	-0.0211138363249	-0.0885574634786	0.0125832158542	-0.0	0.0	0.0	0.0
MCT.f.0067	0.178481742986	0.263609511321	-0.110652023513	-0.128022906339	-0.0840954290288	0.00441957533761	0.00551876356009	0.00406339266391	-0.021933729496	-0.0	0.0	0.0	0.0
MCT.f.0068	0.0749133129329	0.246042265219	0.00800368777578	-0.235372498931	-0.132687178188	-0.186885383396	-0.00469775815527	0.0645599367633	0.0105138418138	-0.0	0.0	0.0	0.0

Biplot	0	0

Site constraints	0	0
