Eigvals	14
0.65110802044	0.518824158266	0.425077451284	0.384435315432	0.314212822495	0.2910960496	0.252860044443	0.212713222123	0.193011201194	0.147423338103	0.133108954326	0.112060398934	0.0920536152235	0.0

Proportion explained	14
0.174654160819	0.139170145552	0.11402339275	0.103121487216	0.0842849037469	0.0780840270195	0.0678275454773	0.0570585035643	0.051773604863	0.0395450502731	0.0357053391843	0.0300592441232	0.0246925954105	0.0

Species	0	0

Site	14	14
sample1	0.16609971089	-0.1891674146	0.00727853249725	0.266134921651	0.000820110753225	0.112929482638	0.285021128876	0.144909301939	0.0507354186913	-0.115590216895	0.0655907617866	-0.0516374920012	-0.0287475623417	0.0
sample3	0.199721247454	0.0527517750506	-0.0845571375985	-0.0655295997653	0.264664297034	-0.0762260506463	0.0664545154762	-0.077100002393	-0.16278649497	-0.130675422723	-0.0256180496953	0.146545660395	0.0939845629906	0.0
sample4	-0.00888072034216	-0.125583224463	0.18475454863	-0.153449902245	0.0369245843292	-0.359557345975	0.0644480049977	-0.0452037038888	-0.0365089684113	-0.00992488882572	0.0200810346003	-0.0703248430764	-0.144641859638	0.0
sample5	0.281607775628	-0.0700552641199	0.298818592014	0.0344989014271	-0.0988791875447	0.126144953108	-0.218363916742	-0.158082101127	0.0471718178913	-0.054591793393	0.140949313258	0.0354565771669	0.00313334553971	0.0
sample6	-0.11925149229	-0.215946995969	-0.124585039108	0.324623058815	-0.0178014380877	-0.0319927968252	-0.163854770862	-0.0576046115577	0.00570293286424	0.00882605083074	-0.178157511714	0.0846318517923	-0.0841077950216	0.0
sample7	-0.148688652696	-0.226441096482	-0.273771768751	0.0572175924846	-0.012571631775	-0.107698629399	-0.0689210800937	-0.0781233879872	-0.0354184182371	0.0635737751246	0.134301510428	-0.12641285263	0.139399675644	0.0
sample8	0.310704405835	-0.0333358815204	0.138144568727	-0.0174040393782	-0.17596467662	-0.0619003036823	0.0642493672849	0.12278446115	-0.0641952466448	0.220752260068	-0.0990035866733	0.0359828394592	0.0942392462488	0.0
sample9	0.199654789296	0.347410092254	-0.238115476763	-0.0494136436236	-0.217152377591	-0.0299066382946	0.0718448886935	-0.160558444795	0.119556433317	-0.0710086985744	-0.0805431905804	-0.0677458411834	-0.0144935507574	0.0
sample10	-0.00241938136515	0.127697251019	-0.0979848276648	-0.101981413409	-0.0870401549035	0.00137706971397	-0.229802050561	0.302301839864	-0.108010392002	-0.123418986824	0.0151654847205	-0.035794920141	-0.027099618844	0.0
sample11	-0.16457925675	0.309855432627	0.0893829054415	0.146063623869	0.179405525426	-0.138165640776	-0.0346828071135	0.0991976506417	0.239733756298	0.0638785529618	0.0666163255407	0.0596940643763	0.0407197310702	0.0
sample12	-0.0949201353789	-0.0935035802187	-0.232734381742	-0.234703234946	-0.0505000659948	0.134696326603	0.0755223281725	0.00883279142979	0.0429692195804	0.111017115362	0.116743839255	0.157150837774	-0.104160169837	0.0
sample13	-0.301290871099	-0.21774483777	0.156387625337	-0.263569201276	-0.0154717330466	0.101603709916	0.0310300916782	0.00718048618754	0.149083621596	-0.0981434876711	-0.136586874278	-0.0155603374745	0.0942247842219	0.0
sample14	-0.436508797813	0.255328189923	0.17881936863	0.11603407019	-0.119022993157	0.0994965331388	0.106553803253	-0.0789064227131	-0.215413448731	0.0147822491794	0.0253977223918	-0.000641622379656	-0.00126431350142	0.0
sample15	0.118751378631	0.0787355542703	-0.0018375096497	-0.0585211337933	0.312589741177	0.229199330482	-0.0494995030596	-0.0296278567499	-0.0326202312426	0.12052349138	-0.064936779041	-0.151343922078	-0.0611864757736	0.0

Biplot	0	0

Site constraints	0	0
