Eigvals	13
274.552301935	155.727765089	116.838395616	106.064486391	58.3045269787	48.2096404533	36.6530056086	33.3319623318	26.7754881806	24.4004890668	20.8565020779	13.2452869735	0.0

Proportion explained	13
0.300070327375	0.17020174707	0.127697838901	0.115922558033	0.0637235906405	0.0526904436476	0.0400596874065	0.0364299726444	0.0292641126931	0.0266683713478	0.0227949915637	0.0144763586766	0.0

Species	0	0

Site	13	13
MCT.f.0155	-3.79880627639	0.50935616968	1.9971282181	-0.914180182015	-0.358252748518	1.11641684658	-2.27139301198	-0.816612877292	3.7501436252	-1.36090863857	0.786648966925	-0.308789111147	-0.0
MCT.f.0157	0.338087224424	-6.569743184	1.05099563914	-5.70838881307	-3.47263646674	-0.233757493286	1.12626056138	-0.336556673433	-0.64643434575	0.0948824446243	0.961633724306	0.546358055614	-0.0
MCT.f.0158	1.88880534358	0.736639327935	4.51722997482	0.0972426017927	1.9909036285	-2.37769236986	2.2357075301	-0.136267071844	1.78155321683	2.43123246287	-0.758317915371	0.531531161162	-0.0
MCT.f.0159	1.17657917389	-2.09503383927	-4.03643245079	-4.1675878949	4.94690180305	-1.07618173129	-1.54897884651	1.17911354202	-0.328654033832	0.168498320048	0.231763286942	-0.608477485097	-0.0
MCT.f.0160	6.15890166191	3.43931231009	-1.1972693502	0.251864332001	0.048377065467	-2.71670613804	1.18453651823	-1.59003009174	-0.296138086818	-3.10355702788	0.0161499797894	0.638640515853	-0.0
MCT.f.0161	6.28891863647	6.1595604505	-2.65311355756	-1.22285579159	-2.26495550351	1.97971060848	0.831093034715	1.24233725127	0.425774092331	1.37212237818	0.999824929907	-1.12029649261	-0.0
MCT.f.0162	-1.92172973229	3.8472477765	-0.50727430432	-0.949689164637	0.344227557385	1.93591936861	-1.98493659683	-1.50383475562	-1.3140967751	1.16929420491	-0.366021605758	2.36367999973	-0.0
MCT.f.0163	-1.93913352787	1.90418612951	5.30834466136	-1.93854359144	0.255400211655	1.35736248808	-0.151766534431	0.0456158120618	-1.90029807285	-0.964143240407	-2.10851707975	-1.55831904097	-0.0
MCT.f.0166	-5.1504496183	-0.187687514833	0.362910575261	3.36321346742	0.911574126679	-0.643310967201	0.533932784922	-2.41833554577	-1.50428889662	0.748999291588	2.53673406439	-1.12965194347	-0.0
MCT.f.0167	-6.27458578254	0.0173534852213	-4.72418099424	1.43198902765	-2.95820247797	-2.83962687398	-0.655874537875	0.0782661519859	0.31734753163	0.731722278414	-2.02908551466	-0.473806545789	-0.0
MCT.f.0168	-0.201872200947	-4.12529828891	-3.26367606771	2.67367787842	1.39920493566	3.82962409547	2.72935246415	-0.635773085384	0.726170103786	-0.588415138733	-1.16734430527	0.18928478435	-0.0
MCT.f.0169	-5.29236430221	0.967302696498	1.35928271616	2.22832849134	0.0638656129299	-0.231750009265	0.795711019699	4.26026996722	-0.544696179275	-1.09184242169	1.07583014212	0.990113407598	-0.0
MCT.f.0170	8.72764940027	-4.60319551893	1.78605493997	4.85492963903	-0.906407744571	-0.100007824302	-2.82364438557	0.631807376525	-0.466382179541	0.392115086647	-0.179298673581	-0.0602673052283	-0.0

Biplot	0	0

Site constraints	0	0
