Eigvals	15
399.970992187	351.732870959	198.240861329	124.456272191	100.791320522	94.8441620542	61.5451297652	57.6868488367	43.1492240345	39.653441151	31.255489653	26.0846570289	23.4858135554	17.0972325033	0.0

Proportion explained	15
0.254759516114	0.224034486893	0.126268521699	0.0792717979556	0.064198525759	0.06041051302	0.0392008615235	0.0367433488499	0.027483681693	0.0252570603299	0.0199080272706	0.0166144913818	0.0149591710743	0.010889996436	0.0

Species	0	0

Site	15	15
sample1	-0.0833018182238	3.30489553854	0.218562202457	-0.982536300794	2.50414654957	-4.56127001387	0.0231322990911	1.89993541392	-0.913896434717	-2.15971836958	3.44258109539	0.7249646763	0.566910116966	-0.0432855001688	-0.0
sample2	2.72832706254	4.34130824471	6.20551347475	-0.583966265882	-1.89963132496	1.72392512446	1.58361362851	1.43972160533	3.85765692164	1.25607353492	1.12786496318	0.737853630183	-1.29920607842	-0.194713415999	-0.0
sample3	5.1436058461	3.98832801332	2.16931255542	-2.52241568948	-1.51205254786	4.8361814204	1.49078741559	-1.74915527035	-1.96880467342	-2.19866638149	0.528269816309	-1.64604165777	1.18568796021	0.270110149369	-0.0
sample4	2.83824774135	4.08879099742	2.60471725077	3.5061246487	2.1211616125	1.85634973486	-4.50248569439	-0.728034903988	-0.365180208015	-0.99008375992	-1.34031299095	2.35397234116	0.17993905055	0.489524505407	-0.0
sample5	10.950920591	-13.5738605995	-0.0345227555625	-0.138319279743	2.69174890106	0.141277924944	1.2043807264	0.24643665803	0.279785642887	-0.12209181945	-0.140346723433	0.457400825108	-0.176787709927	0.103063138098	-0.0
sample6	3.12225412455	0.143663761025	-4.22944370423	0.0278910133575	-1.1482741074	0.244553263063	-3.51684637751	-2.37567324086	-0.41110349229	2.21697742103	2.13941159997	-1.26939514228	-1.40900246904	-1.20933206205	-0.0
sample7	1.70456646686	1.93438438864	-2.60369784163	3.99384272123	-1.55807472928	-3.06564812513	1.37746930313	-2.14097296008	2.51851058509	-1.21145117963	-1.23239811551	-0.51137943033	1.85229418785	-1.4959338914	-0.0
sample8	2.46212628081	3.72378971342	-2.00536842094	0.921975025475	-0.892088082031	-2.98920217216	0.993721260389	0.350302799564	-0.713801429142	-1.30499221104	-1.83137252666	-1.22743194282	-2.96873984688	1.52640182344	-0.0
sample9	1.73817335481	2.13414322873	2.33111293739	-1.76904871081	0.763609060609	-2.75687664599	-0.768063644105	0.455251256647	-0.273379369151	3.59610363797	-0.847198630845	-1.21140436649	2.15572033857	1.63432836166	-0.0
sample10	-0.342110695649	0.400753178897	1.49980425997	-2.58435133113	-1.56378089331	-0.56407170999	-0.0672834265693	3.21983344817	-2.48809408726	0.582572414326	-2.02968155129	0.478957484637	-0.162251025477	-2.50294053491	-0.0
sample11	-2.94309456041	1.77804263955	-4.13480070677	2.83557127906	-0.389090793476	1.46624468915	3.9361819558	-1.11514315573	-2.07577955475	2.17250590094	0.622638271251	2.34698870657	0.00342132183764	0.451298734429	-0.0
sample12	-9.87156783635	-7.89744996285	7.29585466927	2.08955590077	-2.59360015149	-1.3712060209	-0.382395781793	-1.99473306712	-1.0238362874	-0.477544594978	0.458959998998	-0.398018657108	-0.34589013977	0.223322254062	-0.0
sample13	-4.04854178674	-3.28048865671	-5.39740643986	-5.76424579165	-3.93400200174	0.342843848597	-1.51972037159	0.0440982896636	1.64064039614	-1.10059482708	-0.367833957917	1.51865023892	0.527645063474	0.995433623397	-0.0
sample14	-8.10619310972	1.16884730154	-0.429990839716	-3.50011333613	6.82764927401	1.18172625716	0.874897233478	-1.87496371774	1.22610576985	-0.00232872378514	-0.926839055965	-0.572547130793	-0.646379493793	-0.620267249613	-0.0
sample15	-5.29341166092	-2.25514778672	-3.4896466413	4.47003611704	0.5822792338	3.51517242542	-0.727388526432	4.32309684453	0.711176220543	-0.256761042226	0.396257807476	-1.78256957529	0.536638723855	0.372990064279	-0.0

Biplot	0	0

Site constraints	0	0
