Eigvals	14
0.925120939881	0.537792812448	0.483376142476	0.40731652149	0.360612897858	0.322999431301	0.25418431192	0.209851060409	0.192492911477	0.158979580032	0.118554093547	0.0	0.0	0.0

Proportion explained	14
0.232952795107	0.135420498497	0.121717949107	0.102565532877	0.0908051897717	0.0813338203643	0.0640056271364	0.0528421625445	0.0484712428762	0.0400323200318	0.0298528616882	0.0	0.0	0.0

Species	0	0

Site	14	14
sample1	-0.410840124306	0.194874067562	0.0663190725049	-0.14600129203	-0.111500703142	-0.0631544251125	0.0114096906212	0.0519333675326	0.049583070303	-0.0553978631192	0.0508480522167	0.0	0.0	-0.0
sample14	-0.410840124306	0.194874067562	0.0663190725049	-0.14600129203	-0.111500703142	-0.0631544251125	0.0114096906212	0.0519333675326	0.049583070303	-0.0553978631192	0.0508480522167	-0.0	-0.0	-0.0
sample15	-0.312111606934	-0.162104027296	0.0325046275178	0.0931925809461	0.0332282260773	-0.039358951392	-0.0533729427916	-0.0272984135739	-0.111660042132	0.103624116909	-0.106667663224	0.0	-0.0	-0.0
sample2	-0.312111606934	-0.162104027296	0.0325046275178	0.0931925809461	0.0332282260773	-0.039358951392	-0.0533729427916	-0.0272984135739	-0.111660042132	0.103624116909	-0.106667663224	-0.0	0.0	-0.0
sample4	0.00246749479724	0.124717414134	0.31811817426	0.240929070054	0.131817529872	0.350321898133	0.108687367818	0.00289694604152	-0.0564313517034	-0.0845243700217	0.0371425552524	0.0	-0.0	-0.0
sample5	0.166046739411	0.0851200968958	-0.0692924205504	-0.447993962419	0.274042156068	0.107234521287	0.101455295117	-0.0878122940148	-0.0450823930855	0.0719019011546	-0.0467761083375	0.0	-0.0	-0.0
sample6	0.305138480009	0.0697785500235	0.157549014512	-0.00711913503189	-0.270124507042	0.0604030133463	-0.0881049324744	-0.0832819979435	0.0470396926967	0.250619575984	0.0995486976035	0.0	-0.0	-0.0
sample7	0.174696293576	-0.211052114701	0.112300364957	-0.0185711521274	0.197365809725	-0.0548848979078	-0.107469980613	0.320429891637	0.153640712975	0.034591922037	0.0206628468188	0.0	-0.0	-0.0
sample8	-0.0924164652492	-0.0295144163031	-0.288061715334	0.100034589695	0.0670480290911	0.157984952769	-0.197179946702	-0.172964603755	0.243183983808	-0.0642404276998	-0.0189900365418	0.0	-0.0	-0.0
sample9	0.0523350046344	-0.284678427996	-0.114238809511	-0.0185094806826	0.0558333028808	-0.0824336336562	-0.0637027981796	-0.0736060898318	-0.181295084293	-0.0995444123391	0.229050769308	0.0	-0.0	-0.0
sample10	0.0496070783841	0.0847509245938	-0.458457848975	0.156444453129	-0.0957064239748	0.0663648737006	0.237531997538	0.157216406026	-0.0345643775211	0.0701736151687	0.0140791489919	0.0	-0.0	-0.0
sample11	0.148276780101	-0.280574994323	0.150258729156	0.027392122291	-0.0874260793263	-0.175409340674	0.292105559785	-0.131305696461	0.154007530655	-0.0711967199673	-0.0492707959281	0.0	-0.0	-0.0
sample12	0.29599559436	0.409993002609	0.0076864419951	0.19451347015	0.163167621907	-0.310896285277	-0.0662037656347	-0.0542945706311	-0.0430747927899	-0.0308430943336	-0.0313733127081	0.0	-0.0	-0.0
sample13	0.343756462457	-0.0340801154644	-0.0135093305545	-0.121502552891	-0.27947248507	0.0863416512877	-0.133192292315	0.0734521010158	-0.113269977084	-0.173390497562	-0.142434542444	0.0	-0.0	-0.0

Biplot	0	0

Site constraints	0	0
