Eigvals	16
532.120127309	304.407613148	170.715916376	134.031927754	93.0898223999	57.2267972894	42.244182708	38.9833988498	32.6302123755	29.9686143738	24.9056621152	18.1554627542	14.0110411527	11.5838955807	10.9026995139	0.0

Proportion explained	16
0.351239653177	0.200932118481	0.112685456126	0.0884712406144	0.0614463450187	0.0377740277069	0.027884365431	0.0257320007061	0.0215384156503	0.0197815590477	0.0164396264575	0.0119839827772	0.00924835010471	0.00764624989241	0.00719660880961	0.0

Species	0	0

Site	16	16
MCT.f.0103	-10.972455138	5.29772980254	2.23762883036	-2.18118597056	0.735281491336	-0.482094529614	0.520066395917	-0.561360309851	0.37691180508	-0.936329908412	-1.51303145322	-0.622140715899	-0.754397475074	1.9516359553	0.384983809433	0.0
MCT.f.0104	-9.41269153001	6.21824475831	3.79688408891	-2.03532661371	0.890506849658	1.79001452865	0.557741676337	0.0379811567145	-0.300381037383	1.24676459132	0.175475562225	0.954150419355	0.344819926633	-1.92223325628	-0.50332695576	0.0
MCT.f.0106	2.44737833817	3.53259302847	1.30480986761	1.60581796664	-7.3809739847	-0.39402559894	1.21578183427	0.359992472547	-2.02570373034	0.714273850265	0.769778039461	-0.0475246558087	0.0476009026892	0.275687220631	0.78389184232	0.0
MCT.f.0107	9.85213429593	4.06937602083	2.05924227663	-0.547815215073	-0.319470116559	-1.73130866941	1.15272159743	0.287747359218	0.694136191581	-1.20112477687	-1.04355402568	-0.145218931995	1.25340930468	0.211375348194	-1.98878581286	0.0
MCT.f.0108	9.25039613824	5.51211687375	0.723917503514	0.487561410465	1.00160255002	-1.29414014094	-0.357263822549	-0.568565238864	2.5969533281	-0.243906262032	0.558231664308	0.62725315387	-1.80070202279	-0.650812047092	1.09430459404	0.0
MCT.f.0109	6.46408355239	1.97461597828	1.71564636462	-1.47574631517	4.23255803942	0.0184521164857	-2.252536015	0.798595240886	-3.23399926749	-0.493985963231	0.434185807635	0.229050147367	0.818999438298	0.368747857258	0.962786257044	0.0
MCT.f.0110	-4.93925220174	-2.26115668924	3.07129361271	7.67747847268	-0.804311327786	0.44220852498	-2.93021816127	-1.06296935416	0.52151727365	-1.80875631461	0.0932993391676	-0.0672131408944	0.331089392692	-0.248027833133	-0.255582368067	0.0
MCT.f.0111	2.90819806858	-8.34156515045	3.51550283199	-0.820353996785	1.06324214319	-0.299852629265	2.00568590276	-4.18318428728	-0.783966681236	0.936653604769	-0.35784767025	0.10238199617	-0.183117313089	-0.0404152792409	0.124470123716	0.0
MCT.f.0112	1.4474849135	1.04828798367	-1.56281948216	1.38407940343	0.812501271714	0.751572026445	-0.840103192105	0.105335710521	1.60740252203	3.20910606981	-0.493645727993	-2.40832299571	1.15692522033	0.115359169914	0.450939452013	0.0
MCT.f.0113	-1.97594886599	-6.04589719562	2.75158275566	2.778241168	1.92346603077	-1.88311635322	1.46213898793	3.84097426855	-0.40214585768	1.17568636852	0.181271959041	-0.0150271283321	-1.20969842065	0.120506971085	-0.458428073973	0.0
MCT.f.0114	-0.572453997024	-6.70776788434	2.66627988963	-6.02306713757	-2.18931958946	1.2075930979	-1.12942326888	1.2653416415	2.07234504695	-1.05127968006	1.73216023678	-0.0454376768557	0.63584916265	0.24741786802	0.240729417192	0.0
MCT.f.0115	2.64984084445	1.37146356907	-3.8091061554	0.525585700576	0.559943622001	4.14680908005	-0.249987244636	-0.616911176434	-0.609865083628	0.488240686306	1.69669452308	0.0810956823609	-1.28439030743	0.952897740558	-1.41846976181	0.0
MCT.f.0116	2.08634473342	-2.35309277853	-3.51716483279	1.56730962344	0.339254387479	3.64017153643	2.38523397706	1.2662366024	0.382297509496	-1.58193553621	-2.13501495469	0.650383637793	0.510557010098	-0.347252666564	0.98189398952	0.0
MCT.f.0117	-0.130763717959	-2.9767163757	-3.9802684048	-3.34374948079	-2.27630129118	-1.15110463698	-2.78131459158	0.0311770894727	-1.09716556261	0.085305073052	-2.36006694181	-0.392557398732	-1.17844490692	-0.945588995799	-0.518026905983	0.0
MCT.f.0118	-3.95132339334	-0.750949601477	-5.34981233279	0.59768847946	0.105964582374	-2.40657375171	-0.534216023828	-0.416780560597	0.786706121235	1.38186921246	0.287001135559	2.71563350093	1.06075507175	0.76803082871	0.0199048696427	0.0
MCT.f.0119	-5.15097204061	0.412717660456	-5.6236168137	-0.196517495032	1.30605534171	-2.35460460086	1.77569194815	-0.583610614614	-0.585042577753	-1.92058101508	1.97506250638	-1.61650589362	0.250745016131	-0.857328881558	0.0987155235346	0.0

Biplot	0	0

Site constraints	0	0
