Eigvals	14
225.617793101	205.390389306	145.409692718	90.942071892	77.0918601742	65.7599725711	57.333396719	42.6329460578	33.7057133355	26.3055254498	22.4774145178	17.9813078296	13.1726387865	0.0

Proportion explained	14
0.220368457242	0.200611674291	0.142026518441	0.0888261683878	0.0752982025888	0.0642299683222	0.0559994493776	0.0416410267175	0.0329214994346	0.0256934880031	0.0219544438052	0.0175629457728	0.0128661576168	0.0

Species	0	0

Site	14	14
MCT.f.0443	-3.39616156663	4.98209815289	0.375484613872	-6.48920670733	1.90820021442	1.22023864505	1.34548130741	-1.33772892056	-0.390480331464	0.271654045876	-1.46262407666	0.886688538078	0.196741639421	-0.0
MCT.f.0444	-3.86774553004	0.972383521474	-5.76777661482	3.88047584811	2.20302062299	1.93593148839	0.391561713132	-1.74098908198	-0.490832834182	-2.60637839322	-0.0462894414514	-0.0195283424993	0.231742707346	-0.0
MCT.f.0445	-3.38205571322	1.73547733878	1.76775047944	0.509774486788	-1.63720262438	4.50901581668	2.24982541697	2.21856527231	-0.440571546849	0.995535742214	2.28985374473	-0.452961346559	-0.200802982283	-0.0
MCT.f.0446	-4.64159513303	-4.19496759786	1.3630944843	-0.0178489793174	2.42770919807	-0.546303647893	-2.85389260262	3.28710150053	1.08888325558	-0.527503888283	-0.212427260608	1.80891231549	-0.611527913458	-0.0
MCT.f.0447	-5.80135199881	-7.17146479269	1.64644134709	-2.18240405301	-2.41289793553	-2.5790331388	-0.0699978148355	-2.01440599143	-1.26057509617	-0.576480794178	1.20525152484	-0.773056795254	0.61174927914	-0.0
MCT.f.0450	0.885709261799	0.842610053484	0.930574342578	2.31048849563	3.78777369666	-3.43152496963	2.63357428706	-1.33751262568	-0.317123158587	1.81139925514	1.0532589277	0.342568935125	-1.38337209148	-0.0
MCT.f.0451	-3.30997754766	0.878149146875	1.14148496044	2.7226099011	-1.60037837402	-1.83806678857	2.53311338902	1.61782287256	1.58776939549	0.556300888044	-2.58572974902	-1.14137597757	0.969904067428	-0.0
MCT.f.0453	6.36428016809	-0.174224255374	-2.39874510811	-2.47648150589	-2.3745561393	-1.69897655841	2.49387455843	1.87073586646	0.145137587817	-2.50607531159	0.226215927343	0.146631382715	-1.09751446904	-0.0
MCT.f.0454	0.0398151302635	1.71701190235	-3.26248063934	1.19412848538	-5.01187986753	0.0957615032238	-1.63082563518	-1.95146350623	1.55354999997	1.55920659794	-0.00071078078959	1.81245571304	-0.472298666073	-0.0
MCT.f.0455	0.359395082794	3.75998820686	-5.10751015867	-1.32547905653	0.579109599556	-1.61681198385	-3.50258012753	1.63563212264	-1.3141730905	1.29227671449	0.303748176914	-1.9924962878	0.00139907239392	-0.0
MCT.f.0456	4.47104841882	4.70720984673	3.42373980684	0.860541650119	0.689295096524	-1.46337159457	-0.980444880916	0.0541815003595	0.330142217738	-0.831729047771	1.51536848575	0.920933996348	2.32086062332	-0.0
MCT.f.0457	1.52882316861	2.68969924691	6.72040382837	1.05317970423	-0.582441359781	1.26178798662	-2.58774747757	-1.58855834414	0.282089891905	-1.24226953809	-0.778766902918	-1.3470256866	-1.48174483782	-0.0
MCT.f.0458	5.3305259687	-4.40293375332	0.684229941947	1.53475371399	-0.279508929056	1.73802421405	-0.033797846851	0.297958323324	-3.78340084876	0.936337953408	-1.65286792826	0.837439118451	0.389557970721	-0.0
MCT.f.0459	5.41929029033	-6.34103701711	-1.51669128395	-1.57453198326	2.30375680138	2.41332902772	0.0118557135038	-1.01133898817	3.00958455802	0.867725776024	0.145719352426	-1.02918556296	0.525305600376	-0.0

Biplot	0	0

Site constraints	0	0
