Eigvals	17
433.169448529	208.139709549	124.744286421	86.8014303222	67.9875315477	58.7202810402	40.2369473135	36.7836454136	32.8962188374	30.2051611716	27.8960497205	27.0851175435	23.9340024407	21.0201254329	17.0013413015	15.6592310825	0.0

Proportion explained	17
0.345904483028	0.166208533113	0.0996136917129	0.0693146850122	0.0542909755807	0.0468906764442	0.0321309374573	0.029373326983	0.0262690492351	0.0241201236499	0.0222761985867	0.0216286342757	0.0191123329892	0.0167854765514	0.0135763041314	0.0125045712494	0.0

Species	0	0

Site	17	17
sample1	-4.79862909313	6.28642001919	0.571063207849	-0.439975700592	2.6483219811	1.40183226317	-0.30602783507	-1.4940413817	0.538590334271	-0.754290374406	-1.80203702463	0.566566673476	2.73315199491	0.158340926941	0.39974628456	0.485434583901	-0.0
sample2	-0.400178886067	5.95072116465	-0.208411424882	1.57112757382	0.142810043915	-1.95672957082	0.0757443908415	-0.678020270039	0.299693343969	-1.67036483709	-0.674662590075	1.01205107266	-2.76305376372	-0.299962795738	-1.60718563452	0.784658044647	-0.0
sample3	-6.64669199461	-0.191232460457	-0.0814528937999	1.87659298089	0.768543931762	-0.895061708774	-0.984986344458	0.718750965573	-0.444762275972	0.327955548804	0.524516833627	0.521823284689	-1.41378259654	1.81899011528	2.75547954199	0.572062612551	-0.0
sample4	-3.63876317761	-2.52836917491	-2.62270296604	3.68276486651	2.17472356609	-0.485693905607	-0.910297999611	0.280834230709	1.90133777457	-0.218959663783	2.31035944851	-0.780532284318	1.03346559532	0.872559985321	-1.53648362108	-0.65219379856	-0.0
sample5	-3.91927981411	6.49973668164	0.840690178441	-0.706225912839	-1.1848951604	-0.430313069106	3.07959480992	1.90892647378	0.446860065855	1.84788318907	0.273124555151	-1.65817341396	-0.151832714813	-0.0745563443484	0.0343258931579	-1.3013934954	-0.0
sample6	-1.84428086377	-1.30067001742	-4.583116396	-1.01273131095	2.1629920566	0.782837240964	-0.295332818086	0.680476781061	-1.12506573212	-1.48846398197	0.229098230474	-0.774354156023	-0.593072036572	-2.95072997779	0.958511591269	-0.710020344893	-0.0
sample7	4.86233374243	-4.58224838387	1.37056347675	-1.71523077022	2.66069193533	-0.897885880322	2.19651329753	1.97925548587	2.47092025257	0.475646636345	-0.515243934333	1.05410149857	0.0324443780107	-0.492524809674	0.184304412225	1.45553807516	-0.0
sample8	-1.41950067755	-1.14289574237	-1.06531621303	-2.07035660292	1.83842131089	-0.424630956638	0.463336009471	-0.269398462287	-3.85704979608	1.94863576573	0.769330317872	0.132513403587	0.30159001065	0.588960053981	-1.32461260641	1.17628220774	-0.0
sample9	4.18631759773	1.63451466528	-0.167932460653	-0.712459314663	-2.15190384988	-0.86482528533	0.932658646537	-2.00483241513	0.160524497043	0.136046500685	2.79630055351	2.77439067786	0.820183973642	-0.718653649289	0.743887800062	-0.544924820031	-0.0
sample10	13.6355137746	1.41719199722	0.478569045159	4.45530154487	1.08609921213	3.06695955902	0.276835735195	-0.376849061022	-0.839409774329	0.798616248219	-0.430290728545	-0.690518785674	-0.390494045772	0.254301683024	0.415091539103	-0.182421898202	-0.0
sample11	-6.23277537579	-3.45088709091	6.77982078113	-0.322529387109	-0.0374213228749	3.66856407007	-0.44457511107	0.395291368439	-0.369891376738	-0.473166980061	0.217856409685	1.13349987778	-0.836920698983	-0.363726867973	-0.722267308916	-0.963411541946	-0.0
sample12	3.32626174388	-0.052013813541	-0.866266239497	-5.1526899144	-0.798213011312	1.97821155508	-0.115618836373	-1.4573043498	1.07010046836	-1.55309617255	0.98446242213	-2.05577630864	-0.834712701805	1.6175441683	0.101824604735	0.395939918248	-0.0
sample13	-1.31379832975	-3.00939996943	-1.02891152525	-0.842566935953	-0.274983447086	-1.08346951835	-1.58358750348	-2.80608894994	1.44301558444	3.02172578753	-1.82506527814	-0.248199352506	-0.888516423678	-0.586188425152	-0.0468994290465	-0.81856611309	-0.0
sample14	0.818309179055	-3.63063475009	4.67071337055	1.60481797149	-0.910670093547	-3.79151826496	0.937051207771	-1.37147309796	-1.13067006557	-1.64731006699	-0.409896030874	-2.03191495113	0.974176219478	-0.37819499591	0.372382882786	0.00989183696026	-0.0
sample15	-4.47195769905	-2.36396249941	-2.96536344858	2.22091980731	-5.24579341034	2.13218714714	0.668237738512	0.388205340586	0.245947562649	0.0563753203741	-0.679963237631	-0.172384058383	0.66018876858	-0.561120102674	-0.217682211008	1.71524175665	-0.0
sample16	4.79996384373	3.06149037719	2.03651327056	-1.44640199782	-1.63455899477	-1.27658735246	-4.3164254225	2.61052692382	0.0919270115577	0.482733590695	0.351209971522	-0.322933269565	0.784293266892	-0.621548175476	-0.154387664814	0.365216736705	-0.0
sample17	3.05715603007	-2.59776100277	-3.15845976271	-0.990356897415	-1.2441647476	-0.923876323069	0.326880034866	1.49574041805	-0.902067874475	-1.28996651062	-2.11909991825	1.53984009158	0.532890774401	1.73650921118	-0.35603607409	-1.78733376044	-0.0

Biplot	0	0

Site constraints	0	0
