Eigvals	13
0.902827669443	0.349012754144	0.114673578841	0.0568110529484	0.0196928062613	0.0122841330331	0.00899380754998	0.000747372642605	0.0	0.0	0.0	0.0	0.0

Proportion explained	13
0.616246459445	0.238226941111	0.0782731736568	0.0387777329182	0.0134417924326	0.0083848266344	0.00613893686159	0.000510136940282	0.0	0.0	0.0	0.0	0.0

Species	0	0

Site	13	13
MCT.f.0107	-0.312878418454	0.142184991411	0.118545421543	-0.127995167653	0.0337610725466	-0.0189477593568	0.00142311897525	0.00759741750861	-0.0	0.0	0.0	0.0	0.0
MCT.f.0108	-0.328590087911	0.111617703718	0.0638506411681	-0.0114623188119	0.0323865325931	0.0226056090682	0.00128496804214	-0.0183801266667	-0.0	0.0	0.0	0.0	0.0
MCT.f.0109	-0.307070122999	0.0794744605543	0.0213505109776	0.0477850861935	-0.0377425233765	0.0407079582198	-0.027693004279	0.0134170066616	-0.0	0.0	0.0	0.0	0.0
MCT.f.0110	-0.303496181493	0.0176076218271	-0.0168724867945	0.0626878710803	-0.0500646785848	-0.0242900893445	0.0522013834987	-0.000330057329346	-0.0	0.0	0.0	0.0	0.0
MCT.f.0111	-0.243134433792	-0.0567283629395	-0.072990250482	0.0578714863294	-0.0186885704218	-0.0388527022384	-0.0333824802033	-0.00369454301057	-0.0	0.0	0.0	0.0	0.0
MCT.f.0112	-0.125970738383	-0.200039379289	-0.14744687029	0.051392499313	0.0640169829275	0.0343464114059	0.00860568412955	0.000759132531533	-0.0	0.0	0.0	0.0	0.0
MCT.f.0113	0.0468532066484	-0.243072791886	-0.0751613288376	-0.117680111292	-0.0480389289838	-0.00727387671306	0.00196256168877	0.00254719850639	-0.0	0.0	0.0	0.0	0.0
MCT.f.0114	0.164804032873	-0.217173827592	0.0482982597676	-0.0116891239308	0.0278577389247	-0.0484448925751	0.00768108292569	-0.0015307882956	-0.0	0.0	0.0	0.0	0.0
MCT.f.0115	0.209064383579	-0.190485766106	0.0936471045704	-0.00742048587627	0.00838681642899	0.0312781845122	-0.0356543578423	-0.000882627685985	-0.0	0.0	0.0	0.0	0.0
MCT.f.0116	0.315379601284	-0.0130093081265	0.0913634366802	0.018484274057	-0.00908699041907	0.0400125131881	0.0499285364969	0.00223816547693	-0.0	0.0	0.0	0.0	0.0
MCT.f.0117	0.330545921371	0.105885837433	0.0719516784738	0.0414636116791	-0.0532339164975	-0.00806179508725	-0.0216026295268	-0.00774548995729	-0.0	0.0	0.0	0.0	0.0
MCT.f.0118	0.282667919779	0.181689675686	-0.000427104536296	0.0756966522903	0.0550789244633	-0.0356984082921	-0.00393880786046	0.0086958194413	-0.0	0.0	0.0	0.0	0.0
MCT.f.0119	0.271824917497	0.28204914531	-0.19610901224	-0.0791342733784	-0.00463245960063	0.0126188472132	-0.000816056045138	-0.00269110718086	-0.0	0.0	0.0	0.0	0.0

Biplot	0	0

Site constraints	0	0
