Eigvals	10
0.605817161426	0.370513275445	0.33035957603	0.291874985195	0.179531180559	0.123445228909	0.0629885673923	0.0392582823301	0.00901216414645	0.0

Proportion explained	10
0.300982231013	0.184078496556	0.164129325745	0.145009401869	0.0891947252433	0.0613300889619	0.0312939955306	0.0195043094746	0.00447742560588	0.0

Species	0	0

Site	10	10
sample1	-0.158440293316	0.172115646245	0.352041807653	-0.153904236056	0.221787574374	-0.0624896802446	-0.0118166701629	0.0185864069616	0.00714839393641	-0.0
sample2	-0.128268864702	-0.0877873321794	0.249710217538	-0.10735527584	-0.296368832328	0.0367511206314	0.0753867077863	-0.00646788252951	-0.0170694265564	-0.0
sample3	0.448788133492	0.15377398924	-0.136440707567	-0.290132259733	-0.0759140011236	-0.0574553582065	-0.0757429537764	-0.0169227305226	-0.00397230195835	-0.0
sample4	-0.0783596491871	-0.13922180027	-0.14920306917	-0.102891682813	0.0736499422482	0.0370053572492	0.0986930943065	-0.0970222586113	0.0518379432199	-0.0
sample7	0.499131107889	-0.130406239023	0.167562726271	0.29262131139	0.0305223639723	-0.0337495569354	0.037252245503	0.0177042977473	0.0134516321641	-0.0
sample8	-0.0751656230127	-0.200644538847	-0.00541289486861	0.0717332340628	0.0950894902358	0.0597973836612	-0.0927448530248	-0.0948976448978	-0.0536194836055	-0.0
sample10	-0.170435590903	-0.119256856257	-0.0255367871014	0.0426099844926	-0.0667997570497	0.105538645254	-0.14870483007	0.0731210190553	0.0427858749681	-0.0
sample12	-0.262859448707	0.0358792483941	-0.153361997656	0.14913760575	-0.0672934846545	-0.274072876475	-0.00741268367098	0.0022584025044	-0.00178144622956	-0.0
sample13	-0.0597545469154	0.447251872392	-0.0944223577492	0.194434353572	-0.0233485723942	0.14307597391	0.0333277059345	-0.0157440061816	-0.00664387812555	-0.0
sample16	-0.0146352246372	-0.131703989695	-0.20493693735	-0.0962530348237	0.10867527672	0.0455989911558	0.0917622371748	0.119384396474	-0.0321373078132	-0.0

Biplot	0	0

Site constraints	0	0
