Eigvals	16
0.862173703664	0.579185390374	0.312711338785	0.203099648806	0.105452067252	0.0544263296598	0.0375179636336	0.027636486121	0.0224618087558	0.0109296075223	0.00947801806627	0.0	0.0	0.0	0.0	0.0

Proportion explained	16
0.387481197529	0.260299575015	0.140539851214	0.0912777724518	0.0473926462	0.0244604762405	0.0168614577501	0.0124204886929	0.0100948666358	0.00491202340465	0.00425964486612	0.0	0.0	0.0	0.0	0.0

Species	0	0

Site	16	16
MCT.f.0137	-0.238810738286	0.45197001706	0.284672081501	-0.162974261138	0.0316380158672	-0.0691164359456	0.0232288645691	-0.00123280649633	0.0167450017241	0.00590642623729	-0.000612198770681	-0.0	0.0	0.0	0.0	0.0
MCT.f.0138	-0.225062825808	0.298263992531	-0.0140037137582	0.101465621955	-0.0842400443783	0.120954380516	-0.0726627588121	-0.00339555058497	-0.0329502599803	-0.0121074211824	0.00638449722889	-0.0	0.0	0.0	0.0	0.0
MCT.f.0139	-0.213552847811	0.165193951687	-0.160251630515	0.192566701086	-0.0515779691118	0.0196522960723	0.0588933627923	0.00763956184513	0.0409312279386	0.0267194060876	0.00235502708098	-0.0	0.0	0.0	0.0	0.0
MCT.f.0141	-0.232046020161	0.00560035212732	-0.182469362143	0.114903289489	0.056667475946	-0.125014817517	-0.00993804642084	0.00959725801886	-0.0563270341119	-0.00757184974961	0.00191348331075	-0.0	0.0	0.0	0.0	0.0
MCT.f.0142	-0.255373396044	-0.11706344875	-0.10840507317	-0.00949778376675	0.123162792453	-0.0177045632001	0.00842716173099	-0.0548029198601	0.0166476813774	-0.0327170570663	-0.0217155166478	-0.0	0.0	0.0	0.0	0.0
MCT.f.0143	-0.224831525329	-0.198611701324	-0.06866760916	-0.0971380029627	0.0800066066238	0.0428335317022	0.0011629249786	0.059796238197	0.0563773107583	0.0168358226697	0.0301004359534	-0.0	0.0	0.0	0.0	0.0
MCT.f.0144	-0.209156879293	-0.210911443012	0.0473391030627	-0.1658295274	0.0272047800746	0.0807462238059	-0.0209557001919	-0.0105015113702	-0.0359774898671	-0.00974527137403	0.00171833753461	-0.0	0.0	0.0	0.0	0.0
MCT.f.0145	-0.125261346186	-0.237609357792	0.0481640724851	-0.0521352669749	-0.0996642378889	0.0113595977809	0.0674220033296	-0.00527580954535	-0.0310000641082	0.0370345905015	-0.0222852018707	-0.0	0.0	0.0	0.0	0.0
MCT.f.0146	-0.0180284047249	-0.222835134018	0.135603383955	0.0262776307327	-0.123794621998	-0.0864731519379	-0.0755517250142	0.0367285432361	-0.0216319551893	0.00328466517466	0.014845679708	-0.0	0.0	0.0	0.0	0.0
MCT.f.0147	0.0975816439454	-0.166133740837	0.160836513874	0.114853256687	-0.0516015003935	-0.0127356356706	-0.00889513066405	-0.104995146014	0.0572060158285	-0.00484039745881	0.0175874264968	-0.0	0.0	0.0	0.0	0.0
MCT.f.0148	0.186556762256	-0.047891682229	0.163250651859	0.10358382315	0.023201087529	0.0388504852606	0.0611485535508	0.0345164758216	-0.0228963765298	-0.0382462345557	-0.0441257888029	-0.0	0.0	0.0	0.0	0.0
MCT.f.0149	0.264817019597	-0.0277966469542	0.112861600617	0.117809057813	0.0633827422577	0.00287670134583	0.00380804602469	0.0749511946836	0.0299669057684	-0.0112689315528	0.0156930712855	-0.0	0.0	0.0	0.0	0.0
MCT.f.0150	0.330723008813	0.0634696014637	0.00490898884871	0.0300263414088	0.153026811693	0.0179875643419	-0.0813720137478	-0.0244811949772	-0.0150874582155	0.0431166922684	-0.0147945442547	-0.0	0.0	0.0	0.0	0.0
MCT.f.0151	0.334932428618	0.0745618810349	-0.0843356408703	-0.0603716268617	-0.00692244183641	0.00250778967029	0.0536906072478	-0.019655205399	-0.0363764170369	0.0399546917355	0.00983415550141	-0.0	0.0	0.0	0.0	0.0
MCT.f.0152	0.310483038157	0.0951298645576	-0.130632161392	-0.103990353191	-0.0292400105069	0.000107382431965	0.040483756405	-0.0165850415378	-0.0230149792359	-0.043816167922	0.0490217378539	-0.0	0.0	0.0	0.0	0.0
MCT.f.0153	0.217030082257	0.074663494454	-0.208871205195	-0.149548900028	-0.11124948633	-0.026831348657	-0.0488899057782	0.0176959139824	0.0573878908794	-0.012538963813	-0.0459206016075	-0.0	0.0	0.0	0.0	0.0

Biplot	0	0

Site constraints	0	0
