Eigvals	13
330.66178894	217.182719333	126.334195201	101.135735035	71.9530177537	59.14187128	49.7414147384	38.0936107641	27.5776031632	23.262241279	20.4724489769	19.2593463146	0.0

Proportion explained	13
0.304809102319	0.200202357615	0.116456796399	0.093228469813	0.0663273939845	0.0545178829162	0.0458523980744	0.0351152739429	0.025421457046	0.0214434903558	0.018871817076	0.017753560459	0.0

Species	0	0

Site	13	13
MCT.f.0430	-2.46752375792	5.28874010891	3.53265985551	-1.45245777251	1.3396373171	-0.123735093125	0.546060202966	-2.77526366478	1.7831566365	-2.4196687031	0.961296970348	0.454481119104	-0.0
MCT.f.0431	-2.52223308038	5.77470048466	-0.0883779291323	-2.24261722535	2.55175989697	-0.926060505769	3.79307373111	0.993864153197	-0.741209761406	2.27639205944	-0.385948560512	0.764816267605	-0.0
MCT.f.0432	2.44737888257	5.65089128065	1.47867742603	0.363991736403	2.14644771142	2.3251908506	-3.62789417694	1.09997400471	-0.789913628406	-0.231163548572	-2.17627139308	-0.775650315077	-0.0
MCT.f.0433	-4.82588018999	1.87151140889	-8.75646321225	-3.17125880325	-1.12036340518	-0.81466762833	-1.76105983541	0.206459179384	0.501770401708	-0.467523527716	0.48156815832	-0.396495634965	-0.0
MCT.f.0434	-3.30488576905	-2.07734623045	0.99793759334	1.94897961328	1.01312798491	1.69040472229	-1.3753184052	2.65648427939	-1.01880315613	-0.500333534937	2.22944820234	2.1841080557	-0.0
MCT.f.0435	-1.18051062823	-3.91698787615	-1.60960146615	3.36032002165	3.7614747309	0.0518323421358	-0.0294405116336	-2.92709969452	-1.7213323034	0.715766080566	0.903955239273	-1.5519777432	-0.0
MCT.f.0436	-4.58641397111	-6.47975019455	0.47081823388	1.58690930806	1.43453252415	-3.31500572411	-0.279871170331	0.427489260495	1.49563703855	-0.439348400759	-2.35508561625	1.06020115096	-0.0
MCT.f.0437	13.1439844706	-4.65649467463	-0.803331324028	-3.99984491239	1.70829506063	-0.255262955424	1.07239104317	0.893555803274	0.00359114513511	-1.04329993339	0.300973560949	-0.098472511267	-0.0
MCT.f.0438	1.10019857027	2.9281741591	2.3105560829	2.63440522567	-2.6602405086	-4.25584763023	0.327763026438	1.97948138713	-0.796399631121	-0.679405196655	0.840407193764	-1.87268401781	-0.0
MCT.f.0439	7.73820171843	2.27107763475	-0.59960505682	2.43182364176	-2.70886396085	-1.03211998394	-1.73373372729	-2.08846611035	0.841529290857	2.05761514877	0.249137901503	1.70692407712	-0.0
MCT.f.0440	0.623751057647	0.0993603526345	-2.63653495345	3.67986582284	-3.03641152096	3.31700137467	3.47439364138	-0.182903810268	-0.492829968875	-1.43552366135	-1.2441561338	0.205864018894	-0.0
MCT.f.0441	-2.00418809729	-2.85153634327	1.95226314549	-0.268491993334	-0.767495285567	2.79433893382	0.246774027242	1.12143851958	3.17966156788	1.71821368322	0.676785484976	-1.71243243048	-0.0
MCT.f.0442	-4.16187920553	-3.90234011057	3.75100160467	-4.87162466282	-3.66190054493	0.54393129742	-0.653137845485	-1.40501330723	-2.24485763129	0.44827953448	-0.482111007831	0.0313179634278	-0.0

Biplot	0	0

Site constraints	0	0
