Eigvals	6
0.548136118858	0.397274047483	0.328174729833	0.296308933165	0.194899136257	0.0

Proportion explained	6
0.310595140362	0.225110851657	0.185956503811	0.167900110064	0.110437394106	0.0

Species	0	0

Site	6	6
sample1	0.362637806452	0.155042547552	0.143038328068	0.0741884754348	0.29680394411	-0.0
sample2	0.286551527289	0.0617754083481	0.188127811952	-0.251274940731	-0.262294527537	-0.0
sample4	0.0869241339429	0.098559858645	-0.508080894005	-0.0437619351471	-0.0198505595862	-0.0
sample5	0.000653817018427	-0.177859006046	0.0477103522379	0.433038477199	-0.148998765269	-0.0
sample6	-0.201726938382	-0.467893511876	0.0224516870715	-0.194740860045	0.123693637654	-0.0
sample7	-0.535040346321	0.330374703378	0.106752714676	-0.0174492167106	0.0106462706273	-0.0

Biplot	0	0

Site constraints	0	0
