Eigvals	11
0.67060820462	0.43480438777	0.407335070801	0.35342677213	0.279729361584	0.248444448224	0.23147415294	0.187022907376	0.0274667597712	0.0176632915389	0.0

Proportion explained	11
0.234644502107	0.152137206762	0.14252574636	0.123663337857	0.0978767577273	0.0869302275952	0.0809923543927	0.0654389503162	0.00961056564266	0.00618035123962	0.0

Species	0	0

Site	11	11
MCT.f.0206	-0.0602858267273	-0.220587517769	0.0110240277126	-0.180781953222	0.334717442471	-0.234653579449	0.127865849645	-0.0300883018494	0.00390460427406	0.00380477430461	-0.0
MCT.f.0209	-0.14065089867	-0.279496451103	0.107590740598	-0.343440478319	-0.281081263488	0.0557401297653	-0.0768071323	-0.0535863167885	-0.00736844614889	-0.000459159635033	-0.0
MCT.f.0211	-0.0443166942331	-0.271756496855	-0.0989347236442	0.247821012917	0.0344494498254	0.282263671681	0.18407696975	-0.0999664071843	0.0147271008358	0.0101807208052	-0.0
MCT.f.0213	-0.373626968995	0.0333075760647	-0.256983463919	0.0371739216057	-0.0224451322367	-0.00478973945041	-0.012862142251	0.245956776427	0.00262112791699	-0.0603235422304	-0.0
MCT.f.0214	-0.36645730477	0.231594113979	-0.123919190324	0.0420873926853	-0.0300218823623	-0.0571918726319	-0.0492984390248	-0.064654804314	-0.0183024550272	0.0922062949391	-0.0
MCT.f.0215	-0.145884767759	0.324585078753	0.203297032612	0.0137657506026	-0.0199769050057	-0.0137792901391	0.089085591425	-0.218128294346	0.0177460164002	-0.0638351958243	-0.0
MCT.f.0216	0.0600473899831	0.0808035652576	0.441340196471	0.0416587054286	0.0321681320388	0.0854675705986	0.0753273124888	0.236568067545	-0.0154769907081	0.0265904355782	-0.0
MCT.f.0218	0.199048994714	-0.126989116241	0.0387281472943	0.26915078289	-0.172477566336	-0.254356849127	-0.0815194402448	0.00841133751623	0.0754445457523	0.0045949450233	-0.0
MCT.f.0219	0.392446392637	0.0647895360623	-0.165592979125	0.0160901316393	-0.122103091132	-0.0879365367982	0.126227320758	-0.00519984831997	-0.110443534131	-0.00864191873478	-0.0
MCT.f.0220	0.377262699212	0.211903417326	-0.194824354416	-0.235009472195	0.0542637850335	0.138166607069	-0.0127824081339	0.0390736240787	0.0806400367798	0.0140312371481	-0.0
MCT.f.0221	0.102416984608	-0.0481537054736	0.0382745667405	0.0914842059677	0.192507031193	0.0910698884818	-0.369313482111	-0.058385832764	-0.0434920059443	-0.018148591374	-0.0

Biplot	0	0

Site constraints	0	0
