Eigvals	14
242.301861592	207.552630154	125.228395344	84.9494613077	68.393661004	48.9476384489	38.9947229847	35.4436922557	25.2818440674	21.4942776695	14.137983165	12.5413626595	11.2426047736	0.0

Proportion explained	14
0.258728498952	0.221623474539	0.133718142075	0.0907085338368	0.0730303479021	0.0522659996911	0.0416383352509	0.0378465655789	0.0269958040079	0.0229514629436	0.0150964550518	0.0133915930913	0.0120047870795	0.0

Species	0	0

Site	14	14
MCT.f.0256	-3.20318532828	0.187453663436	2.15384038713	-2.10547924659	0.863823434264	0.262162703159	-2.45702968824	-0.694763338879	1.41778948537	-2.86597881442	0.964044243283	0.365721012935	-0.936611499552	0.0
MCT.f.0258	-5.66979119287	1.39630051023	4.59853042592	-0.740134782223	3.15674977302	2.53291717856	-0.11186720002	1.53517041335	0.595217029647	1.59037695798	0.171395021531	-0.334428346987	1.18510875398	0.0
MCT.f.0259	-3.69613713292	-1.60085655785	0.376913457392	-0.73703837903	-1.23491820921	0.971205771444	1.09840924111	1.3561265939	-1.30086837982	1.20271253169	-0.41152210824	1.34530461529	-2.21753552921	0.0
MCT.f.0260	0.0134696071139	4.34464737733	0.235174201734	-3.78670465743	-3.79563000138	0.12088134801	-1.40805835755	-1.76188037567	-2.22095950935	0.665049764363	0.563977277361	0.147330020067	0.943057695064	0.0
MCT.f.0261	-3.41892801604	-3.79805187011	-0.0377860993091	0.68138095109	-1.16889455996	0.117521061933	1.44545007126	-0.0406883036824	-1.29356666553	-0.92995040229	0.0893409619464	-2.76905791186	-0.383606654292	0.0
MCT.f.0263	-1.24832034293	4.98104599789	-1.81377724506	0.528696244674	-2.7996035986	0.0649596317819	1.57646836559	-1.34893879922	3.42452916483	1.01913769033	-0.214253869647	-0.440549696421	-0.372964432166	0.0
MCT.f.0264	-2.83889906262	0.953952412646	-1.6114585381	3.49289913792	-1.25736546152	1.03021213537	2.20833088097	0.624666516887	-0.595410997114	-2.15272398318	-0.224272337154	1.37613140027	1.34754988636	0.0
MCT.f.0265	-0.395171929393	5.01022766442	-3.36932225092	4.62987352784	2.38706762472	0.114763093064	-3.01336402213	-0.685718799639	-1.04486915645	0.446095512982	-0.822839561307	-0.369690780989	-0.509117892071	0.0
MCT.f.0266	5.03483459318	5.68073399194	4.7700094241	0.34761193244	1.06663897121	-4.02492078319	1.48218732417	1.43487979574	-0.481121409296	-0.377857773922	0.066284484326	-0.120115910085	-0.261198010603	0.0
MCT.f.0267	-1.15420226846	-5.23467844364	0.282584675751	-2.10063462257	-0.0194621188382	-2.30756748746	-0.998739456452	-0.389922851583	0.621784563942	-0.0404272584195	-2.76165058333	0.246140844659	0.671921186241	0.0
MCT.f.0269	2.78305808513	-3.90461501655	0.642572394397	0.426719550069	3.38437128988	0.0626001414073	1.93205322998	-4.08731500981	-0.382256477486	0.602169204981	0.698725603319	0.567135650068	-0.05397326559	0.0
MCT.f.0270	7.50624130093	1.18733105006	-5.03359636022	-4.00502345647	2.08764459546	2.32948361474	0.807815700151	1.6303722795	0.109552257693	-0.602208537232	-0.302187058505	-0.315719396595	-0.0171184986796	0.0
MCT.f.0271	-2.06399047382	-4.28534524577	-4.6409670208	0.221139808334	0.206138169778	-3.15164337903	-0.854436448165	1.69172853271	0.512397033445	1.04890566373	1.90303934976	0.273714725594	0.510929720186	0.0
MCT.f.0272	8.35102216097	-4.91814553404	3.44728254798	3.14669399194	-2.87655990882	1.87742497021	-1.70721964068	0.736283346393	0.637783060118	0.394699443412	0.27991857666	0.0280837740442	0.0935585403397	0.0

Biplot	0	0

Site constraints	0	0
