Eigvals	13
0.712884016727	0.524005125322	0.43226343991	0.37247154555	0.34787043057	0.276665639776	0.26734310973	0.208153239506	0.163219210346	0.143286423104	0.123710412304	0.111127563394	0.0

Proportion explained	13
0.193560680555	0.142276704614	0.117367206509	0.101132644515	0.094453004565	0.0751196383489	0.0725884057531	0.056517304012	0.044316916487	0.0389048104874	0.0335895756329	0.0301731085201	0.0

Species	0	0

Site	13	13
sample1	-0.188206382405	0.381512186715	-0.169215474981	0.0925900373698	-0.210782263678	-0.0503906546894	-0.139848266064	-0.136419293859	-0.097149439429	-0.101277959024	-0.0611682484679	0.0724642035666	-0.0
sample2	-0.232428445241	0.228811689408	0.0825279744655	0.22998573089	-0.0790665121506	0.0648257007094	0.0981816804257	0.0869015872992	0.0857465300465	0.0742377879158	0.0371323385627	-0.208039804835	-0.0
sample3	-0.188283623176	-0.0497508063016	0.229505004554	0.150393355904	0.100965068775	0.0525710106455	0.246125408255	-0.0926222603903	-0.0288002280528	0.097382333612	-0.0966990309618	0.160599929327	-0.0
sample4	-0.0720628172394	0.0695451374087	0.214160978873	0.041292303184	0.309035409522	-0.00651405541078	-0.11796917924	0.0207933358469	-0.105499364605	-0.121807041818	0.190420330949	0.0156956544948	-0.0
sample7	0.266183425653	0.316394844731	-0.196146079043	-0.23904526265	0.172744594246	0.027904710573	0.199799458274	-0.0446752657973	0.145159595542	-0.0248207798928	0.0269301609	0.0196185996629	-0.0
sample8	-0.226656575158	-0.0333723268877	-0.0789946660897	-0.109058954101	-0.0658936513349	0.0867200870009	-0.102807312669	0.330475321515	0.0849203176917	0.0201994835416	-0.00534989589722	0.129701032308	-0.0
sample10	-0.217372976846	-0.205974255682	0.0200557625656	-0.108928046484	0.0874455758308	-0.299390617548	0.0464557755113	0.0190067796185	0.049874894008	-0.145432592411	-0.139518188541	-0.0863369441963	-0.0
sample11	-0.219332462043	-0.180760543851	-0.0993259535528	-0.120608402252	-0.00522369727103	-0.0789772320074	-0.163158385681	-0.204070882313	0.101234721227	0.190163706652	0.107788498564	-0.00123067041767	-0.0
sample12	-0.0906630449783	-0.253502685289	-0.264795019739	-0.109484480551	-0.0462883350317	0.205833954394	0.151475658162	-0.00995171201385	-0.217191064544	-0.0309462086027	0.031198568362	-0.0709976626237	-0.0
sample13	0.38297458177	-0.156136980069	-0.270167482553	0.376274228858	0.0787329886229	-0.133847964934	-0.0296101919316	0.0639162645664	0.00350632284271	0.0351882791071	0.00666982811312	0.0284501731478	-0.0
sample14	0.293561774901	-0.0445312566699	0.239163681711	-0.104378124342	-0.354774833638	-0.164067359317	0.115289402815	0.0313272786095	-0.0399784591818	-0.0051397346717	0.114800230366	0.0274463075851	-0.0
sample15	0.207606238785	-0.19301490735	0.147474823549	0.0550451118272	-0.0810362296808	0.274424055249	-0.128704571024	-0.111417545881	0.158256953345	-0.139756031255	-0.0590407554625	-0.0165357180239	-0.0
sample16	0.284680305978	0.120779903835	0.145756450241	-0.154077497653	0.0941418857878	0.0209083653338	-0.175229476832	0.046736392798	-0.140080778889	0.152008756846	-0.153163836486	-0.0708350999957	-0.0

Biplot	0	0

Site constraints	0	0
