Eigvals	15
0.546207327487	0.441948943763	0.412415288598	0.407017155318	0.343769298921	0.30086609244	0.234756915307	0.197702039801	0.180967633618	0.124892801299	0.103758768626	0.0998470176144	0.0685911312123	0.0605529991799	0.0

Proportion explained	15
0.155027488044	0.125436315383	0.117053915253	0.115521788164	0.0975704429367	0.0853934251727	0.0666299645747	0.0561128514194	0.0513632026618	0.0354477435322	0.0294493692287	0.0283391151134	0.0194679020929	0.0171864764238	0.0

Species	0	0

Site	15	15
sample1	-0.232863569595	0.14630654137	0.180182256445	-0.0189596925919	0.0962758211617	0.0182935539124	0.00404583104088	-0.20812240603	0.0255041040039	-0.0127503660718	0.202691399275	0.00548047915101	0.000637246160948	-0.0590702346281	-0.0
sample3	-0.33558937324	-0.0347030325963	0.25866993753	0.130556894831	-0.125114067234	0.0905980897115	-0.110803245073	0.162907697341	-0.0906251582443	0.127539804644	-0.0196647816996	-0.0785517570072	0.00173333277589	0.0345890631022	-0.0
sample4	-0.234865320336	0.185942512415	-0.177645666042	-0.202720084801	0.156385142	-0.0117235833196	-0.00836293710058	0.0150729991799	0.168204711456	0.128565709289	-0.129235101462	0.0203343049975	-0.00205070226376	-0.0548698917012	-0.0
sample5	-0.315015185602	-0.128712966472	-0.184197138147	0.122099187785	0.121907558548	-0.260862991577	0.166488171163	0.0353502989887	-0.126423323507	-0.0715867702315	0.00112192120294	0.0522913022092	-0.0037295071637	0.0519194943251	-0.0
sample6	-0.160155131702	-0.111570213436	-0.128211954989	-0.075134862482	-0.28546889143	0.171435280136	0.0182736674269	0.0385514420104	0.0314038500505	-0.184718018011	-0.0245233134532	-0.00706955914291	-0.0496940047135	-0.0920233422058	-0.0
sample7	0.0889295556918	0.06097212995	-0.034433044626	0.0642373824277	-0.249795464567	-0.110423212434	0.0646710611415	0.0739572088054	0.254558247241	0.0204650029365	0.0893484428484	0.0302511074423	0.057353291919	0.0902195010812	-0.0
sample8	0.0911265742422	0.163328401794	0.108207929649	0.0869820409852	0.00125099601965	0.0701347623636	0.186038414722	-0.176575253269	0.0099322652986	-0.0503959416176	-0.124294110627	-0.13907649236	-0.0449745631198	0.0763695236321	-0.0
sample9	0.0629886754004	0.204716170328	-0.0115664442646	-0.216687949795	0.117983779993	0.111088744392	-0.0955339930684	0.0933092579092	-0.102964787636	-0.133959611176	0.00378028627895	0.000755452365494	0.139896511707	0.0619554505457	-0.0
sample10	0.207956259554	0.204965813931	-0.035953467563	-0.129060601502	0.00863785870961	-0.0980734310657	-0.0822036905235	0.119992917979	-0.075924142977	0.006557923649	0.0674015408974	0.0064773202944	-0.184259653505	0.0244287588346	-0.0
sample11	0.178204882957	-0.0120466520371	-0.211769849089	0.240377873191	0.0380690661107	-0.147003922517	-0.162026400882	-0.0101000494257	-0.00804528931091	0.00376773912037	0.017930587257	-0.165351453362	0.0524923175308	-0.0846015250422	-0.0
sample12	0.0866762732365	-0.180948241635	-0.21272692412	-0.191815844295	-0.180806716962	0.0655336341395	-0.0259318030897	-0.192616294807	-0.145990278041	0.148836758231	0.0186155624509	0.02471511842	0.0231518605181	0.0447399875763	-0.0
sample13	0.110739655659	0.00297601048114	-0.103605460965	0.363026812153	0.14396782742	0.278138860965	-0.0491196273023	-0.00427227470988	0.0197068878551	0.015144417868	-0.00700678384283	0.147077617397	-0.0241151832158	0.0149047154375	-0.0
sample14	0.146164467729	-0.414340245157	0.0966823386145	-0.158758767623	0.245229480725	0.0913624877014	0.100585267591	0.0931982468163	0.0950507982542	0.0127154932352	0.0509973482455	-0.071954154186	-0.0148917224382	0.00236859684376	-0.0
sample15	0.0626685247387	-0.172065287048	0.263377396786	-0.0293580863752	-0.00738508637173	-0.197559273399	-0.226879820733	-0.116238697945	0.0543464550374	-0.0726672189022	-0.111318261667	0.095720797241	-0.00737247846047	0.00676828465835	-0.0
sample16	0.243033711267	0.0851790581128	0.192990090782	0.0152156980932	-0.0811373041233	-0.0709389990095	0.220759104688	0.0755849071569	-0.10873433948	0.0624850770373	-0.0358447357046	0.0788999165395	0.0558232542686	-0.11769838246	-0.0

Biplot	0	0

Site constraints	0	0
