Eigvals	15
0.678351083055	0.587000676797	0.366112746478	0.142226223299	0.069808437486	0.0327344901029	0.0236355112063	0.0170207142212	0.00991102426726	0.00458488935294	0.00242550464068	0.0	0.0	0.0	0.0

Proportion explained	15
0.350784527289	0.303545995683	0.18932185695	0.0735471052592	0.0360988879594	0.0169274479302	0.0122222427779	0.00880164171822	0.00512512480541	0.00237090834602	0.00125426128162	0.0	0.0	0.0	0.0

Species	0	0

Site	15	15
MCT.f.0002	-0.224152238792	0.33327132672	0.0937981295661	-0.103838125174	0.0381230763887	-0.0259105236998	0.00839051146508	-0.0182747211354	-0.0262896219187	0.00644522058421	0.0318180731744	-0.0	0.0	0.0	0.0
MCT.f.0003	-0.215608513119	0.331585655061	0.0808913017562	-0.0973204842451	0.0553983763027	-0.0352194342995	0.00352471012722	-0.013203282487	0.0176820678971	-0.000803526342422	-0.0333141116369	-0.0	0.0	0.0	0.0
MCT.f.0004	-0.239245311565	0.165480995479	0.0497517448971	0.0609533676966	-0.0517239304893	0.116190193702	-0.0420663103965	0.051755553069	-0.00652010468359	-0.000909964977446	-0.00178878179253	-0.0	0.0	0.0	0.0
MCT.f.0005	-0.282949389497	0.00386552390864	-0.0616581814237	0.161123641244	-0.10313231776	-0.0210841513119	0.0434517267372	0.00151254431332	0.0170796286093	0.0119955918999	0.00233766906041	-0.0	0.0	0.0	0.0
MCT.f.0006	-0.239898146987	-0.176853257998	-0.093113837033	0.0890776782644	-0.00510343219131	-0.0037358033618	0.0411971890868	-0.0581229936884	-0.00356360067006	-0.021558590575	-0.00252110543669	-0.0	0.0	0.0	0.0
MCT.f.0007	-0.173347942593	-0.245568835492	-0.108640552766	0.00510891168627	0.06672140064	-0.0270800205288	-0.0682025077623	0.00760213891481	0.0380435040894	-0.00117562449795	0.00922564608449	-0.0	0.0	0.0	0.0
MCT.f.0008	-0.115474507941	-0.265637777232	-0.0528308782236	-0.0376275642783	0.0725861670762	-0.0245900288593	-0.042259290686	0.0332626581523	-0.0325078247651	-0.00157467048554	-0.00595187396777	-0.0	0.0	0.0	0.0
MCT.f.0009	-0.0100959612467	-0.280707742824	0.0337317719084	-0.0808072573556	0.0202246735812	0.00609203449434	0.0490953308132	0.00470353952544	-0.0242101190874	0.0119767344899	-0.000401073657532	-0.0	0.0	0.0	0.0
MCT.f.0010	0.110467706786	-0.202677520881	0.118311109382	-0.130522500081	-0.0418063793534	0.0382115820024	0.0440949440581	0.0114084825146	0.0131935095179	0.0286367587855	-0.0039613645515	-0.0	0.0	0.0	0.0
MCT.f.0011	0.168010478736	-0.0907929335463	0.197528023451	-0.0904336512671	-0.0546338848973	0.0499265382534	-0.026195779248	-0.0473560816269	0.0145877164097	-0.0349462693292	0.0036987671468	-0.0	0.0	0.0	0.0
MCT.f.0012	0.209590620258	0.00486726679498	0.196655561612	0.0783017967399	-0.113779824525	-0.0894452694612	-0.0423946896346	0.0107166783405	-0.0343338206614	-0.000117175171533	-0.00535593711679	-0.0	0.0	0.0	0.0
MCT.f.0013	0.261520234857	0.0656800435537	0.174672249558	0.0921793511103	0.0662645383155	-0.0263864837542	0.0159224710478	0.0255747848201	0.0534583837562	0.00404927332798	0.00917620451806	-0.0	0.0	0.0	0.0
MCT.f.0014	0.278775782618	0.0910324425811	-0.00317705831723	0.159587480043	0.127918811899	0.042842116254	0.0299827351671	-0.00247768632021	-0.031976253736	-0.00647900936684	-0.00382541417178	-0.0	0.0	0.0	0.0
MCT.f.0016	0.26102616375	0.123315918202	-0.281367590044	-0.000526499741776	-0.024084562658	0.0225000466472	-0.050072198087	-0.058749857401	0.000465145810269	0.0311810913534	-0.00183745532642	-0.0	0.0	0.0	0.0
MCT.f.0017	0.211381024734	0.143138895673	-0.344551794323	-0.105256144641	-0.0529727123287	-0.022310796077	0.0355311573119	0.0516482430088	0.00489138943255	-0.026719839695	0.00270075767375	-0.0	0.0	0.0	0.0

Biplot	0	0

Site constraints	0	0
