Eigvals	13
0.724083245993	0.283805710511	0.140898444751	0.0513274505436	0.0192297998516	0.0118776081514	0.00787267894418	0.00557299675627	0.0	0.0	0.0	0.0	0.0

Proportion explained	13
0.581748131642	0.228017210387	0.113201634534	0.0412378668073	0.0154497431027	0.00954279275028	0.00632512393035	0.0044774968466	0.0	0.0	0.0	0.0	0.0

Species	0	0

Site	13	13
MCT.f.0141	-0.198980634629	0.206973128425	0.221969080144	-0.0854473717313	-0.00765185928403	0.0193138236656	-0.00895416376361	0.00865264719374	-0.0	0.0	0.0	0.0	0.0
MCT.f.0142	-0.278047386491	0.156197180368	0.073280145424	0.066870609324	0.0218218714688	-0.060221104907	0.0180022550068	-0.0197293523728	-0.0	0.0	0.0	0.0	0.0
MCT.f.0143	-0.301214246159	0.0568419912255	-0.0435786730032	0.101715522998	0.0105842459642	0.0438951777614	-0.00183965121718	0.0251529227559	-0.0	0.0	0.0	0.0	0.0
MCT.f.0144	-0.291177170259	-0.00669996339072	-0.107695439075	-0.0199119892312	-0.0548298368367	0.0239334811796	-0.0177496644296	-0.0358572376701	-0.0	0.0	0.0	0.0	0.0
MCT.f.0145	-0.224823982937	-0.101470774454	-0.0895719762975	-0.0126776600507	-0.0212879095981	-0.0147443934152	0.0155659387525	0.021508169815	-0.0	0.0	0.0	0.0	0.0
MCT.f.0146	-0.130667124609	-0.183705934399	-0.10817872734	-0.0206980876091	0.0513901015104	-0.0349207118982	-0.0189894065677	0.0027780448672	-0.0	0.0	0.0	0.0	0.0
MCT.f.0147	0.00580309566869	-0.207676940113	0.0251402265819	-0.0654944118241	0.0165211450309	0.0444559371228	0.0312708964057	-0.00828368736477	-0.0	0.0	0.0	0.0	0.0
MCT.f.0148	0.115544620873	-0.17608915253	0.104377534046	-0.0661586695448	-0.031729428038	-0.0365497587783	-0.00854234517648	-0.000587642157701	-0.0	0.0	0.0	0.0	0.0
MCT.f.0149	0.185288277064	-0.140962685312	0.12213059341	0.0687251820207	0.0261964957106	0.00731472522646	-0.0104449483759	0.0242851535607	-0.0	0.0	0.0	0.0	0.0
MCT.f.0150	0.305727275695	-0.038637562808	0.0537655546171	0.086831725568	0.0124181699328	0.0185502802942	-0.0157223421448	-0.0403752486838	-0.0	0.0	0.0	0.0	0.0
MCT.f.0151	0.306339184057	0.0768195173252	-0.0470269050992	0.0319832096233	-0.0569498386292	-0.00946812478081	0.0536855825341	0.00680309052072	-0.0	0.0	0.0	0.0	0.0
MCT.f.0152	0.274241178682	0.136666123484	-0.0856137055472	-0.00684799343363	-0.0405017491754	-0.00917183533961	-0.0464219981404	0.0192822358439	-0.0	0.0	0.0	0.0	0.0
MCT.f.0153	0.231966913044	0.221745072178	-0.11899770786	-0.0788900661089	0.0740185919438	0.00761250386914	0.0101398471166	-0.00362909630806	-0.0	0.0	0.0	0.0	0.0

Biplot	0	0

Site constraints	0	0
