Eigvals	17
422.21227779	365.60392709	237.070280877	133.472052435	118.793423164	99.7743556244	66.2713096524	63.5367439534	48.8688668896	45.6241492498	33.729711943	28.3041066043	27.9832382762	22.960764827	17.5353109809	13.7401821546	0.0

Proportion explained	17
0.241888826055	0.209457444459	0.135819479798	0.0764672174947	0.0680577121596	0.0571615346638	0.0379673688715	0.0364007140832	0.0279973687749	0.0261384438168	0.0193240245589	0.0162156514133	0.016031823355	0.0131544077269	0.0100461213726	0.00787186139767	0.0

Species	0	0

Site	17	17
sample1	-1.05601667291	0.427184516607	7.26331674217	-1.98873519787	4.23638397776	-0.858028766156	-1.7798681779	-1.76293848085	0.551207934736	-1.81882541883	1.96761157801	-1.28053324925	1.62942098002	-1.35805998362	0.0773725304755	0.225875583768	0.0
sample2	5.31247884531	3.00101469268	-0.254911697077	2.70608820282	1.22198517387	0.837263758451	2.2887651266	-0.85305134173	2.55027436604	0.964698143102	0.0890383908593	-1.18131836539	-0.897625323045	-0.767968495272	-0.865138845745	-2.29783059957	0.0
sample3	0.722374930476	2.84837701558	-1.42625868975	-0.110174823121	-5.16218385541	0.919008930884	-1.3585926072	-1.96029817582	0.895657346667	2.48264987364	-1.61684954456	-1.87281321183	2.02747660702	-0.806324400088	0.363276783779	0.847578770261	0.0
sample4	3.56139105456	3.14737120584	6.36682320096	-0.503077146041	0.601482626886	0.585054552095	0.51969576626	-1.34725315158	0.707277892884	-1.7719399821	-3.22312766326	0.655423713236	-0.318828403798	2.42715668211	-0.119982378412	0.347433428209	0.0
sample5	5.75720857917	1.90898098796	2.541016986	-3.03618320865	1.89661616007	-1.19297457495	3.79255691239	2.08117588338	-1.44871822486	2.72691569695	-0.221207925937	1.64767962768	0.70798743045	-1.20293178708	0.550800116028	0.587404819839	0.0
sample6	3.75003302561	2.79689782978	1.83226769817	3.01509114989	-0.674811695336	-3.19818703003	-2.36507329722	4.01520843469	1.26242971982	0.879461738	1.40197674252	-1.15537358231	-1.35993095473	1.16400656433	0.882379873745	0.695506546949	0.0
sample7	5.66175062055	-16.6299546152	-0.245443200395	0.137397264985	-1.43106179823	-2.1034002738	0.723648812285	-1.32679049851	0.186367127696	-0.133001014839	0.139211323124	-0.2385538407	-0.104994113372	0.367735484721	0.137287610193	0.0512668119989	0.0
sample8	2.65595225529	-1.27338030601	-4.37981176968	-1.06825470244	1.00017586064	0.459225511645	-1.77368289376	4.22242558462	-1.12323655759	-1.87159242235	-1.43370439557	-0.434945354836	1.95356413479	-0.178447193141	-1.67237088953	-0.57986779384	0.0
sample9	2.38761008205	1.20867209504	-3.68567854112	4.0912161628	-0.0263817120051	2.66827638682	1.22400296938	-0.497075081925	1.64689334303	-2.15347657746	0.850626226579	1.40767380236	-0.524985518488	-1.23604179627	-0.705668118966	1.99519784245	0.0
sample10	3.31412865053	2.44813722277	-2.71959989183	0.64091646271	-1.07275582806	2.177067536	-0.825350834237	-1.28055357725	-0.855089213108	0.0647386251612	2.54528609813	1.87485896257	1.98323592929	1.97302608186	1.03231706498	-0.973882419454	0.0
sample11	1.7810200855	1.08022897118	1.39476155178	-1.42290074375	-3.69734489348	1.12520414382	-2.01404808606	0.080250460354	-2.04435160643	-1.95683294109	-0.650386297127	0.755654675182	-2.11070082338	-2.01574174072	1.42784784234	-0.933495061798	0.0
sample12	-0.689965863539	0.196087255323	1.43234943298	-2.55991992851	-0.44604404552	1.71507793352	-1.90719706922	-1.27342382361	-1.99300997709	2.32311734871	1.26700944839	0.128989874783	-1.89961293973	0.617943729256	-2.53131628563	0.404054819558	0.0
sample13	-2.24578806685	2.45506970803	-4.46693033721	1.97318287967	2.36185031973	-0.949805988306	2.50419415122	-1.41683956611	-3.91505324123	-0.889395714397	-0.0871824670782	-2.48831064448	-0.579650478384	0.667750152071	0.677956496636	0.362829421602	0.0
sample14	-12.1067585284	-4.25231427212	5.75468760367	4.15596349619	-1.43295480835	3.26258788147	1.54041190656	2.22612332356	-0.537954739651	0.671104871499	-0.0455741890277	0.118958991045	0.581623227413	0.0654044574405	0.075734611648	-0.34646882357	0.0
sample15	-5.21670111262	-2.13992455782	-4.68179411998	-6.08470539473	2.64473171159	3.42647271888	0.13213296932	0.938638599982	2.64680697277	0.336597800162	-0.102043524322	-0.59444370535	-1.07566543704	0.589688941973	1.23046243377	0.173808220948	0.0
sample16	-7.7591550317	3.33127350386	-1.49823806823	-3.01781436128	-4.22856246249	-5.47218244238	2.23007268292	-0.237735710608	1.22057489302	-1.52694394376	0.80864175809	0.671816575697	0.113221264497	0.237296985546	-0.82368868045	-0.273075544527	0.0
sample17	-5.82956285301	-0.553721253554	-3.22655690046	3.07190988732	4.20887526832	-3.40066027795	-2.93166833134	-1.60786287858	0.24992396331	1.67272391761	-1.68932555881	1.98523573159	-0.124535581526	-0.544493683116	0.262729835129	-0.286336022822	0.0

Biplot	0	0

Site constraints	0	0
