Eigvals	8
0.4851166984	0.345251206267	0.303826300594	0.204454894987	0.139960521228	0.0797428546927	0.0466410150837	0.0

Proportion explained	8
0.302254620373	0.215110658173	0.189300643429	0.127386743997	0.0872031705988	0.0496842230995	0.0290599403287	0.0

Species	0	0

Site	8	8
sample1	-0.103885628123	0.352271051996	0.198041379804	0.250282429231	0.0844533784158	-0.00624275014017	-0.0172784882732	-0.0
sample4	-0.0745354202233	-0.181757287396	0.0875463852304	0.0230963809871	0.00693234450603	0.22245027396	0.0745431538301	-0.0
sample5	0.0201631827807	0.148690092056	0.25077594123	-0.274798699108	-0.177107859171	-0.0179964669418	-0.0161843929852	-0.0
sample7	0.630821927812	-0.0165466756377	-0.08434463741	0.0748398553838	-0.0187749985668	-0.00523495965706	-0.00338260062035	-0.0
sample9	-0.0563839551675	-0.267919401131	0.0939251926201	-0.0698280091323	0.182650042461	-0.0349809137424	-0.128485304244	-0.0
sample10	-0.0959999213556	-0.161220567253	0.0299809179877	0.0130695043741	0.0373660701351	-0.165377742787	0.14062200683	-0.0
sample12	-0.218284922044	-0.109914952091	-0.212552879046	0.157469244777	-0.230430879149	-0.0214857686923	-0.0635672579431	-0.0
sample13	-0.101895263681	0.236397739457	-0.363372300417	-0.174130706513	0.114911901369	0.0288683279999	0.013732883406	-0.0

Biplot	0	0

Site constraints	0	0
