Eigvals	14
238.270255763	132.024035222	104.275754415	99.4326670943	57.2644353024	41.8159563209	37.7732561949	32.7892249306	28.2498126849	23.6067056511	17.5060716441	15.709911764	12.2089022402	0.0

Proportion explained	14
0.283342381462	0.156998213773	0.124000960548	0.118241736046	0.0680967979812	0.0497260247995	0.0449185918382	0.0389917618897	0.0335936568177	0.0280722416494	0.0208175880527	0.0186816596033	0.0145183855395	0.0

Species	0	0

Site	14	14
sample7	-2.34055179621	1.91233911567	2.09746067827	-2.85360651816	1.00359566798	-1.48086505467	0.75099544379	-3.03123847381	0.946319477535	-2.51562954686	-1.10409398804	0.261509181366	-0.425688885809	0.0
sample1	2.27060767731	2.64386739319	3.23171397546	2.74883538069	-0.14739794841	-0.820744844174	0.0473764819549	0.0708099102072	-2.27726153301	-0.464694867323	2.07339026061	0.428585340752	-1.60560896547	0.0
sample2	6.45296723164	0.772658377134	-3.63508149482	0.731516017616	0.109712166385	-0.0888872961808	0.382614062593	-1.68401891015	-2.9099752071	0.845288239375	-1.75598072423	0.0379865027187	0.496264513309	0.0
sample4	-2.6286231068	2.55899588329	-0.197752740828	0.0457404225344	1.8266553275	0.423837377007	-0.520412315562	-1.13715175686	0.381885071807	1.26229949652	0.892168271275	-3.10564806531	0.318905814324	0.0
sample5	-5.68517938022	2.20754466449	-1.95777955274	-3.87962105128	0.728463062886	0.299193408552	0.722499367307	1.8547534092	-0.244846934633	1.8191381918	-0.911067454247	0.68681830218	-1.63138372262	0.0
sample6	-4.13707415023	-0.24376125047	2.18238922773	0.710134396942	2.50146249779	3.94930621699	-1.56408958184	-0.206395284462	-0.884012447585	-0.281255145312	0.0976308735786	1.34273240253	1.16356781001	0.0
sample8	5.62847460612	-1.78732047919	1.04108669165	-0.973399888689	3.90989535571	-1.41692811395	2.71353292784	1.16209342119	1.27238179793	0.728384586328	0.792621469986	0.626227319707	0.854243075123	0.0
sample9	4.8378811448	-1.23462320388	-2.38582846124	-5.12996115918	-2.01037816382	0.441688000406	-2.66588424123	-0.900554286413	0.941258549376	0.192662493801	1.66231765539	0.569301256071	0.00766795826833	0.0
sample10	3.66014236655	-0.0971814787441	4.85688796278	-1.95260351769	-1.64904367181	-0.128084273639	-1.28706674249	2.89867711947	-0.422359555824	-0.787591484797	-1.48999454835	-1.1673162014	0.407136505974	0.0
sample11	-0.451861586712	0.425006805161	3.49577725282	2.80748094263	-3.55527323586	0.164231077578	0.851532196117	-1.51403439281	1.82990183971	2.42375398528	-0.51070123705	0.72069158211	0.222539137082	0.0
sample12	1.38844829811	-4.35507859504	-2.06337738002	1.26801533052	-1.35153957581	3.3751497398	2.58678994793	0.228238304916	0.66749984947	-1.46490159055	0.0523439722673	-0.856106445257	-1.00831416064	0.0
sample13	-4.8153685316	3.4938655274	-3.05751463586	0.312098364211	-2.77744477838	-1.13807436071	1.62515132899	1.33112382554	-0.491635098589	-1.21614569037	0.918372687518	0.247475282967	1.69467935257	0.0
sample14	1.59194928912	2.0187749437	-3.36655999733	5.07902659216	1.36666003771	-0.858585217624	-2.52901524438	1.12478672111	2.22099654809	-0.786450152423	-0.741548297264	0.351528544655	-0.502637964936	0.0
sample15	-5.77181206188	-8.31508770272	-0.241421525857	1.08634468768	0.0446332581181	-2.72123665938	-1.11402363103	-0.197089607112	-1.03015235718	0.245141484539	0.0245410585585	-0.143785003085	0.00862953281119	0.0

Biplot	0	0

Site constraints	0	0
