Eigvals	14
0.645848667165	0.565763788686	0.325144762852	0.189423018488	0.0548462810574	0.0288382108558	0.0128925666693	0.00875853961149	0.00450564515548	0.0	0.0	0.0	0.0	0.0

Proportion explained	14
0.351765311033	0.308146606498	0.177092025501	0.103170371641	0.0298723526052	0.0157069027577	0.00702201298077	0.00477039059963	0.00245402638435	0.0	0.0	0.0	0.0	0.0

Species	0	0

Site	14	14
MCT.f.0378	-0.140031604977	0.231715312576	0.287093666873	-0.157305502759	0.111273743311	0.00101175636117	0.0134292739589	-0.0203067208391	0.00399747499045	-0.0	0.0	0.0	0.0	0.0
MCT.f.0379	-0.205497542477	0.278749899985	0.169328742272	-0.0483841324597	-0.0565643264234	0.0186402961883	-0.0166478570468	0.0523614141692	-0.00776695752439	-0.0	0.0	0.0	0.0	0.0
MCT.f.0380	-0.217330595191	0.165490159238	-0.0295428679172	0.0815292497915	-0.0723847449729	-0.0168159021567	-0.0227861810784	-0.0556563800218	-0.0256090143013	-0.0	0.0	0.0	0.0	0.0
MCT.f.0381	-0.234940926875	0.124627941777	-0.0844785008722	0.149223192519	-0.0187165272664	-0.0103522663101	0.0143467965032	-0.0107576121811	0.0471678772404	-0.0	0.0	0.0	0.0	0.0
MCT.f.0382	-0.26500295373	-0.0298170305271	-0.171195260142	0.0885846564069	-0.0197164605573	0.0126090259874	0.0149532291397	0.0360385875086	-0.0157847573337	-0.0	0.0	0.0	0.0	0.0
MCT.f.0383	-0.186629635678	-0.166976262542	-0.188418301319	0.0103046776005	0.123774079211	0.0295857947973	-0.00717502950031	-0.0115711993463	-0.00962590268987	-0.0	0.0	0.0	0.0	0.0
MCT.f.0384	-0.130785380728	-0.311160254824	-0.039224990004	-0.112370188786	0.0317905988405	-0.0840623136821	-0.00970468974634	0.0184323070658	0.0119354582454	-0.0	0.0	0.0	0.0	0.0
MCT.f.0385	-0.0391994749954	-0.342822072315	0.0561429978814	-0.13194836119	-0.0640024467911	0.046452673618	0.0259101342557	-0.0142681657941	-0.0139472185989	-0.0	0.0	0.0	0.0	0.0
MCT.f.0386	0.136433545471	-0.266009513042	0.162599202101	0.060656636073	-0.0287330922706	0.0453448993614	-0.0480722805189	0.00489854538294	0.0121442535906	-0.0	0.0	0.0	0.0	0.0
MCT.f.0387	0.182135570658	-0.140328662793	0.211559993056	0.11814337953	-0.0453192669933	-0.0607440342087	0.0289362949113	-0.00944350698127	0.00177834102935	-0.0	0.0	0.0	0.0	0.0
MCT.f.0388	0.286770954364	0.0541154538307	0.0269289352548	0.16653385083	0.0627172904461	0.0649307684549	0.0409728118682	0.00890872747842	-0.00473921757057	-0.0	0.0	0.0	0.0	0.0
MCT.f.0389	0.311595885899	0.111094012094	-0.0498239022426	0.0661010460569	0.052436511013	-0.0449539014451	-0.0600642756026	0.00655312594983	-0.0119596038124	-0.0	0.0	0.0	0.0	0.0
MCT.f.0390	0.267380077553	0.155037350476	-0.158949011816	-0.104722844747	-0.024740667112	-0.0549387420297	0.0437667961633	0.00651996718203	-0.0092352529213	-0.0	0.0	0.0	0.0	0.0
MCT.f.0391	0.235102080706	0.136283666066	-0.192020703126	-0.186345658866	-0.0518146904342	0.0532919450639	-0.0178650233071	-0.0117090895732	0.0216445196562	-0.0	0.0	0.0	0.0	0.0

Biplot	0	0

Site constraints	0	0
