Eigvals	8
0.60811370728	0.332939163607	0.133394669567	0.0465286070087	0.019793251959	0.0	0.0	0.0

Proportion explained	8
0.533073299116	0.291854921578	0.116933947943	0.0407870398981	0.017350791465	0.0	0.0	0.0

Species	0	0

Site	8	8
MCT.f.0039	-0.111281003766	0.470216784699	0.122332935748	-0.0560062293087	0.010944040214	0.0	0.0	0.0
MCT.f.0042	-0.317828168507	0.0765559380084	-0.0909395253261	0.146543206918	-0.0322504049204	0.0	0.0	0.0
MCT.f.0043	-0.275661072951	-0.0859838846075	-0.101946570044	-0.0105153706138	0.0414709377448	0.0	0.0	0.0
MCT.f.0044	-0.226433793962	-0.193702945022	-0.00288760924003	-0.0803506024635	-0.0486055877881	0.0	0.0	0.0
MCT.f.0045	-0.0993594683861	-0.224639707619	0.148948273906	-0.0361595377893	0.0556597041899	0.0	0.0	0.0
MCT.f.0048	0.313029466106	-0.0877675804611	0.174757539704	0.0517970277563	-0.0706633169709	0.0	0.0	0.0
MCT.f.0049	0.391682895746	-0.00789504816585	-0.0364877216077	0.0673210360069	0.0742390949745	0.0	0.0	0.0
MCT.f.0050	0.32585114572	0.0532164431678	-0.213777323141	-0.0826295305057	-0.0307944674437	0.0	0.0	0.0

Biplot	0	0

Site constraints	0	0
