Eigvals	14
0.68258084659	0.635844240384	0.529295000395	0.474015169879	0.372969676513	0.310529709809	0.235072274503	0.217358396435	0.16152191416	0.143476745714	0.138930784809	0.120720185641	0.112493365145	0.0

Proportion explained	14
0.165081618159	0.153778408264	0.128009561923	0.114640180232	0.0902024104994	0.0751013557411	0.0568520368733	0.0525679499846	0.039063942522	0.0346997333269	0.0336002964089	0.0291960779293	0.0272064281368	0.0

Species	0	0

Site	14	14
sample3	-0.303152116934	0.216703195445	0.0831225803811	-0.198124064926	-0.117798971108	0.3006070415	0.109912645662	-0.150245731557	0.0486893085605	-0.0497926295352	0.0352837355703	0.041242786342	0.0982170761465	-0.0
sample4	0.388348207945	-0.17120345657	-0.0786324594568	-0.307781237952	-0.0326774828532	0.100684269571	0.0998677024488	0.0728298033487	-0.078192406677	-0.00662840263225	0.146430881435	0.0678993210056	-0.114713341144	-0.0
sample5	0.224505607894	-0.172451411676	-0.0149436679144	-0.232434642771	-0.135339603513	-0.115822439843	-0.0702686309755	-0.0626407947491	0.0512811338413	0.161225802143	-0.160504934961	0.0352892274985	0.137880386202	-0.0
sample6	-0.0497475473624	-0.220319882555	-0.0279578193717	-0.0942877712039	0.194928139624	-0.178868786058	-0.0451664928602	-0.29213312281	0.0201127496715	-0.157037125743	0.00761425321322	-0.0558350619459	-0.0492141627058	-0.0
sample7	-0.186199080616	-0.267997760761	-0.114362442485	0.0866045458565	0.172472303494	-0.075142395714	0.0482640340167	0.180936016574	-0.0338015228299	-0.0518658976631	0.108776838178	0.0450982687299	0.194990120714	-0.0
sample8	-0.280804835209	0.0736590792019	-0.191589918802	-0.0275880015662	0.321222103679	0.0805391598545	-0.0291497845111	0.00758866392115	0.0139848161829	0.209361027554	-0.0384228628849	0.0360732487004	-0.108176340254	-0.0
sample9	-0.131459100253	-0.0432603291832	-0.117377934042	0.284504980309	-0.26963884182	-0.0739475029625	0.0649806312374	-0.128405580308	-0.235031798535	0.0768767870802	0.0246162161804	0.0168737993316	-0.0285534316265	-0.0
sample10	-0.170214335527	0.229191352582	-0.296768767527	-0.132896564387	-0.203375118708	-0.0911864603647	-0.241697842519	0.142837933935	0.0267223216728	-0.116057687874	-0.0136717464732	-0.00530742620127	-0.0473495304038	-0.0
sample11	-0.0010508052147	0.360264639412	0.192016562604	-0.101436034013	0.0727613362437	-0.249780996937	0.254485386158	0.101813877458	-0.0504818282835	-0.0357949488479	-0.0929297070837	-0.0239074887626	-0.018896193817	-0.0
sample12	-0.173084013439	-0.255973320367	0.185017494041	0.119155887355	-0.198035050771	-0.0577302832009	0.0844459791426	0.0718446233801	0.237685607182	0.056604843684	0.0629020535373	-0.0692652696581	-0.0929033661084	-0.0
sample13	-0.0398580991797	-0.237488479582	0.310634822243	0.0883236005976	0.0339034610926	0.193046693847	-0.103077754029	0.104342806059	-0.101452911997	-0.100336189103	-0.18418333991	0.0430715569654	-0.0550738439479	-0.0
sample14	0.298315402769	0.0535785761382	-0.28505333506	0.187883562438	0.0413291696236	0.187916848606	0.0895350598034	0.0161410315422	0.0396114226147	-0.0343801732219	-0.0754593877937	-0.203128283555	0.0357580227736	-0.0
sample15	0.303342950169	0.230257044096	0.0176647865892	0.32031507564	0.0525381707381	-0.0199892009784	-0.0435183960542	-0.0620048430705	0.130319986453	-0.0374033519998	0.0265542485389	0.20227266924	0.00142843487496	-0.0
sample16	0.121057764957	0.205040753818	0.338230098801	0.00776066462372	0.0677103842779	-0.000325947320352	-0.21861253752	-0.00290468372349	-0.0694468778564	0.0852279461586	0.152993752454	-0.130377347691	0.0466061692966	-0.0

Biplot	0	0

Site constraints	0	0
