Eigvals	11
1.12565627605	0.604196237148	0.464881508021	0.41685355964	0.198698437725	0.150472637409	0.094637154961	0.0913693029098	0.0400047761811	0.0	0.0

Proportion explained	11
0.353227975314	0.18959518823	0.145878593077	0.130807549344	0.0623510465395	0.0472179173898	0.0296968900254	0.0286714466567	0.0125533934239	0.0	0.0

Species	0	0

Site	11	11
sample2	-0.548579829994	-0.230107110982	-0.0730864379348	0.0758120766853	-0.183794383972	0.191572946771	-0.0680897922508	0.0752923309992	-0.0110562739779	0.0	0.0
sample3	-0.569578209673	-0.242744498612	-0.157822203112	-0.00653732628392	0.207613207258	-0.143690644795	0.0424525100696	-0.0933219318901	0.00624306981281	0.0	0.0
sample4	-0.0319112688495	0.406507540011	-0.214412686052	0.0643034525238	0.0610893818337	0.112099183724	0.186240277594	0.0490061001952	-0.0346876460377	0.0	0.0
sample5	-0.0334801464687	0.452055341781	-0.191358410131	-0.0112911938633	0.000593379672792	-0.0498999900854	-0.203358112509	-0.0467913520426	0.0228584277538	0.0	0.0
sample6	-0.0913309977475	0.0676434214453	0.157351680586	-0.537134960754	-0.135217978087	-0.0622567045577	0.051975533172	0.00698732185994	0.000586950525447	0.0	0.0
sample8	0.330894457473	-0.1564764307	-0.0189299166598	-0.0728643013214	0.142164245983	0.121296860843	-0.0036897926997	0.048735227815	0.139588646434	0.0	0.0
sample9	0.339355910774	-0.158333761947	0.0291679276073	-0.0342562777587	0.0994547304389	0.0453073211365	-0.0589013474586	-0.00523551276726	-0.128689884026	0.0	0.0
sample10	0.354764304463	-0.159242896672	-0.0210190738602	-0.0502296841184	0.0530510830446	0.0299154691392	-0.0286630518341	-0.0195546796309	-0.03530432023	0.0	0.0
sample11	0.207612511282	-0.0976953629076	-0.0954107730913	0.182682741241	-0.117715655807	-0.237543512624	0.0208302802707	0.166204891767	0.00840317487961	0.0	0.0
sample13	0.239426424476	-0.0562984448273	0.0233989049798	0.189904659914	-0.213503272418	0.0030277933176	0.0683238382505	-0.203585162425	0.0269956083357	0.0	0.0
sample14	-0.197173155736	0.174692203412	0.562120987668	0.199610813736	0.0862652620528	-0.00982872286951	-0.00712034260451	0.0222627661195	0.00506224653032	0.0	0.0

Biplot	0	0

Site constraints	0	0
