Eigvals	13
232.963784916	207.510587151	121.298553645	81.1779731199	67.6638342177	48.9080580638	36.2063579996	34.2440931705	24.6260118327	15.3196549364	12.7423941392	11.992543911	0.0

Proportion explained	13
0.260395443076	0.231945112429	0.135581548146	0.0907367395588	0.0756313007951	0.0546670181123	0.0404696834612	0.0382763604956	0.027525742959	0.0171235556478	0.0142428204836	0.0134046748358	0.0

Species	0	0

Site	13	13
sample2	-5.54055916151	1.50053349205	4.86831118346	-1.19718238141	3.56225669777	2.63450223557	-1.71317078761	0.11759617696	-1.31890005089	0.183357599509	0.629084269622	0.794273229302	-0.0
sample3	-3.98141547778	-1.50305767963	0.765628021007	-1.38759971456	-0.861889729457	1.06353030948	-0.572519585297	0.987960247031	0.848335789452	1.12417825793	-2.24691768185	-1.68235777938	-0.0
sample4	0.00772054201815	4.34884824915	0.0896413780483	-4.27618388341	-3.33174194107	0.106457667172	-0.160903617901	-2.90116883267	1.5646823498	0.551017086286	0.269606688236	0.922019445683	-0.0
sample5	-3.78804744546	-3.70167429969	0.41799686516	0.158287974579	-1.02113116509	0.175213018741	0.958749420263	0.770631154036	1.59948269192	-0.381794587651	2.39038744808	-1.44084111918	-0.0
sample7	-1.52910293423	5.03963238342	-1.42172965525	0.101085876688	-2.75056431144	0.0822514762875	2.24969381953	0.462059290076	-3.45306369096	-0.0420258599338	0.177417478061	-0.59087465951	-0.0
sample8	-3.29215403526	1.05511691863	-0.882010507366	3.08062481747	-1.46897797989	1.0639540995	1.36693842261	2.33187708608	1.55104430358	-0.944926911235	-0.692733588657	1.86102839728	-0.0
sample9	-0.769532890555	5.06079905297	-2.86659790664	5.1766351171	1.68649362399	-0.0112725325489	-1.65955063577	-2.55866220071	0.5695378773	-0.503004749382	-0.122792359598	-0.841900015788	-0.0
sample10	5.12681483647	5.570094681	4.7507685049	-0.136556320973	1.32706555585	-3.93347776504	-0.0190844267942	1.88860871306	0.713017227043	0.120754256267	0.0304209187423	-0.273099865355	-0.0
sample11	-1.36248809008	-5.20351597315	0.214644062389	-2.20448921432	0.253501288487	-2.30592880065	-0.550854828813	-1.11830052359	-0.819955763632	-2.75322938549	-0.777971242903	0.0492604590943	-0.0
sample13	2.50222986294	-3.94764133415	0.631009441119	0.613671892071	3.4293170249	0.136653404002	4.01572726262	-1.9642235075	0.142283759573	0.974043750846	-0.384103966927	0.281404596037	-0.0
sample14	7.1777516477	1.06072957265	-5.66082195602	-3.1515774509	2.29354120576	2.38132217305	-0.596522651798	1.68644204428	0.195263401475	-0.48401030456	0.229581958158	-0.170425326728	-0.0
sample15	-2.6389024679	-4.19688817902	-4.34844120879	0.422473755606	0.146037490992	-3.1670277972	-1.76612604417	0.639398861189	-0.81335866311	1.8914326907	0.414105412204	0.934925098934	-0.0
sample16	8.08768561364	-5.08297688424	3.441601778	2.80080953206	-3.26390776081	1.77382251164	-1.55237634687	-0.342218508232	-0.778369231552	0.264208156707	0.0839146668279	0.156587539611	-0.0

Biplot	0	0

Site constraints	0	0
