Eigvals	11
0.491459449782	0.45375886085	0.399075144655	0.338405285564	0.273921386326	0.238915700742	0.198076252487	0.158079173008	0.123590912956	0.112773937378	0.0

Proportion explained	11
0.176273156455	0.162750979164	0.143137415391	0.121376784746	0.0982481614908	0.0856925728363	0.0710445719584	0.0566987058816	0.0443287037122	0.0404489483645	0.0

Species	0	0

Site	11	11
sample2	-0.244476316801	0.101925210913	-0.0097969536608	-0.0960944666451	-0.00403256402372	0.0240187845451	-0.0636146995285	-0.268677268283	-0.175376289561	0.031205730322	-0.0
sample3	0.0869561577949	-0.24676614924	-0.00616970289711	-0.346117101598	-0.0840288901481	0.245941265088	0.150046773024	0.0109588976878	0.0307678014134	-0.0222101350031	-0.0
sample4	-0.232488577216	0.196010376301	-0.235336702003	-0.0463152500964	0.0200132343342	0.0487428096692	-0.0891970935886	0.0206988247926	0.213590078553	0.128276874799	-0.0
sample5	0.158195926216	0.239695533097	0.40321513747	-0.0828556953883	-0.143970624459	0.022696598351	-0.195112763034	0.0660740641921	0.0208695209074	-0.0174679605495	-0.0
sample6	0.0868221162306	0.0619970352009	-0.0285984303153	0.365215205228	0.050285054007	0.254803008361	0.0289452354253	-0.072542834912	0.0428809335569	-0.132513388974	-0.0
sample8	0.0529493646091	-0.0785888989273	-0.0506072039687	0.208277413727	-0.366532638668	-0.108335289309	0.130373972374	0.0131652047913	-0.0342832177756	0.115928570464	-0.0
sample11	0.0896241543912	0.113162107143	-0.352590729936	-0.104338940421	-0.0587325904147	-0.137583428124	-0.0753878637558	0.10646124767	-0.0767620390075	-0.177997634045	-0.0
sample12	0.164043667205	-0.40865184529	-0.0487742799327	0.083478936787	0.149589860647	-0.00736842139678	-0.232674809515	0.0347332877122	-0.046561138763	0.0945932184866	-0.0
sample13	0.374332006514	0.214827771354	0.0132551310437	-0.0426416412734	0.242623072819	-0.12015928074	0.179255125215	-0.045470546385	-0.00521663199983	0.0860082138009	-0.0
sample15	-0.178486844645	-0.223073370679	0.179857226746	-0.00127435417942	0.0465106807234	-0.252919030738	0.0545620148582	-0.0937519229742	0.145959094957	-0.123338226602	-0.0
sample16	-0.357471654299	0.0294622301279	0.135546507454	0.0626658938598	0.148275405184	0.0301629842923	0.112804108526	0.228351045708	-0.115868112281	0.0175147373014	-0.0

Biplot	0	0

Site constraints	0	0
