Eigvals	15
0.622046898525	0.476756648708	0.435954756189	0.399522894454	0.372577926345	0.324370590532	0.261647684763	0.21776446065	0.185402278365	0.170423883362	0.135028647718	0.106148889798	0.0821497298309	0.0443174721971	0.0

Proportion explained	15
0.162240115831	0.124346016503	0.11370420833	0.104202176439	0.0971744832578	0.0846012130355	0.0682420421733	0.0567965717754	0.048355979571	0.044449366507	0.0352177038391	0.0276853854861	0.0214260077735	0.0115587294779	0.0

Species	0	0

Site	15	15
sample1	-0.257695726642	0.0711147326596	-0.126522337381	0.177338540213	0.0712894836184	-0.142901180429	0.226309249373	-0.228224409423	0.0472775607145	0.158477178825	0.0109288018041	0.0259037449827	0.035400159508	0.0177684578323	-0.0
sample2	-0.225752635972	0.017070870892	-0.336351560749	-0.0493584802997	0.231631469989	0.212515273538	0.0937884330227	0.176512551502	0.0381623968877	-0.0785142737021	-0.0466450388106	-0.0706908332025	0.0201702218028	-0.0240844910048	-0.0
sample3	0.051306591466	-0.101466810227	0.233646174718	0.328055291965	0.255693234058	-0.0115970056931	-0.0110060830517	0.139296160753	-0.120062053138	-0.0427623931491	0.0660090159783	0.0667941752673	0.054782516821	0.046191998126	-0.0
sample4	-0.266336814394	-0.244757084493	0.0624075963815	-0.302253757496	0.0981474596922	-0.0953120719084	-0.124184144141	-0.050567892399	-0.221667813274	0.0823340135566	-0.0556643014281	-0.00805125938438	-0.0107155875809	-0.00878509968274	-0.0
sample5	-0.272469609135	0.0481540729003	-0.0715391493779	0.292804767382	-0.362331110729	0.0997738182468	-0.193356889774	0.0250449900734	-0.0738262458946	0.00626856555321	-0.0371188521774	-0.034382640907	-0.00428804866575	-0.0110828346916	-0.0
sample6	-0.180550583902	-0.314427610627	0.275177099548	-0.0908188056643	-0.108466477536	0.177851611187	0.0638162034647	-0.00847692425489	0.23720795693	-0.0152744895046	0.0171583146096	0.0236983414719	-0.0112807659758	0.0300342676394	-0.0
sample7	0.132384134667	0.162840375725	0.27167076601	0.0709478270655	0.0628055106096	-0.0363832584012	0.0861922176798	0.0636049397724	0.0193320742412	0.0957206074763	-0.135642994258	-0.125568437683	-0.118730963572	-0.0644832908395	-0.0
sample8	-0.0497006667949	0.365715007935	0.105895844246	-0.131729006373	0.00449865646784	0.184855345776	0.047722631787	-0.13164830421	-0.0933503443111	-0.146912089726	0.0150913728302	0.122526961021	-0.0700595767096	0.0204796430593	-0.0
sample9	0.0893186570233	0.208358060942	0.0146909113424	-0.178507359167	-0.0945181496336	0.0517606927717	-0.0136151948413	0.161893004813	0.00649101785118	0.218398357248	0.190094773226	0.0143269420305	0.0598526307589	-0.0107973318981	-0.0
sample10	0.12833907895	0.163300723767	0.0965108593616	-0.0816937630255	0.0368160914889	-0.0425406186648	-0.136143097501	-0.116455429778	0.0726695841925	-0.0827577946994	-0.0732717965244	-0.123570219475	0.179667625058	0.0334770357014	-0.0
sample11	0.14387120243	-0.032093521176	-0.15199768199	0.0629589513995	0.203326572769	-0.0191216484152	-0.304715886156	-0.104866253364	0.154641891231	0.0299937162279	0.0596911682121	0.0540765325195	-0.0917964523462	-0.0344275333299	-0.0
sample12	0.26713627165	-0.0569027114814	-0.127102560557	-0.0393821295051	-0.112150212261	-0.053463501072	0.0369580994201	0.0928665408019	0.0242420399024	0.0455356831589	-0.210991099993	0.182308995902	0.0455591878432	0.00193872861487	-0.0
sample13	-0.13949512474	0.0528021200976	-0.0251063967827	-0.0701063693406	-0.103981058534	-0.401414753288	0.0369408245654	0.126208217996	0.0677801270617	-0.18166751831	0.0729612694362	0.00280026157283	-0.0396524096884	-0.00743354176927	-0.0
sample14	0.277345814386	-0.219459398501	-0.0453188949981	0.030910705358	-0.0982964804671	0.0574055666516	0.129760737882	-0.120678833781	-0.0918994886746	-0.0946667938666	0.0949650903788	-0.0243778694771	0.0429600711565	-0.122974995239	-0.0
sample15	0.302299411008	-0.120248828413	-0.176060669772	-0.0191664125124	-0.0844649895308	0.0185717297007	0.0615328982708	-0.0245083585023	-0.0669987037199	0.00582723091221	0.0324342767159	-0.105794694639	-0.0918686084098	0.134178987482	-0.0

Biplot	0	0

Site constraints	0	0
