Eigvals	14
489.25893097	247.287603485	203.846779035	134.784724817	117.857440862	72.4996147969	65.8729090785	47.3135529571	40.8457841599	38.7146464631	25.1996616423	22.7661493627	21.5277241825	0.0

Proportion explained	14
0.320242682243	0.161861215836	0.133427179664	0.088222859244	0.0771431661126	0.0474543633943	0.0431168768828	0.0309689167562	0.0267354618376	0.0253405332854	0.0164943483401	0.0149015015869	0.0140908948175	0.0

Species	0	0

Site	14	14
sample1	-4.39793631731	4.00210423816	0.44910356633	-1.3645544458	6.2709182194	-0.776459493666	-3.29075300391	-0.97264834544	0.288889559123	2.71804947226	-0.10668409287	1.40846458179	-0.238426506934	-0.0
sample2	-6.62534523126	-4.21226069164	-0.459685457883	-3.7373601977	0.570052449929	-0.539095814922	-3.2447517756	2.93034387611	-0.169617486858	-2.67303025659	-0.487083284299	-1.04361389097	-1.24354966479	-0.0
sample3	-5.40445344832	6.98121816217	2.68313368396	-0.243886930655	-0.351843657983	-1.3128283795	0.770749865834	0.524085749172	-0.0299721966336	-2.35764140527	2.09562244542	0.229179597575	2.43844268038	-0.0
sample4	-8.23687122155	-5.93132425392	7.11780076204	6.87055673836	0.153457502554	0.323862811216	0.666146195042	-0.421746268876	-0.898071072789	0.525000787103	-0.478398968678	-0.13381941574	-0.00511188328926	-0.0
sample5	1.48123728133	3.53354206205	2.44687056625	-3.4058747677	2.85820143294	2.799196761	4.36059341858	-0.39654670249	-2.03959255836	-1.07366079758	-1.71254028401	0.0747104757878	-0.934200019926	-0.0
sample6	-2.65259772877	0.867179485655	-0.806035532187	-1.78818263347	-3.05601458996	-5.4235294856	2.68806351263	-0.519376070092	-0.38294207654	1.77795175603	0.843346578675	-0.586826475806	-1.82839812966	-0.0
sample7	-6.06601450666	-2.67883784453	-0.65694085902	-3.89366769719	-3.4019717228	3.57137648363	0.0208562644024	-3.32943786487	2.70925603929	0.522746395673	0.374035906038	-0.315062683971	0.316345781838	-0.0
sample8	9.86976921668	1.74276963604	6.02221449016	0.558391563538	-1.46882568521	0.581719690008	-0.0621284787985	2.50171207058	3.48882766284	0.309778960566	0.116363943907	0.931925856624	-0.956399005636	-0.0
sample9	7.67860243161	-5.71152341481	1.37045905972	-3.48832311155	-1.9972160585	0.666109455115	-1.06161165407	0.822324843239	-3.23816446742	1.69761685496	1.07053617572	0.85921293586	1.43925868664	-0.0
sample10	-1.01850015581	6.0861792199	-3.18507509386	2.06851893557	-3.61516468413	1.09463804636	-1.20977771198	1.73905776684	-0.534143881668	1.95444806185	-2.26140086703	-1.66730725205	1.04672436347	-0.0
sample11	9.45254802837	0.167831035235	0.787383022515	1.23154607758	-0.389640667558	-2.72832297784	-2.42341968788	-3.81769213832	-0.248450213017	-2.27967278623	-1.44634783798	-0.4565681606	0.230017032865	-0.0
sample12	5.8963115654	-2.63029050413	-3.24819199701	1.7098608838	5.06732402661	0.699725142253	1.32325069765	0.259809684431	0.972393231714	0.535483401255	1.69628115291	-2.82966932075	0.388365657658	-0.0
sample13	0.852102779878	2.57219354656	-5.68858533731	4.40006931481	-1.68512425908	2.67987465375	-0.993206641821	-0.361101287357	-1.42990925721	-1.05898616535	1.76984644076	1.35041890209	-1.93336468865	-0.0
sample14	-0.828852693588	-4.78878067675	-6.83245087369	1.08290627041	1.0458476938	-1.63626689181	2.45598899992	1.04121468707	1.51149671753	-0.59808427868	-1.47357730855	2.17895485017	1.28029569604	-0.0

Biplot	0	0

Site constraints	0	0
