Eigvals	5
0.560149887394	0.296261889597	0.223252437826	0.134265538964	0.0

Proportion explained	5
0.461435174193	0.244051922011	0.183908860567	0.110604043229	0.0

Species	0	0

Site	5	5
sample1	-0.0990037960337	0.420684980053	-0.16316323402	-0.0940582171199	-0.0
sample2	-0.126470970851	0.0740267635794	0.406088907361	0.0437960198182	-0.0
sample6	0.661352095313	-0.0583759464792	-0.0244775290389	0.0258458644338	-0.0
sample9	-0.186537130793	-0.305356947095	-0.0489619326834	-0.235313965951	-0.0
sample12	-0.249340197636	-0.130978850058	-0.169486211619	0.259730298819	-0.0

Biplot	0	0

Site constraints	0	0
