Eigvals	14
269.063303866	135.843269981	92.3831635228	80.2271098346	75.6844270804	52.7261180094	36.6594609525	34.4281493516	28.3520798026	25.0605731902	16.8437360358	14.8943473298	11.1205248379	0.0

Proportion explained	14
0.30810435824	0.155554112795	0.1057879499	0.0918680542231	0.086666228725	0.0603766716544	0.0419787445106	0.0394236698536	0.0324659633135	0.0286968594712	0.0192877601929	0.0170555154104	0.0127341117099	0.0

Species	0	0

Site	14	14
sample1	-3.04397731683	3.75703379166	4.25130026495	-1.01679964883	2.44287789951	1.59645138823	0.354471382304	-2.16464715273	0.326607169704	1.17390205635	0.79749922188	1.78801444974	0.206418220603	0.0
sample3	-1.74324574299	2.74312611696	-1.2367003279	1.8323999773	-5.51373381844	-1.53525143039	-0.189215428812	-1.13713953747	-1.30912100879	2.2330048024	-0.308480043387	-0.175331973248	0.756208598755	0.0
sample4	0.247707031474	2.54078193384	1.88305048331	1.89379693702	-0.644222954413	1.57349837119	-3.42379559871	1.4526401758	2.55704817557	0.259167257241	-1.02420006526	-0.712683588311	-0.619947658368	0.0
sample5	9.55677699013	5.38549239536	-3.65893150125	1.60188223212	2.30343926393	1.41970023448	1.03095071937	0.466594605351	-0.873661602036	-0.470366494069	-0.337684810872	0.167855675006	0.344304590118	0.0
sample6	-2.19208131561	3.71728627065	3.32537087576	-0.188578883995	0.460668428833	-1.95851570501	0.836948063571	0.846532430994	-1.40827940759	-1.37380552338	1.43655156941	-2.0042756837	-0.631707091312	0.0
sample7	-4.750162653	1.43252160042	0.0482674856039	-2.61589476805	-0.756373631621	-1.33613043696	0.888698245196	0.845083994005	-0.308447878789	-2.12147581986	-2.57958680385	1.10006960254	0.121326704702	0.0
sample8	-5.32825090212	-1.21949457873	-3.28497237552	3.17165925305	2.37120552852	-2.81896903506	-0.111674570136	2.07245511826	0.811776025508	0.491565843351	1.18952477815	1.2280330254	-0.13641777794	0.0
sample9	0.864410487456	-0.53138838041	-3.09617133679	-4.11323685446	2.27903400789	-2.38513771486	-0.705734378546	-2.50035498201	1.72706265397	0.68030502516	-0.179366033636	-1.28219184948	0.12506754738	0.0
sample10	-2.47099176823	-2.02285194538	-1.26695815024	-3.18383187174	-0.330544584915	2.8590987933	-1.78783434534	1.70392042348	-1.10193609457	-0.410707929199	1.12954011917	-0.257650391623	1.74642115202	0.0
sample11	-2.66290676696	-1.86570563616	-2.56484111976	-1.59078964052	-0.794682598261	2.98190677297	1.10194206547	0.150643824587	-1.0067348544	1.10912889836	-0.0303252308434	-0.117170588124	-2.30378290216	0.0
sample12	8.05213568423	-3.56450657175	3.54312642322	-2.1751163805	-0.746136090458	-1.58806369868	1.40679457725	2.29972257463	0.456886705102	1.71064918305	-0.105183809986	0.410502890194	0.059237998041	0.0
sample13	0.964222161438	-5.20204165948	1.84511126144	3.04877235826	2.91321932727	-0.36135462925	-1.68961377689	-1.45996261665	-2.54284353385	-0.0540593024714	-1.19911005365	-0.277994717352	0.0275016386838	0.0
sample14	-2.40428355516	-3.03164496756	0.455789638199	3.00378124937	-0.531166166914	2.03102319039	3.36325031103	-0.797317170596	2.05634116808	-0.670387912626	-0.208748930949	-1.03277775945	0.909937866576	0.0
sample15	4.91064766617	-2.13860836942	-0.243441621031	0.331956040968	-3.45358461095	-0.47825610035	-1.07518726576	-1.77817168764	0.615302482089	-2.55692008432	1.41957009383	1.1656009084	-0.604568887104	0.0

Biplot	0	0

Site constraints	0	0
