Eigvals	13
0.603064742208	0.546730182925	0.447241960471	0.409647804166	0.318996120662	0.294454186411	0.236097470351	0.194296780646	0.178494290114	0.141391389988	0.118980624308	0.0833626520655	0.0

Proportion explained	13
0.168795285805	0.153027479516	0.125181144341	0.114658698053	0.0892856729785	0.0824164887664	0.0660826892975	0.0543828519968	0.0499598013373	0.0395748555885	0.033302176499	0.0233328558212	0.0

Species	0	0

Site	13	13
sample1	-0.00878054815192	0.255325774807	0.221521548984	-0.0571218316471	0.339858181247	-0.073401219377	0.114868088328	0.198547618588	0.0045333233825	-0.052121379824	-0.0386044770838	0.0353736098464	-0.0
sample2	-0.115644135301	-0.0522403777295	0.406133582485	-0.00937280120256	-0.00302250411064	-0.164703804713	0.00896883930322	-0.280044888841	-0.0144019754878	-0.0286491295843	0.0145664743016	-0.0428328796259	-0.0
sample3	0.31747123745	-0.343345814822	0.0592807497145	0.0801680943217	0.0329354029954	-0.0417216670838	-0.00228874636249	0.00194304927012	0.0874542365377	0.138750605916	-0.00695608732607	0.165360891452	-0.0
sample4	0.302297784524	-0.175377958225	-0.00944601803318	0.236136949614	0.126965703724	0.0832505034615	-0.126860988636	0.0425664373289	-0.0494011039481	-0.0209830377022	-0.0607195959109	-0.177896625767	-0.0
sample5	-0.263531725988	-0.0756035115609	-0.0371622404549	0.219930360797	-0.0920350470514	-0.0190645278585	0.10568243074	0.0759108897435	-0.302344732714	0.0709039973021	0.0367935541887	0.032257769853	-0.0
sample6	-0.169484286082	0.0103574094115	0.0270857866235	-0.301976538171	0.0562138880551	0.189575807429	-0.0647657807663	0.0195156521908	0.0284501723395	0.232086135438	0.0785616345035	-0.071864988027	-0.0
sample7	-0.265726589689	-0.071441317363	-0.193196400583	0.0468187216328	0.204919354858	0.168481642368	-0.181597137789	-0.108154882761	0.0154316925315	-0.149860174166	0.0511593839891	0.0902743484674	-0.0
sample9	-0.0678936205211	0.0897595451516	0.0759841941794	0.118893077409	-0.181151465343	0.315924479533	0.206571814523	-0.0286069320327	0.124744800245	-0.0355241367959	-0.124266727264	0.00709810942528	-0.0
sample10	0.224982297074	0.330349161851	-0.12564665312	0.175269804626	-0.0615188614156	-0.0469006204943	0.066970970059	-0.039444522394	0.0814655646942	0.00102995206988	0.229463773185	-0.0162871533963	-0.0
sample11	-0.311309257892	0.0550007578251	-0.0691312034016	0.12934573645	-0.152272048965	-0.240143774377	-0.170836979597	0.121344004028	0.175607637339	0.0369281178153	-0.076695858602	-0.0214689845624	-0.0
sample12	0.24720623149	0.355659676247	-0.133770315689	-0.163598316721	-0.0841977445273	-0.0314120084535	-0.133202105238	-0.10253392896	-0.14233813751	0.0280682479127	-0.145667067072	0.0522761064618	-0.0
sample13	0.12343826941	-0.167737343489	0.135530327897	-0.264047377882	-0.248833814869	0.0252723041886	-0.0678370915408	0.159673828684	-0.0390920281904	-0.177617565714	0.0816205359105	0.00590311372667	-0.0
sample14	-0.0130256563226	-0.210706002105	-0.357183358602	-0.210445879227	0.0621389554024	-0.165157114623	0.244326686975	-0.0607163248442	0.0298905507805	-0.0430116326677	-0.0392555428199	-0.0581933178545	-0.0

Biplot	0	0

Site constraints	0	0
