Eigvals	6
189.918101082	58.101045239	51.1815397475	44.694695054	30.0184620231	0.0

Proportion explained	6
0.507919416635	0.155386184021	0.136880569376	0.119532068345	0.0802817616235	0.0

Species	0	0

Site	6	6
sample1	-5.65333331508	-4.38097938044	-2.70238021285	0.34523147768	2.38417195777	-0.0
sample3	5.47670199892	-1.36576189819	4.98722844007	1.42109664221	1.83479143901	-0.0
sample4	-4.58937660645	-0.583397634701	2.39795373175	-4.32802296359	-2.35732593721	-0.0
sample5	5.99015604995	3.37418052861	-2.82102119036	-2.91412386182	1.75799090828	-0.0
sample6	5.31540610367	-1.75841288206	-2.26595160911	2.32572085765	-3.50824788969	-0.0
sample7	-6.53955423101	4.71437126678	0.404170840511	3.15009784787	-0.111380478158	-0.0

Biplot	0	0

Site constraints	0	0
