Eigvals	14
404.191260242	215.795576377	145.398707972	96.7899188524	63.2435400445	46.5583167484	39.3190682275	32.7463930438	32.3411631685	27.0135707794	17.8635903324	14.5080173982	11.020374996	0.0

Proportion explained	14
0.352454623	0.18817365935	0.126787617259	0.0844007718991	0.0551483425203	0.0405988342431	0.0342862123257	0.0285548421011	0.0282014818062	0.0235558232982	0.0155770438784	0.0126509855742	0.00960976274499	0.0

Species	0	0

Site	14	14
sample2	-3.19584169561	2.14677037908	3.09045952499	-7.21185701658	0.828136822403	-1.29440788899	0.615681189906	1.52933989221	-1.21453700212	1.25125407243	-0.303194126052	-0.142876823848	-0.671227748944	0.0
sample3	-9.95228869729	-1.39273027628	0.557401811476	-0.605001005933	-1.055138208	-1.61797321311	0.558568368942	-0.313865866956	0.467513589142	-1.59377011995	0.771441557616	-1.02907416088	2.03760182891	0.0
sample4	-10.0519020252	0.799179395707	0.887371978244	0.847453910952	-1.21756175005	-0.281390367242	-0.679386478696	-1.66616246221	2.01464561701	-0.472070226767	-0.942613703915	1.70316610022	-1.31832780234	0.0
sample5	-6.09956264186	-1.83759294797	-0.614596295487	3.30884013433	-2.3177038335	2.81282483939	0.235517905299	2.29503119262	-2.28383813553	0.16228789768	-0.305788459848	-0.966450952187	-0.786725963258	0.0
sample6	6.18259309831	0.85859352565	8.48092752051	-0.0192104451497	0.19432236001	2.48738154121	-1.735951859	-0.0463477366137	0.506607976708	-1.71812099513	0.224906625015	-0.0545442146914	0.245218359932	0.0
sample7	2.42357069705	-8.3153903238	-0.306880021966	1.36743297603	1.19057411481	-2.96188528401	-3.46768988949	1.00777478769	-0.0235844076849	0.787643110087	0.0130915788383	0.00146806421335	-0.181144338481	0.0
sample8	-0.859246365868	2.12416059793	0.456746894474	1.15575850261	0.511490049923	0.753204554296	-0.304362228683	-2.52283061959	0.113827567406	2.83249824449	2.38978660122	-0.865433633937	-0.311921195565	0.0
sample9	5.52235671413	-3.72555930998	3.20553607112	2.12024822831	-1.59581839268	-1.50729366751	3.76124421975	-0.828062212353	-1.20828219049	0.899754661358	-0.468700020799	1.19732373756	0.415438948368	0.0
sample10	4.20196026202	-6.51220503492	-3.96149386628	-3.57254377612	-0.728960732992	2.70517191522	1.31038314146	-0.153490600092	2.66130689747	0.0462091083397	-0.213289876225	-0.485766319938	-0.0885233378977	0.0
sample11	-1.835075295	3.0958505884	-1.65673972684	1.3927646877	3.6844335076	1.90000934979	-0.305040237204	1.24158232399	0.401728626434	1.66811372014	-1.07604623081	1.22022140707	1.55649726811	0.0
sample12	0.708926698301	0.850686949902	-1.24505274386	1.92558592053	5.18030930765	-0.95728014689	2.07658539985	-0.149470288088	-0.0306825004487	-2.09934204499	0.145284251251	-0.854773019295	-1.08043373064	0.0
sample13	2.71579440544	0.66111944403	-4.85919618248	-2.27380102737	-0.464971552507	0.76946032272	-1.29693998376	-1.55621278915	-3.04000027793	-1.67993659168	0.792795531238	1.37838652638	0.18918828276	0.0
sample14	4.98936096593	5.09706177531	-1.76344257432	0.435422214437	-1.71074681375	-1.18440732132	-0.989771968027	-1.59951852075	-0.136054362349	0.301238101984	-2.49271828227	-1.65670824378	0.176882526151	0.0
sample15	5.24935387964	6.15005523694	-2.27104238958	1.12890669624	-2.49836487892	-1.62341463354	0.221162419654	2.76223289928	1.77134860239	-0.385758937987	1.46504455474	0.555061533117	-0.182523097116	0.0

Biplot	0	0

Site constraints	0	0
