Eigvals	15
0.608863021529	0.523257552146	0.403525139002	0.31822821961	0.23290897449	0.212735354412	0.17887459278	0.140630930458	0.100248077226	0.0836981699842	0.030678331114	0.0033506138834	0.0	0.0	0.0

Proportion explained	15
0.214615171364	0.184440514944	0.142236617752	0.112170720621	0.0820969540025	0.0749860525731	0.0630506370475	0.0495703141301	0.0353359581909	0.0295023617117	0.0108136560382	0.00118104162567	0.0	0.0	0.0

Species	0	0

Site	15	15
MCT.f.0138	-0.176278575465	0.115687529814	0.171367224261	-0.280118303102	0.0109650716716	-0.116678594722	0.015231810774	-0.0565557178175	0.112350930779	-0.119982799404	0.0491462433741	0.0151905249854	0.0	0.0	0.0
MCT.f.0139	-0.110037654984	0.184758830278	0.207543087202	-0.167031566901	0.0300086379507	-0.099104442834	0.0407145756005	-0.0128088276144	-0.206896091366	0.0770197052219	-0.0139352874848	-0.0167530210612	0.0	0.0	0.0
MCT.f.0141	-0.192238382127	-0.143179452628	0.203260075315	0.162943515276	0.294973114034	0.100470530331	0.0618684483771	0.0473049524446	0.00601064974281	0.0608129683061	0.00280568617573	0.0216524638645	0.0	0.0	0.0
MCT.f.0142	-0.242542632672	-0.3284908928	0.0598609613218	0.208864716767	-0.0505261763054	-0.0637924478854	0.039421276657	-0.0807047196574	-0.0103584716026	-0.1243019004	-0.0127099353771	-0.0256978762031	0.0	0.0	0.0
MCT.f.0143	-0.203934485041	-0.284815263417	-0.21678673426	-0.0711215664882	-0.207164866545	-0.0546980435543	0.0174409427444	-0.0164373947632	-0.0630285201379	0.071478262363	-0.0139696805408	0.0268949675737	0.0	0.0	0.0
MCT.f.0144	-0.29367491887	-0.00275433176496	-0.0870482118704	-0.105617845383	-0.0463244267055	0.0862574882017	-0.101411661788	0.130702163724	0.117316332672	0.106858848701	0.0222518239165	-0.0208331192404	0.0	0.0	0.0
MCT.f.0145	-0.172676436107	0.304380762343	-0.0970147876396	0.0619632540053	0.00406111579752	0.11565624746	-0.151776448424	0.0441860831364	-0.0271428073368	-0.0991378819243	-0.0798134456692	0.00286552471212	0.0	0.0	0.0
MCT.f.0146	0.00723507032821	0.22680446242	-0.202196129022	0.209833613362	0.0342155784028	-0.0363338776289	-0.10238664519	-0.0660875036215	-0.0573179769894	-0.00628230643418	0.0820588462662	0.00857026173624	0.0	0.0	0.0
MCT.f.0147	0.123054107772	0.150578607739	-0.0778270440522	0.164845629665	0.015024083137	-0.242136424646	0.070528158703	-0.00382795294176	0.0836761387802	0.0755332582209	0.0154407733158	-0.00868818068991	0.0	0.0	0.0
MCT.f.0148	0.184125468008	0.00134232946791	-0.200839755915	-0.0716676932495	0.109650441323	-0.107991413151	0.148586219015	0.125637922284	0.0336345123091	-0.042590428803	-0.0769344329723	0.00193775438317	0.0	0.0	0.0
MCT.f.0149	0.181785238405	-0.107849475401	-0.245048929739	-0.162895795954	0.107591065117	0.175523994305	0.0920119889141	-0.0296278457278	-0.072891664796	-0.0561325801207	0.0588378668125	-0.00902925266599	0.0	0.0	0.0
MCT.f.0150	0.320680250389	-0.243967149376	0.0564867369276	-0.098616401341	0.112298839974	-0.0269247724704	-0.24448776055	-0.0840135855282	0.0371797517129	0.0382686715571	-0.0225452971334	-0.00726917936328	0.0	0.0	0.0
MCT.f.0151	0.291569299836	-0.0688701051138	0.2045400488	0.0612901806166	-0.149791772225	-0.0361393097035	-0.0971187626215	0.129439662384	-0.050359915705	-0.0408658954052	0.00882271985111	0.0136915672014	0.0	0.0	0.0
MCT.f.0152	0.174856692145	0.0520103815038	0.160972135046	0.0707213117904	-0.16485535418	0.159679242132	0.120362524367	0.104120849401	0.0293121879735	-0.00396327772362	0.0333453683129	-0.00704098842786	0.0	0.0	0.0
MCT.f.0153	0.108076958384	0.144363766934	0.0627313236255	0.0166069509365	-0.100125351446	0.146211824167	0.0910153334204	-0.231328085703	0.0685149439646	0.0632853558453	-0.0528012488472	0.00450855319531	0.0	0.0	0.0

Biplot	0	0

Site constraints	0	0
