Eigvals	15
0.599269175152	0.473176215603	0.409627970095	0.33060463617	0.30106142894	0.214089357751	0.178405301341	0.118909468244	0.0839861385753	0.0607261480207	0.0346451281604	0.0	0.0	0.0	0.0

Proportion explained	15
0.213681215296	0.168720289632	0.146060912355	0.117883587824	0.10734937601	0.0763377728122	0.0636139203992	0.0423995105007	0.0299469101748	0.0216531028915	0.0123534021044	0.0	0.0	0.0	0.0

Species	0	0

Site	15	15
MCT.f.0002	-0.237032447199	0.0436705766604	0.239798675384	-0.0482619714204	0.0217156262946	-0.080978875499	0.13378033001	-0.0185349603991	0.115043019326	0.00641939041669	0.0726111778333	-0.0	0.0	0.0	0.0
MCT.f.0003	-0.258955293214	0.0223457734412	0.243964950408	-0.0526437687201	0.0358734934424	-0.147039909305	0.0886378948393	-0.0276383087902	-0.020306039025	0.0227709302537	-0.064043975067	-0.0	0.0	0.0	0.0
MCT.f.0004	-0.0657675409197	0.0647565589158	0.294419144379	0.0952199505083	-0.0284170109724	0.0568346525861	-0.124210244409	0.0395846812748	-0.144754136358	-0.0176042495103	-0.0458649502732	-0.0	0.0	0.0	0.0
MCT.f.0005	0.276418641394	0.00551706970532	0.206953031723	0.209844106849	-0.184792518123	0.0459629617013	-0.0804544478044	0.0380237824229	0.0208651645082	-0.0382545694815	0.069241206793	-0.0	0.0	0.0	0.0
MCT.f.0006	0.436298011958	-0.0264279368795	-0.00871720329001	0.128455610753	-0.0597239737241	-0.0733294444756	0.150025336151	-0.0168608725445	0.0733039953826	0.0426155457381	-0.0466525538451	-0.0	0.0	0.0	0.0
MCT.f.0007	0.315266000318	-0.0934356357011	-0.036351465561	-0.0650563403728	0.282001557377	-0.136803365642	0.0120385651344	-0.0405922390242	-0.0963173881185	0.0249402067876	0.0037393676416	-0.0	0.0	0.0	0.0
MCT.f.0008	0.0375833587329	-0.0634780763261	0.052564977254	-0.0942944947674	0.312908578133	0.120238106959	-0.150403887771	-0.0181625989766	0.0663902708007	-0.0275317626416	0.0399968871994	-0.0	0.0	0.0	0.0
MCT.f.0009	-0.0424873544726	0.18155358307	-0.0532575212349	0.0526773766345	0.0859987926826	0.301121186157	0.0734362729261	-0.0176951180809	0.0705919430874	0.0219270745354	-0.0606322933995	-0.0	0.0	0.0	0.0
MCT.f.0010	-0.139457646566	0.0977795440553	-0.207946478366	0.165941530869	0.0423085242578	0.0752182219034	0.179832310254	0.0332541327499	-0.125255658901	-0.0113141891797	0.0437495621652	-0.0	0.0	0.0	0.0
MCT.f.0011	-0.197424537	-0.183430208915	-0.205923720947	0.163833694801	0.0588546591538	-0.119526455575	-0.0250381527632	0.162616437912	0.0407327052072	-0.0666349515248	0.00440991026508	-0.0	0.0	0.0	0.0
MCT.f.0012	-0.149959566755	-0.0297948745463	-0.17375531059	0.166575254555	-0.0632986375471	-0.0938281788248	-0.183172816979	-0.122659766264	0.0638091777477	0.0160949911011	-0.0563182987137	-0.0	0.0	0.0	0.0
MCT.f.0013	-0.0521329271527	0.253433720922	-0.160005608243	-0.0634097428882	-0.111757975439	-0.0513143444061	-0.0649335905968	-0.151063867101	-0.0437987069739	0.0472858347132	0.0681640966459	-0.0	0.0	0.0	0.0
MCT.f.0014	0.120679353896	0.346384066088	-0.103812488877	-0.290604336598	-0.0879000255709	-0.0697713695182	-0.0497739419573	0.15788699631	0.0237407718767	-0.0410599536977	-0.0264064378175	-0.0	0.0	0.0	0.0
MCT.f.0016	-0.0615653390717	-0.322040422455	-0.0412600924237	-0.155923674065	-0.138992660489	0.0934426470382	-0.0349338432398	0.0950972806608	-0.0177385917397	0.161434361788	0.0141003774182	-0.0	0.0	0.0	0.0
MCT.f.0017	0.0185372860524	-0.296833738035	-0.0466708896156	-0.212353196138	-0.164778429475	0.0797741669007	0.0751702162067	-0.11325558015	-0.0263065268212	-0.141088659298	-0.0160940768455	-0.0	0.0	0.0	0.0

Biplot	0	0

Site constraints	0	0
