Eigvals	15
207.542075149	136.975480471	112.675086027	107.778022794	91.18493587	68.0282636698	58.7955152724	49.2177752284	35.3547957712	28.2262574801	23.6449121356	16.9185303784	15.0839077938	12.9339038974	0.0

Proportion explained	15
0.215212359437	0.1420377835	0.116839301603	0.111761254022	0.0945549242465	0.0705424339728	0.060968464139	0.0510367525502	0.0366614288204	0.0292694359253	0.0245187744495	0.0175438008815	0.015641374808	0.0134119116449	0.0

Species	0	0

Site	15	15
sample1	-1.85826280961	0.665405630716	2.01354937857	-4.88529632081	4.54899992602	-1.00164909899	-1.2606557071	-1.48947478821	2.37674838194	-0.39849947036	0.830938747679	-0.107181190978	0.80100729642	-1.1621794032	0.0
sample4	2.77089305086	-0.26340596262	-0.766723952982	2.64821104119	-0.94269454365	-5.2543326203	0.166066425786	0.838941610805	-0.767753304598	0.0882117829529	0.476079417891	1.99096829119	0.750850358826	-1.12004586662	0.0
sample5	1.7693915805	-2.14941898936	-0.546092189417	-2.60507964408	0.861364293121	-4.01363292742	1.35457028134	-1.86879385393	-1.59079229626	0.748087511277	-0.677867555176	-1.60295879032	0.0122111876254	1.64445248527	0.0
sample6	3.40979433482	-4.84603461089	-6.15228151935	-2.44264862522	-1.24464505674	1.42269862865	-0.786563489116	0.470253427372	0.0152883351758	-1.90473795611	-0.324542035463	-0.396242795781	-0.746646794627	-0.975587173541	0.0
sample7	-1.86575500843	6.21926104774	-4.44329350866	-2.22966071862	-4.02352752863	0.376512727022	0.783779172695	-0.0954561173343	1.44387708041	2.01132217269	-0.193149410081	-0.0879229737561	0.521071377558	0.0575426933258	0.0
sample8	-7.40042526607	-1.91157031324	-2.23423205778	0.87318782221	3.79941881521	0.513144238735	0.438670843276	3.70669960413	-1.19695733198	1.56651576734	0.549913581845	-0.125543381295	-0.27677423309	0.0821682945263	0.0
sample9	-0.451144878703	0.750388040479	-0.33925442096	3.27547207533	2.73587443955	1.84113628192	3.67245583694	-2.46675083602	0.0428532227316	-0.116557086562	-2.59846855695	0.438119323039	-0.0759264493491	-0.762240381256	0.0
sample10	-8.77287690378	0.972651767116	1.45756170614	0.0986962369666	-2.87664733894	-1.13602274771	-0.0533740260367	-0.83390813545	-0.199813880487	-3.036482624	0.023136850942	0.468307655844	-0.792031201116	0.626970299063	0.0
sample11	1.60807153283	-2.16087492159	2.47176739764	3.38784613298	-1.58628956061	-0.778754254295	1.33337008811	0.367107433395	3.09951952707	0.967664765215	1.22764128675	-1.19212864444	-1.73441521674	-0.241404739906	0.0
sample12	0.101451948708	-1.98807198215	3.44706088134	0.532611936502	-2.86504509711	1.68497797333	1.1634665642	1.63806488713	-0.64619695352	-0.606685319288	-0.076064436507	-1.44389925974	2.51923436747	-0.482124962253	0.0
sample13	4.05926660064	0.835993947236	3.3106121883	-2.96211574331	0.249707716975	0.529927289248	-0.395670865668	3.39632925009	1.01384626673	-0.215945305408	-2.13696301696	1.26901247536	-0.592907125385	1.0544435125	0.0
sample14	0.374186051801	-1.09873238678	3.39732742082	-2.72307117137	-1.96455452231	2.34957907936	-0.396133021654	-1.85836524651	-2.78684102264	1.86839363694	0.947002431354	0.947749963471	-1.0719375033	-0.769256390472	0.0
sample15	-0.809480777089	-3.42701969568	-0.852182000832	3.35831682251	-0.174265294871	1.35892252118	-4.47060055899	-1.98315647829	1.13904496101	1.03140709105	-0.482973768137	0.736398086655	0.944057759708	1.19625324123	0.0
sample16	2.69162422806	6.06517979105	0.45416789422	2.7580358196	1.43529871515	-0.147052056197	-3.58512233013	0.474904341442	-1.6864818032	-0.663969035613	-0.346906133269	-1.63576371245	-0.657995198948	-0.549463555907	0.0
sample17	4.37326631547	2.33624863797	-1.21798721705	0.915494336125	2.04700503681	2.25454496547	2.03574078635	-0.29639509862	-0.256341182372	-1.33872593013	2.78222259608	0.741084953204	0.400201374945	1.40047194724	0.0

Biplot	0	0

Site constraints	0	0
