Eigvals	13
0.480298054344	0.399338508175	0.358549663478	0.251425304709	0.229373574997	0.188827371229	0.163291889618	0.132602407416	0.107475410422	0.079298672429	0.0447637452972	0.00975753093978	0.0

Proportion explained	13
0.196440750644	0.16332849071	0.146645951196	0.102832345751	0.0938132412631	0.077229941306	0.0667859906583	0.0542340661479	0.0439571847277	0.0324329665635	0.0183082643128	0.00399080671868	0.0

Species	0	0

Site	13	13
sample2	-0.314757093484	0.064899566899	0.0618945349089	-0.087874593701	0.0386521059939	-0.114750666461	0.183703383374	-0.0956417635972	0.126883693644	-0.0369486477741	0.0807945722099	0.00109824171952	0.0
sample3	-0.186761435915	0.146257454412	0.139303662546	0.114656976931	0.0318395892785	0.110719316241	-0.0786666919814	0.0425305475713	-0.115137730709	-0.0434198698713	0.0534068261891	-0.0591660535435	0.0
sample4	-0.238406914832	0.0852031094279	0.0533814869512	-0.0633416477482	0.11891259411	0.0703370789449	-0.23082329068	-0.00841524443669	0.00362885743372	-0.0155847583221	-0.0111339845608	0.0577703694849	0.0
sample5	-0.293543993508	-0.235912114527	-0.40387934833	0.0650219300629	-0.0522694614411	-0.0678148549582	-0.0116273341678	0.0772059088267	-0.0335082054105	0.0389914607874	-0.0240600235951	-0.00880868516351	0.0
sample7	0.061140310651	0.192089500235	-0.0352199956981	0.103888971485	-0.367834483178	0.123612921676	0.00028071959895	0.00223438757764	0.0783085189143	0.0323554080052	0.0185554413211	0.0164468218045	0.0
sample8	0.0523258073799	-0.286575999285	0.175201091092	0.0354871960969	-0.0160894318089	0.00236143825474	-0.11730726507	-0.101858703268	0.157173586249	0.00520991134562	-0.0724077350199	-0.0327782164402	0.0
sample9	0.00739831137683	-0.133897030992	0.201444251187	0.235338364636	0.0631774647667	0.0379684197132	0.186523568708	0.113679824185	-0.0394533768888	-0.0466290248529	-0.053723107505	0.0316525885994	0.0
sample10	0.0896187558406	-0.0239541296548	0.146937742895	-0.26788348217	-0.0187926782299	-0.0499917336733	0.00278520581829	0.23435979393	0.0219825405021	0.0954021206768	0.0137468425931	-0.0081227256853	0.0
sample11	0.121779809666	-0.220164012459	0.107583511296	-0.072079199296	-0.12832587967	-0.102237559963	-0.0130348012445	-0.14438615336	-0.190712940021	0.0168665030266	0.053242588522	0.0162723196864	0.0
sample13	0.260849724884	0.123159145555	-0.089270063106	0.213630910142	0.191644237371	-0.105729239059	-0.0394510958933	-0.0260432556394	0.0397801189668	0.129875562202	0.0589514964358	0.00250733571493	0.0
sample14	0.158650808373	-0.0747067052035	-0.176445003071	-0.153831218915	0.129772161185	0.30256524399	0.110415285428	-0.0720657631877	-0.00670418497355	0.00823678995367	0.00765104500165	-0.00328446712462	0.0
sample15	0.284128537959	0.0440137438147	-0.154475252393	-0.0385365927438	0.00257569123236	-0.106557499724	-0.0573836042401	0.0614306868627	0.0299517479491	-0.209909770045	0.0144114368759	-0.00160981754265	0.0
sample16	-0.00242262839238	0.319587471778	-0.0264566182772	-0.0844776147788	0.00673809039106	-0.100482864981	0.0645859203502	-0.0830302654645	-0.0721926256553	0.0255543148678	-0.139435398468	-0.0119777115097	0.0

Biplot	0	0

Site constraints	0	0
