Eigvals	11
203.785618251	195.196934801	101.245149641	77.200181974	57.5242407996	40.0398049762	33.8004755996	25.631710561	15.8841068072	12.5081802042	0.0

Proportion explained	11
0.267148972263	0.255889797173	0.132725448956	0.101204145071	0.0754103353401	0.0524894388565	0.0443101058649	0.0336014150187	0.0208229748756	0.0163973665811	0.0

Species	0	0

Site	11	11
MCT.f.0260	-4.43051114713	0.470511162307	0.48506705741	-5.14219330895	-2.05491247929	0.22845599376	2.78350219992	1.14646165816	1.16103676831	0.578074174229	0.0
MCT.f.0261	3.71678627777	4.26812609767	1.80010109472	-0.824035058424	-0.358483030725	1.15828917244	-0.916798872205	1.93097719296	0.0207018151631	-2.50348783326	0.0
MCT.f.0263	-5.12677039767	2.64870391473	0.516990736515	-0.813587530869	-2.03605227407	1.01032637025	-1.39041139957	-3.69254501483	-0.481135985394	-0.629446082606	0.0
MCT.f.0264	-1.09869051406	4.26413692306	1.51306184373	2.27102742651	-1.46954871809	1.35574520764	-2.47217828023	1.72624915516	-0.137644333168	2.05882926414	0.0
MCT.f.0265	-5.04671237684	2.34258101338	-0.933893606253	5.45606588096	0.609272181122	-0.972586184048	3.00006462247	0.463476959463	-0.749900233511	-0.520230781407	0.0
MCT.f.0266	-5.33058005391	-5.47183785605	3.94518622601	-0.821308774743	4.10291248866	-1.57579757401	-1.69578650824	0.465860141776	0.214180522468	-0.18402358582	0.0
MCT.f.0267	5.24607993531	1.91787568745	0.358346845041	-2.84041972801	1.61506912279	-1.16243033888	0.95290788579	-0.448691245749	-2.77736203279	0.790693130557	0.0
MCT.f.0269	4.10119548878	-1.91046011185	-0.193332125205	1.0113944015	3.1317800084	4.129368977	1.33889426078	-1.15967886455	1.10675043082	0.436696079869	0.0
MCT.f.0270	-1.24266656159	-5.33509130306	-7.91470019235	-0.622024438727	-0.504444075695	0.497403419184	-1.41292794602	0.944974822005	-0.579671997705	-0.280796145678	0.0
MCT.f.0271	4.03507736041	4.53614379795	-2.60607273931	0.258249537743	0.970627429373	-3.51951196683	-0.630527323589	-0.966629003203	2.09422028144	0.268529936772	0.0
MCT.f.0272	5.17679198895	-7.73068932559	3.0292448597	2.06683159301	-4.00622065247	-1.14926307649	0.443261360888	-0.410455801199	0.128824764363	-0.0148381568004	0.0

Biplot	0	0

Site constraints	0	0
