Eigvals	14
1.01264634649	0.67181018369	0.325533369827	0.264176969479	0.152425755173	0.0441304937631	0.0266112125285	0.00940884499222	0.0	0.0	0.0	0.0	0.0	0.0

Proportion explained	14
0.403968925181	0.268001201773	0.129863072113	0.105386531821	0.0608062910617	0.0176047128348	0.0106158511904	0.00375341402442	0.0	0.0	0.0	0.0	0.0	0.0

Species	0	0

Site	14	14
MCT.f.0293	-0.187480017412	0.280784825257	0.276482089392	-0.0235301064445	0.210088298778	-0.00876879040986	0.0192296372119	0.00711465694394	-0.0	0.0	0.0	0.0	0.0	0.0
MCT.f.0294	-0.239345536588	0.279676511706	0.210891994703	0.0267875588563	-0.0625741447762	0.0777671418311	-0.028003891305	-0.0155608037719	-0.0	0.0	0.0	0.0	0.0	0.0
MCT.f.0295	-0.293665754592	0.116023286505	0.0631164640937	0.104158906128	-0.166208653501	-0.0925813847701	0.00484670421894	0.0302385218274	-0.0	0.0	0.0	0.0	0.0	0.0
MCT.f.0296	-0.321617036035	-0.0289742670477	-0.151619125974	0.116846233399	-0.0728826351556	0.00304660150685	-0.00572768589347	0.00814605223177	-0.0	0.0	0.0	0.0	0.0	0.0
MCT.f.0297	-0.311440335018	-0.0531197395714	-0.173444751374	0.0649953877904	-0.0609225794077	0.0347623907135	0.0330583283695	-0.0411870205081	-0.0	0.0	0.0	0.0	0.0	0.0
MCT.f.0298	-0.245096306749	-0.154240657017	-0.16956856381	-0.0474479968978	0.174486492588	-0.0702631963923	0.039105602305	0.00880465102836	-0.0	0.0	0.0	0.0	0.0	0.0
MCT.f.0299	-0.189923017415	-0.210973199066	-0.106506346145	-0.110978349822	0.110176388101	0.0732594987263	-0.0766112571355	-0.00125695742578	-0.0	0.0	0.0	0.0	0.0	0.0
MCT.f.0300	0.0488931463594	-0.300310206081	0.113699667627	-0.225992751066	-0.0587731229094	0.020463829457	0.0375835008379	0.0288920742248	-0.0	0.0	0.0	0.0	0.0	0.0
MCT.f.0301	0.168381515527	-0.312272114887	0.175058778051	-0.0636221923049	-0.0644108342191	-0.0721299011598	-0.0586599361522	-0.00884594038641	-0.0	0.0	0.0	0.0	0.0	0.0
MCT.f.0302	0.268260806016	-0.21806580218	0.0847887777384	0.15075857363	-0.0413492191475	0.0663892055336	0.0070543319806	-0.00102623982811	-0.0	0.0	0.0	0.0	0.0	0.0
MCT.f.0303	0.356419831526	-0.106515602953	0.0602757682764	0.15888441765	0.0512512856793	0.00180209177935	0.0792898257376	-0.0245419406019	-0.0	0.0	0.0	0.0	0.0	0.0
MCT.f.0304	0.358671258899	0.140970880049	-0.0968505999212	0.15670669383	0.0775626823654	-0.0609690187042	-0.073668077151	-0.0107685201497	-0.0	0.0	0.0	0.0	0.0	0.0
MCT.f.0305	0.349521156981	0.251074613701	-0.179884465243	-0.00434546557933	-0.01262820153	0.0571595441651	0.00682376934851	0.0575758559667	-0.0	0.0	0.0	0.0	0.0	0.0
MCT.f.0306	0.2384202885	0.315941471586	-0.106439687415	-0.303220909169	-0.0838157568649	-0.0299380122766	0.0156791476273	-0.037584389551	-0.0	0.0	0.0	0.0	0.0	0.0

Biplot	0	0

Site constraints	0	0
