Eigvals	17
1.11609200365	0.806176007699	0.653580321189	0.33408197607	0.159514089688	0.088678851437	0.0464408851761	0.0389489700243	0.0223842768976	0.0207556733117	0.0103249348128	0.00302127901396	0.0	0.0	0.0	0.0	0.0

Proportion explained	17
0.338209772998	0.244295814026	0.198054686658	0.101236984872	0.0483376136438	0.0268723851762	0.0140729986254	0.0118027208038	0.00678311571403	0.00628959936654	0.00312876881819	0.000915539297954	0.0	0.0	0.0	0.0	0.0

Species	0	0

Site	17	17
MCT.f.0596	-0.12964817736	0.404571849772	0.256286240289	-0.241149195224	0.127453933538	-0.109069203185	0.0450454912258	-0.0544299601675	0.0082583093114	-0.0170453751095	-0.0156347088165	0.00734076528039	-0.0	0.0	0.0	0.0	0.0
MCT.f.0597	-0.217992664761	0.382524075743	0.225266827914	-0.0886429291008	-0.035541582129	0.060032463957	-0.0600029901833	0.0733219262538	-0.0321765444144	0.0189837059839	0.0232715795476	-0.0131640172711	-0.0	0.0	0.0	0.0	0.0
MCT.f.0598	-0.213611470341	0.256622355627	0.0763271376914	0.167528773473	-0.113102629654	0.108180076072	0.0119544625091	-0.00741164417357	0.0703290423136	0.0324783007705	-0.013764335684	0.0161222703012	-0.0	0.0	0.0	0.0	0.0
MCT.f.0599	-0.265432176251	0.0974259654741	-0.0849915135154	0.24635992781	-0.0358072234353	0.0082707319391	-0.0123792168048	-0.0864367600796	-0.0216726358261	-0.0576603941677	-0.0140154689815	-0.015214350993	-0.0	0.0	0.0	0.0	0.0
MCT.f.0600	-0.314844305964	-0.0120171750146	-0.154376648286	0.140765346191	0.0198439361505	-0.0320059826811	-0.0359638826405	0.0433411107384	-0.0299346156482	-0.0344702944601	0.0161053970803	0.0218985523251	-0.0	0.0	0.0	0.0	0.0
MCT.f.0601	-0.323277658108	-0.0766503769649	-0.179778329252	0.0496912929256	0.0693323831818	-0.0545482293762	0.0605144753159	0.0532758861528	-0.0260914448499	0.0493448137148	-0.005480793894	-0.0237462238678	-0.0	0.0	0.0	0.0	0.0
MCT.f.0602	-0.263721004806	-0.225058290319	-0.158993824501	-0.0112488153873	0.0460551781688	-0.0394021118546	0.0486440544914	-0.0339632314636	-0.0144518440666	0.0405828642138	0.00771076561151	0.0171490354893	-0.0	0.0	0.0	0.0	0.0
MCT.f.0603	-0.19951254896	-0.291361156878	-0.0605468108511	-0.127720101175	0.0655288514241	-0.00992585045019	-0.0663971936165	-0.0230635249833	0.0928653213839	-0.0232504028792	0.0188610482636	-0.0152999380086	-0.0	0.0	0.0	0.0	0.0
MCT.f.0604	-0.106384895695	-0.330866866051	0.088894939391	-0.173246013464	-0.00762450694289	0.0406850633393	-0.0539390970853	0.0547097509289	-0.00337956552354	0.000628560682533	-0.0372632524466	0.0131149339406	-0.0	0.0	0.0	0.0	0.0
MCT.f.0605	0.0543340395925	-0.271365889309	0.216218872295	-0.108279728222	-0.0156482753774	0.134044692341	0.0223678902242	-0.0585266939088	-0.0647830888182	-0.0230967259537	0.00164413533712	0.000275352818155	-0.0	0.0	0.0	0.0	0.0
MCT.f.0606	0.148830874851	-0.191768146052	0.27998183229	0.0626928726911	-0.106926271669	-0.0105397740769	0.072644191276	0.0085619715189	0.0202316633169	0.0114692781927	0.00132186472737	-0.0184048177444	-0.0	0.0	0.0	0.0	0.0
MCT.f.0607	0.246463357527	-0.127619155885	0.239983532533	0.109922560441	-0.0794254743348	-0.106523109101	0.0384381084518	0.0222174553507	0.00860942200476	-0.00830848162908	0.0375581570911	0.0139624747122	-0.0	0.0	0.0	0.0	0.0
MCT.f.0608	0.363960370879	-0.00561325260693	0.102772140744	0.14528489027	0.0322400275646	-0.100487590595	-0.0916684484566	0.0253569730084	-0.0123510399758	-0.0167326500274	-0.0245665235526	-0.00440378927447	-0.0	0.0	0.0	0.0	0.0
MCT.f.0609	0.381633458882	0.0390565795457	-0.0559919108589	0.0953655219538	0.105215063896	0.0258621108182	-0.0317725773748	-0.040042888643	-0.00235278952052	0.0678196646994	-0.0330000813673	0.00159983463799	-0.0	0.0	0.0	0.0	0.0
MCT.f.0610	0.351423338686	0.105788688148	-0.142209721504	0.0134552424467	0.154079437549	0.085341269345	-0.00702483007206	-0.0126142164433	0.00198631379847	0.00494408104644	0.0566152052509	0.00071550562121	-0.0	0.0	0.0	0.0	0.0
MCT.f.0611	0.29364051807	0.122103951986	-0.279970905262	-0.0596577820393	0.0230997613567	0.0575984968798	0.090540651918	0.0755296319423	0.0196234103639	-0.0630461741274	-0.0264077725253	-0.000277550785941	-0.0	0.0	0.0	0.0	0.0
MCT.f.0612	0.194138943759	0.124226842785	-0.368871859118	-0.22112186359	-0.248772609287	-0.0575130533717	-0.0310010891785	-0.0398257860316	-0.0147099138498	0.0173592290502	0.00704478435818	-0.00166803718101	-0.0	0.0	0.0	0.0	0.0

Biplot	0	0

Site constraints	0	0
