Eigvals	12
0.773190158016	0.748186942448	0.599260544749	0.346913018568	0.178304449023	0.0683513120237	0.0280067931066	0.0146995910976	0.0	0.0	0.0	0.0

Proportion explained	12
0.280455063897	0.271385783401	0.217366520546	0.125833873829	0.0646754037484	0.0247926999359	0.0101587518527	0.00533190278975	0.0	0.0	0.0	0.0

Species	0	0

Site	12	12
MCT.f.0530	-0.343464944324	0.0517911699923	0.548018608015	-0.28990736404	0.0230004744849	-0.021802309389	0.0081916879736	-0.00113232006539	-0.0	0.0	0.0	0.0
MCT.f.0532	-0.391416934032	-0.119400270962	0.0606051238818	0.270307843152	-0.0623909459966	0.121425001915	-0.0323049595008	-0.0245526453627	-0.0	0.0	0.0	0.0
MCT.f.0533	-0.37715891857	-0.194573887223	-0.158108341357	0.174887987141	0.0106999990166	-0.0385188945126	0.0506217739707	0.0468725062104	-0.0	0.0	0.0	0.0
MCT.f.0534	-0.0950610583056	-0.216374320976	-0.209758441628	-0.02460536987	0.0562649860426	-0.157680117343	-0.0151277815543	-0.0636960666932	-0.0	0.0	0.0	0.0
MCT.f.0535	0.0481911720436	-0.25847077597	-0.205686018374	-0.21638147086	0.0942810226177	-0.0011241724956	-0.0118680535609	0.0482192742915	-0.0	0.0	0.0	0.0
MCT.f.0536	0.155965015204	-0.206692636942	-0.180730247819	-0.218012671961	0.0177402019785	0.147460373518	-0.0283519821234	-0.0172518717862	-0.0	0.0	0.0	0.0
MCT.f.0538	0.312880668904	-0.112014205992	0.101398858067	0.0317501358419	-0.0994535152868	0.015434486951	0.0810123564583	-0.052380607991	-0.0	0.0	0.0	0.0
MCT.f.0539	0.314566649384	-0.103866094294	0.133381482874	0.0736550367976	-0.107824659	-0.0161307363219	0.0459853617405	0.0467572329158	-0.0	0.0	0.0	0.0
MCT.f.0540	0.291336880706	-0.043216372201	0.212736733559	0.158951956156	-0.0272615667232	-0.056906509973	-0.115774695935	0.0155842276035	-0.0	0.0	0.0	0.0
MCT.f.0541	0.191320523894	0.272777702955	0.0764634941352	0.151826949242	0.263255752002	0.0201145317468	0.031361401145	-0.00327209826205	-0.0	0.0	0.0	0.0
MCT.f.0543	-0.0561389972617	0.514742918705	-0.172476199402	-0.0163407982174	0.0826832203804	0.0141462342855	-0.0063517440871	-0.000980857179742	-0.0	0.0	0.0	0.0
MCT.f.0544	-0.0510200576436	0.415296772909	-0.205845051951	-0.0961322333814	-0.250994969516	-0.0264178883818	-0.00739336452619	0.00583322631906	-0.0	0.0	0.0	0.0

Biplot	0	0

Site constraints	0	0
