Eigvals	5
0.662387093358	0.184311459823	0.0588123506315	0.0200647276916	0.0

Proportion explained	5
0.715648803633	0.199131711715	0.0635413775272	0.0216781071246	0.0

Species	0	0

Site	5	5
MCT.f.0070	-0.325500087093	0.209687858545	0.00167197677149	-0.0897486827431	-0.0
MCT.f.0071	-0.319906682075	0.108695442928	0.0159228205862	0.107606011419	-0.0
MCT.f.0072	-0.242237980118	-0.357069939776	-0.0061319654448	-0.0195328369498	-0.0
MCT.f.0074	0.416797738242	0.0311858823378	-0.17668860307	0.00573226947029	-0.0
MCT.f.0075	0.470847011044	0.00750075596555	0.165225771157	-0.00405676119647	-0.0

Biplot	0	0

Site constraints	0	0
