Eigvals	7
0.502278654413	0.286645839744	0.147669881422	0.0335449984198	0.01835230789	0.0	0.0

Proportion explained	7
0.508126333904	0.289983057011	0.149389098692	0.0339355394025	0.0185659709902	0.0	0.0

Species	0	0

Site	7	7
MCT.f.0089	-0.290919455104	0.254931290767	0.18835696646	-0.080897496956	0.00842643769508	0.0	0.0
MCT.f.0091	-0.327705762605	0.065329787032	-0.0449712962223	0.131571692716	0.0322350401719	0.0	0.0
MCT.f.0094	-0.216860027493	-0.160588414363	-0.112155204615	-0.0231345751864	-0.10220524589	0.0	0.0
MCT.f.0095	-0.0435810828959	-0.277278973867	-0.107468415979	-0.0635106952421	0.0811472583269	0.0	0.0
MCT.f.0098	0.243394118472	-0.127895162203	0.154997593844	-0.0105785472699	-0.00748009755356	0.0	0.0
MCT.f.0099	0.313061172978	-0.0619422094533	0.132252156556	0.0675767679742	-0.0124638528926	0.0	0.0
MCT.f.0417	0.322611036648	0.307443682088	-0.211011800044	-0.0210271460362	0.000340460142722	0.0	0.0

Biplot	0	0

Site constraints	0	0
