Eigvals	14
0.701365139561	0.532627930007	0.432389490181	0.40418573047	0.34064392219	0.305711220596	0.275891513319	0.207236925595	0.20656456136	0.17854387628	0.134577561826	0.124265892544	0.0868603645518	0.0

Proportion explained	14
0.17842517997	0.135498941861	0.109998584548	0.102823632987	0.0866587882603	0.0777720141433	0.0701859703876	0.0527204499624	0.0525494025254	0.0454210246002	0.0342361265685	0.0316128689474	0.0220970152396	0.0

Species	0	0

Site	14	14
sample1	-0.19895226098	0.314309734291	-0.227944657508	0.206353568332	-0.123630169465	0.182596574017	-0.0446289806018	0.164719586879	0.0380882483542	0.0196593987518	0.0187828189419	-0.134765313228	0.0310542695753	-0.0
sample2	-0.228712587568	0.201672080585	0.0332284760297	0.0933773169053	-0.244880544849	-0.131112733833	0.00828048520294	-0.0321904940868	0.00280955073516	-0.0749583841043	0.0336682399593	0.212957024071	-0.0982371338347	-0.0
sample3	-0.12310878781	0.0521923016796	0.172966041374	-0.0660141839134	-0.0578321868363	-0.35827336194	-0.0398458823991	0.0385509989618	-0.0243662379112	0.170169350753	0.0498768357295	-0.0752601987072	0.11419469519	-0.0
sample4	-0.0595806612668	0.111523588297	0.346566867756	0.0113103797058	0.0967423960326	0.0352827109442	0.144461707996	0.00579963010021	-0.0851469849883	-0.00455827156282	-0.111150690388	-0.129367603596	-0.148246861989	-0.0
sample5	-0.105897795154	0.018407273736	0.29272524667	0.106172146507	0.16688683047	0.139270052781	-0.231168837691	-0.0564926362952	0.0106611772943	-0.158414028671	0.00249634615469	0.0512258518931	0.121271102964	-0.0
sample8	-0.216486347287	-0.102487222782	-0.167106608345	-0.0926065551269	-0.0680894718317	0.0572624431825	0.205962133181	-0.118277408248	-0.12704365698	-0.020679078921	-0.188798204291	0.0317855227445	0.116817220948	-0.0
sample9	-0.217860159854	-0.258730213057	-0.0285964529499	-0.115366615661	-0.0749562337055	0.0491815568677	0.0829367726029	-0.171568967284	0.147215251721	-0.0832720863935	0.18194640864	-0.115174596345	-0.0329872338575	-0.0
sample11	-0.187842075214	-0.175891349854	-0.0382273727548	-0.0204352485965	0.146742769315	0.140315000238	-0.105977342652	0.00612176785194	0.119824785584	0.28062777894	-0.0452832464742	0.100143397939	-0.059480840721	-0.0
sample12	-0.0759397314127	-0.30482410431	-0.189751048726	0.0183727957684	0.136643122939	-0.102472811914	-0.106975720978	0.172320342182	-0.238309275169	-0.0950949892596	0.0529220209717	-0.00230300749277	-0.0599883683229	-0.0
sample13	0.404898196883	-0.178426680996	-0.0317670713295	0.459226967742	-0.0397315374498	-0.0627389013352	0.059435359734	-0.115982002701	0.0148295348575	0.0465058925048	-0.0103996954888	-0.0126281836502	0.00635647408656	-0.0
sample14	0.354289945476	0.0635544144403	-0.0512391012901	-0.248080801425	-0.222652095563	0.0678430827719	-0.271167003319	-0.114987588877	-0.0843381367634	0.0219553119163	-0.0499893018627	-0.0478625600634	-0.0402301469243	-0.0
sample15	0.232275391172	-0.178023410641	0.0735401048106	-0.129580728764	-0.10354834564	-0.0256503125225	0.0705824463535	0.250638007761	0.226321922128	-0.103281675177	-0.092449395506	0.0284986507971	0.0218997137622	-0.0
sample16	0.286717085902	0.136405899854	0.0680527757426	-0.126479594332	0.0579297908488	0.178974800983	0.208655491152	0.0608270991951	-0.121994617561	0.071365247963	0.181527809764	0.090284454524	0.0464344627277	-0.0
sample17	0.136199787114	0.300317688757	-0.25244719948	-0.096249447141	0.330375675733	-0.17047810024	0.0194493714189	-0.089478335439	0.121448438698	-0.0700244667398	-0.0231499461504	0.00246656111285	-0.0188573536051	-0.0

Biplot	0	0

Site constraints	0	0
