Eigvals	6
0.537593047596	0.397333962012	0.337925032618	0.266040146104	0.231094044162	0.0

Proportion explained	6
0.303727248115	0.224484210509	0.190919582545	0.150306336411	0.13056262242	0.0

Species	0	0

Site	6	6
sample1	-0.334902441477	0.216754112627	-0.126786440032	9.13093756452e-05	-0.325647202117	-0.0
sample3	-0.263054830016	-0.0678199146027	-0.218495962656	0.254948877835	0.2665492253	-0.0
sample4	-0.0651091025859	0.214067914784	0.472603246043	0.0245367372123	0.104103542724	-0.0
sample5	-0.0634893698479	-0.126315786305	-0.0862822046848	-0.431853986678	0.120309424202	-0.0
sample6	0.158309778282	-0.476086868485	0.125201670225	0.110395926898	-0.16932648106	-0.0
sample7	0.568245965644	0.239400541982	-0.166240308896	0.0418811353579	0.00401149095103	-0.0

Biplot	0	0

Site constraints	0	0
